terrain/dems/sparse/franconia.1.grd
ncols 238
nrows 342
xllcorner -71
yllcorner 44
cellsize 30.000
NODATA_value -9999
[rows 261 to 289 of 342, columns 64 to 127 of 238]
1192.000 1192.000 1190.000 1189.000 1188.000 1186.000 1185.000 1184.000 1186.000 1186.000 1187.000 -9999.000 1184.000 1183.000 1182.000 1181.000 1178.000 1176.000 1173.000 1172.000 1171.000 -9999.000 1169.000 1167.000 -9999.000 1162.000 1156.000 1150.000 1146.000 1144.000 1145.000 1145.000 1143.000 1145.000 1147.000 1148.000 -9999.000 1151.000 1153.000 1158.000 1166.000 1175.000 1186.000 1200.000 1212.000 1219.000 1227.000 1237.000 1245.000 1245.000 1242.000 -9999.000 1219.000 1207.000 1194.000 1185.000 1181.000 1176.000 1171.000 1163.000 1151.000 1142.000 1133.000 1124.000
1199.000 1198.000 1196.000 1195.000 1194.000 1192.000 1188.000 1188.000 -9999.000 1189.000 1188.000 1185.000 1182.000 1180.000 1177.000 -9999.000 1173.000 1170.000 1167.000 1164.000 1163.000 1161.000 -9999.000 1154.000 1153.000 1150.000 1143.000 1135.000 1129.000 1125.000 1124.000 1125.000 1126.000 1128.000 1130.000 1129.000 1127.000 1126.000 1131.000 1141.000 1152.000 1158.000 1168.000 1181.000 1198.000 1209.000 1217.000 1226.000 1230.000 1229.000 1223.000 1214.000 1205.000 1193.000 1181.000 1171.000 1162.000 1158.000 1154.000 1148.000 1141.000 1133.000 1125.000 1115.000
1206.000 1203.000 -9999.000 1201.000 1201.000 1199.000 1198.000 1195.000 1193.000 1192.000 1190.000 1187.000 1183.000 1178.000 1173.000 1167.000 1163.000 -9999.000 1156.000 1153.000 -9999.000 1147.000 1143.000 1141.000 1137.000 1132.000 1126.000 -9999.000 1113.000 1110.000 1109.000 1110.000 1113.000 1115.000 1114.000 1111.000 1109.000 1108.000 1110.000 1117.000 1134.000 -9999.000 -9999.000 1165.000 1183.000 1196.000 1205.000 1213.000 1217.000 1216.000 1209.000 1200.000 -9999.000 1170.000 1163.000 1156.000 1149.000 1141.000 -9999.000 1129.000 1119.000 1111.000 1106.000 1101.000
1213.000 1212.000 1210.000 1209.000 1207.000 -9999.000 1203.000 1200.000 1197.000 1194.000 -9999.000 1188.000 1184.000 1178.000 1170.000 1163.000 -9999.000 1150.000 1144.000 1139.000 1135.000 1132.000 1130.000 -9999.000 1117.000 1110.000 1104.000 1101.000 1097.000 1092.000 1093.000 1099.000 1103.000 1105.000 1102.000 1098.000 1096.000 1094.000 1095.000 1100.000 1106.000 1129.000 1138.000 1151.000 1165.000 1180.000 1190.000 1200.000 1204.000 1203.000 1197.000 -9999.000 1168.000 1152.000 1144.000 1139.000 1132.000 1122.000 -9999.000 1100.000 -9999.000 -9999.000 1085.000 1079.000
1220.000 -9999.000 1218.000 1217.000 1214.000 1210.000 1208.000 1204.000 1200.000 1196.000 1192.000 -9999.000 1184.000 1175.000 -9999.000 1157.000 -9999.000 1142.000 1135.000 1128.000 1123.000 -9999.000 -9999.000 1105.000 1098.000 1091.000 1086.000 1081.000 1077.000 1075.000 1078.000 1085.000 1092.000 1091.000 1088.000 1086.000 1083.000 1082.000 1087.000 1090.000 1097.000 -9999.000 -9999.000 1140.000 1154.000 1169.000 1181.000 1186.000 1191.000 -9999.000 1185.000 1177.000 1162.000 1150.000 -9999.000 1125.000 1115.000 1104.000 1093.000 1085.000 1079.000 1072.000 1066.000 1060.000
1226.000 1224.000 1223.000 1221.000 1220.000 1215.000 1211.000 1208.000 1204.000 1197.000 1192.000 1186.000 1178.000 1169.000 1158.000 -9999.000 1139.000 1132.000 1126.000 1119.000 1110.000 1101.000 -9999.000 1085.000 1079.000 1073.000 1066.000 1061.000 1057.000 1056.000 -9999.000 1070.000 1077.000 1078.000 1075.000 1071.000 1066.000 1068.000 1074.000 1086.000 1090.000 1101.000 1117.000 1129.000 1139.000 -9999.000 1172.000 1178.000 1178.000 1174.000 1170.000 1165.000 1159.000 -9999.000 1126.000 1112.000 1098.000 -9999.000 1086.000 1078.000 1070.000 -9999.000 1052.000 1047.000
1235.000 1231.000 1227.000 -9999.000 -9999.000 1219.000 1214.000 -9999.000 1204.000 1197.000 1189.000 1181.000 1172.000 1162.000 1152.000 -9999.000 1135.000 1126.000 -9999.000 1104.000 1093.000 1083.000 1077.000 1072.000 1067.000 1057.000 1047.000 1042.000 1040.000 1040.000 1046.000 1054.000 -9999.000 1063.000 1059.000 -9999.000 1049.000 1047.000 -9999.000 1066.000 1078.000 1092.000 1104.000 1116.000 1123.000 1138.000 1161.000 -9999.000 1168.000 1163.000 -9999.000 1152.000 1145.000 1132.000 1116.000 1101.000 1093.000 1083.000 1076.000 1067.000 1055.000 -9999.000 1037.000 1028.000
1243.000 1241.000 1235.000 1231.000 1228.000 1224.000 1216.000 1209.000 1201.000 1194.000 1185.000 1173.000 1161.000 1154.000 1147.000 1137.000 1128.000 1119.000 -9999.000 1094.000 1081.000 -9999.000 1064.000 1060.000 -9999.000 1044.000 1035.000 1028.000 1025.000 1026.000 1029.000 1033.000 1039.000 1043.000 1042.000 1038.000 1033.000 1032.000 1037.000 1049.000 1065.000 1079.000 1092.000 1102.000 1114.000 1120.000 1132.000 1149.000 1150.000 1148.000 1145.000 1142.000 1135.000 1121.000 1109.000 1098.000 1088.000 1077.000 -9999.000 1048.000 1037.000 1030.000 1021.000 -9999.000
1251.000 1247.000 1241.000 1235.000 1230.000 1224.000 1216.000 1205.000 1192.000 1181.000 1171.000 1160.000 1147.000 1137.000 1130.000 1124.000 1118.000 1107.000 -9999.000 1081.000 1070.000 1060.000 1053.000 1045.000 1039.000 1032.000 -9999.000 1015.000 1011.000 1010.000 1012.000 1016.000 1021.000 1023.000 1023.000 1021.000 1021.000 1024.000 1029.000 1037.000 1049.000 1063.000 1076.000 1085.000 1096.000 1104.000 1113.000 1130.000 1136.000 1136.000 1136.000 1131.000 1124.000 1113.000 1101.000 1086.000 1072.000 1061.000 1050.000 -9999.000 1028.000 -9999.000 1008.000 999.000
1258.000 -9999.000 -9999.000 -9999.000 1230.000 1222.000 1212.000 1199.000 1186.000 1174.000 1161.000 1147.000 1135.000 1125.000 1115.000 1108.000 1101.000 -9999.000 1082.000 1069.000 1058.000 1047.000 1039.000 1028.000 1016.000 1009.000 1003.000 998.000 998.000 997.000 -9999.000 1000.000 -9999.000 1004.000 1004.000 1004.000 -9999.000 1014.000 1020.000 1024.000 1034.000 -9999.000 -9999.000 1070.000 1078.000 -9999.000 1096.000 1111.000 1124.000 1127.000 1123.000 1119.000 1112.000 1100.000 1087.000 1073.000 1061.000 1051.000 1041.000 1031.000 -9999.000 1007.000 -9999.000 988.000
1265.000 1258.000 1248.000 1241.000 1231.000 1220.000 1210.000 1195.000 1180.000 1166.000 1151.000 1136.000 1123.000 1111.000 1103.000 1092.000 -9999.000 1077.000 1070.000 -9999.000 1047.000 1035.000 1024.000 1015.000 1005.000 993.000 987.000 984.000 984.000 -9999.000 986.000 -9999.000 985.000 985.000 987.000 988.000 -9999.000 999.000 1007.000 1014.000 1021.000 1032.000 1043.000 1052.000 1060.000 1068.000 1078.000 1095.000 1107.000 1114.000 1112.000 1109.000 -9999.000 1095.000 -9999.000 1064.000 1056.000 1047.000 1034.000 1022.000 1009.000 997.000 985.000 976.000
1270.000 1263.000 1254.000 1242.000 1233.000 -9999.000 1210.000 1191.000 1172.000 1156.000 1141.000 1125.000 1112.000 1101.000 1090.000 1080.000 1070.000 1062.000 1056.000 1046.000 1033.000 1023.000 -9999.000 1005.000 995.000 985.000 977.000 973.000 972.000 971.000 971.000 970.000 969.000 969.000 969.000 972.000 975.000 983.000 995.000 1004.000 1012.000 1021.000 -9999.000 1037.000 1044.000 1052.000 1065.000 1080.000 1094.000 -9999.000 1101.000 1102.000 1097.000 1086.000 -9999.000 1062.000 1053.000 1044.000 1030.000 -9999.000 996.000 -9999.000 977.000 965.000
1276.000 1269.000 1259.000 1246.000 -9999.000 1222.000 1207.000 1187.000 1170.000 1156.000 1140.000 1125.000 1108.000 1093.000 1079.000 1066.000 1058.000 1051.000 1040.000 1029.000 1021.000 1012.000 -9999.000 993.000 984.000 977.000 970.000 964.000 960.000 958.000 957.000 957.000 958.000 958.000 959.000 962.000 966.000 -9999.000 983.000 993.000 1000.000 1011.000 1020.000 1028.000 1033.000 1039.000 1049.000 1064.000 -9999.000 1084.000 1089.000 -9999.000 1089.000 1079.000 1069.000 1058.000 1048.000 1037.000 1024.000 1008.000 994.000 982.000 971.000 -9999.000
1278.000 -9999.000 1264.000 1252.000 1236.000 1220.000 1202.000 1184.000 1169.000 1157.000 1144.000 1129.000 1110.000 1092.000 1074.000 1056.000 1046.000 1038.000 1029.000 1019.000 -9999.000 1001.000 993.000 982.000 973.000 -9999.000 961.000 956.000 952.000 948.000 945.000 -9999.000 944.000 947.000 949.000 954.000 958.000 -9999.000 972.000 981.000 987.000 992.000 1004.000 1012.000 1020.000 1027.000 1034.000 1049.000 1063.000 1070.000 1074.000 -9999.000 -9999.000 1066.000 1056.000 1047.000 1038.000 -9999.000 1016.000 1004.000 991.000 979.000 968.000 955.000
1282.000 1275.000 1262.000 1247.000 1233.000 1218.000 1201.000 1184.000 -9999.000 1156.000 1141.000 1127.000 1113.000 1096.000 1076.000 1056.000 1042.000 1031.000 -9999.000 1011.000 1002.000 991.000 981.000 972.000 963.000 956.000 950.000 944.000 939.000 936.000 933.000 930.000 931.000 934.000 938.000 941.000 945.000 949.000 959.000 967.000 974.000 978.000 984.000 994.000 1004.000 1012.000 1019.000 1031.000 1047.000 1055.000 -9999.000 1064.000 1063.000 1060.000 1052.000 1044.000 1035.000 1025.000 1014.000 1002.000 -9999.000 978.000 967.000 951.000
1286.000 1272.000 1258.000 1246.000 1234.000 1219.000 1201.000 1186.000 1171.000 -9999.000 1142.000 1129.000 1114.000 1096.000 1076.000 1057.000 1039.000 1026.000 1016.000 1005.000 994.000 981.000 971.000 961.000 951.000 945.000 940.000 935.000 929.000 926.000 924.000 921.000 920.000 922.000 -9999.000 -9999.000 935.000 941.000 -9999.000 957.000 961.000 966.000 973.000 983.000 991.000 -9999.000 1003.000 1012.000 1028.000 1040.000 1044.000 1050.000 1053.000 1052.000 1047.000 1038.000 1029.000 -9999.000 1011.000 1001.000 -9999.000 977.000 963.000 949.000
1289.000 1276.000 1259.000 1244.000 1231.000 1216.000 -9999.000 1185.000 1169.000 1151.000 1137.000 1123.000 -9999.000 1091.000 1072.000 -9999.000 1036.000 1025.000 1011.000 997.000 983.000 -9999.000 965.000 956.000 945.000 938.000 -9999.000 929.000 -9999.000 -9999.000 915.000 912.000 910.000 912.000 917.000 922.000 926.000 932.000 940.000 946.000 952.000 959.000 966.000 972.000 979.000 984.000 991.000 -9999.000 -9999.000 1026.000 1033.000 -9999.000 1040.000 -9999.000 1035.000 1029.000 -9999.000 1017.000 1010.000 1002.000 991.000 980.000 968.000 957.000
1288.000 1274.000 1256.000 1238.000 1224.000 1209.000 1195.000 1181.000 1164.000 1148.000 1132.000 1116.000 1101.000 1084.000 1066.000 1049.000 1033.000 1016.000 1000.000 984.000 972.000 964.000 960.000 953.000 943.000 933.000 927.000 924.000 919.000 913.000 907.000 902.000 902.000 899.000 903.000 908.000 914.000 922.000 -9999.000 934.000 942.000 951.000 957.000 963.000 968.000 975.000 -9999.000 994.000 1005.000 1015.000 1021.000 1024.000 1026.000 1027.000 1023.000 1018.000 1014.000 1010.000 1006.000 999.000 -9999.000 982.000 972.000 -9999.000
-9999.000 1270.000 1249.000 1231.000 1214.000 1200.000 1189.000 1174.000 1159.000 1141.000 1126.000 1110.000 1089.000 1074.000 1061.000 1044.000 1028.000 -9999.000 996.000 981.000 968.000 -9999.000 952.000 947.000 937.000 927.000 921.000 915.000 910.000 906.000 901.000 897.000 894.000 -9999.000 893.000 897.000 904.000 910.000 916.000 922.000 927.000 936.000 943.000 950.000 957.000 962.000 974.000 986.000 996.000 1003.000 1009.000 1010.000 -9999.000 1011.000 1011.000 -9999.000 1001.000 999.000 997.000 992.000 -9999.000 981.000 976.000 966.000
1280.000 -9999.000 1254.000 1227.000 1204.000 1196.000 1187.000 1173.000 1155.000 1140.000 1122.000 1102.000 1084.000 1067.000 1056.000 1041.000 1020.000 1005.000 -9999.000 983.000 -9999.000 959.000 948.000 940.000 932.000 925.000 917.000 910.000 903.000 898.000 893.000 -9999.000 886.000 884.000 -9999.000 889.000 895.000 901.000 905.000 911.000 917.000 924.000 931.000 939.000 944.000 949.000 -9999.000 972.000 982.000 990.000 993.000 996.000 995.000 994.000 -9999.000 991.000 988.000 985.000 984.000 982.000 978.000 975.000 969.000 963.000
1282.000 1268.000 1248.000 1228.000 1210.000 1195.000 1187.000 1175.000 1158.000 1137.000 1115.000 1100.000 1085.000 1067.000 -9999.000 1033.000 1015.000 1001.000 -9999.000 978.000 969.000 -9999.000 946.000 938.000 930.000 922.000 914.000 908.000 -9999.000 892.000 884.000 -9999.000 873.000 873.000 -9999.000 881.000 885.000 892.000 897.000 901.000 907.000 913.000 920.000 928.000 -9999.000 939.000 947.000 954.000 965.000 975.000 980.000 981.000 980.000 978.000 976.000 974.000 971.000 970.000 -9999.000 969.000 966.000 962.000 -9999.000 954.000
1273.000 1254.000 1238.000 1221.000 1207.000 1193.000 1181.000 -9999.000 1148.000 1128.000 1112.000 -9999.000 -9999.000 1061.000 1040.000 1020.000 1006.000 997.000 989.000 976.000 964.000 955.000 946.000 935.000 925.000 916.000 910.000 904.000 -9999.000 -9999.000 877.000 871.000 -9999.000 862.000 -9999.000 869.000 873.000 878.000 886.000 891.000 897.000 904.000 909.000 915.000 921.000 928.000 935.000 941.000 949.000 957.000 964.000 966.000 963.000 958.000 -9999.000 956.000 955.000 954.000 952.000 949.000 947.000 -9999.000 943.000 941.000
1264.000 1246.000 1228.000 1212.000 1198.000 1188.000 -9999.000 1158.000 1141.000 1124.000 1108.000 1092.000 1075.000 1058.000 1036.000 1014.000 1001.000 995.000 986.000 976.000 964.000 953.000 941.000 930.000 922.000 914.000 905.000 896.000 886.000 879.000 873.000 866.000 861.000 859.000 856.000 857.000 861.000 866.000 873.000 881.000 886.000 894.000 902.000 907.000 911.000 916.000 920.000 926.000 932.000 941.000 946.000 946.000 943.000 938.000 936.000 936.000 934.000 934.000 931.000 927.000 925.000 925.000 -9999.000 926.000
1250.000 1237.000 1222.000 1208.000 1195.000 1182.000 -9999.000 1152.000 1137.000 1123.000 1109.000 1094.000 1078.000 1059.000 1042.000 1023.000 1006.000 992.000 983.000 972.000 961.000 947.000 933.000 922.000 914.000 903.000 893.000 887.000 881.000 875.000 868.000 864.000 859.000 851.000 847.000 847.000 849.000 855.000 862.000 870.000 877.000 885.000 894.000 900.000 -9999.000 904.000 908.000 -9999.000 921.000 927.000 931.000 927.000 923.000 920.000 919.000 916.000 914.000 914.000 913.000 911.000 910.000 908.000 910.000 911.000
1241.000 1225.000 1213.000 1203.000 1190.000 1176.000 1159.000 1142.000 1127.000 1115.000 1102.000 1085.000 1069.000 1057.000 1048.000 1028.000 1005.000 987.000 975.000 965.000 953.000 939.000 928.000 918.000 905.000 -9999.000 885.000 878.000 874.000 870.000 863.000 858.000 853.000 846.000 840.000 -9999.000 844.000 848.000 855.000 862.000 868.000 875.000 883.000 892.000 896.000 898.000 901.000 904.000 910.000 915.000 -9999.000 -9999.000 911.000 -9999.000 901.000 896.000 895.000 898.000 897.000 894.000 892.000 -9999.000 894.000 -9999.000
1230.000 1217.000 1204.000 -9999.000 1185.000 1173.000 1149.000 1130.000 1120.000 1109.000 1092.000 1076.000 1063.000 1051.000 1036.000 1022.000 1003.000 983.000 968.000 -9999.000 944.000 935.000 927.000 918.000 907.000 -9999.000 883.000 876.000 871.000 865.000 857.000 852.000 849.000 844.000 840.000 838.000 837.000 840.000 846.000 854.000 859.000 863.000 869.000 876.000 884.000 -9999.000 891.000 892.000 895.000 900.000 -9999.000 902.000 898.000 891.000 884.000 880.000 880.000 882.000 881.000 879.000 876.000 876.000 877.000 876.000
1220.000 1208.000 1196.000 1185.000 1171.000 1153.000 1136.000 1122.000 1109.000 1096.000 1082.000 1069.000 1055.000 1038.000 1024.000 1011.000 992.000 976.000 965.000 953.000 940.000 930.000 923.000 915.000 905.000 -9999.000 885.000 875.000 865.000 859.000 853.000 848.000 844.000 840.000 838.000 836.000 834.000 834.000 838.000 843.000 848.000 854.000 858.000 864.000 868.000 -9999.000 -9999.000 878.000 880.000 884.000 885.000 884.000 878.000 -9999.000 -9999.000 863.000 863.000 865.000 864.000 863.000 864.000 864.000 863.000 862.000
1211.000 1201.000 1187.000 1169.000 1153.000 1140.000 1125.000 -9999.000 1101.000 1084.000 1072.000 1062.000 1049.000 1029.000 1011.000 996.000 985.000 973.000 958.000 947.000 938.000 929.000 918.000 907.000 899.000 892.000 882.000 869.000 859.000 852.000 846.000 841.000 838.000 835.000 832.000 832.000 831.000 831.000 832.000 834.000 838.000 844.000 850.000 854.000 -9999.000 858.000 859.000 861.000 -9999.000 865.000 864.000 862.000 858.000 851.000 848.000 845.000 848.000 851.000 850.000 852.000 851.000 851.000 851.000 849.000
-9999.000 -9999.000 1177.000 -9999.000 1146.000 1131.000 1115.000 1104.000 1094.000 -9999.000 1063.000 1049.000 1032.000 1015.000 999.000 990.000 -9999.000 964.000 951.000 941.000 932.000 922.000 911.000 901.000 -9999.000 884.000 875.000 866.000 -9999.000 849.000 844.000 839.000 835.000 831.000 -9999.000 827.000 826.000 826.000 827.000 827.000 829.000 835.000 841.000 842.000 843.000 844.000 844.000 843.000 844.000 844.000 843.000 841.000 837.000 835.000 832.000 831.000 834.000 838.000 838.000 838.000 839.000 837.000 836.000 834.000
