terrain/dems/whites/franconia.grd
ncols        238
nrows        342
xllcorner    -71.676805555556
yllcorner    44.091250000000
cellsize 30
[rows 80 to 119 of 342, columns 0 to 88 of 238]
889 892 893 893 894 896 899 900 904 911 918 926 932 937 940 944 951 957 964 970 974 977 979 982 985 987 987 987 987 988 991 994 996 998 1001 1005 1009 1011 1012 1013 1014 1015 1016 1017 1019 1020 1021 1022 1024 1025 1027 1031 1035 1040 1047 1053 1058 1065 1074 1083 1089 1093 1098 1102 1105 1108 1110 1114 1121 1130 1141 1155 1167 1179 1201 1216 1230 1238 1243 1242 1241 1242 1243 1246 1249 1251 1254 1257 1260
888 890 891 891 893 896 899 902 904 909 915 920 930 936 940 944 948 954 958 963 968 972 975 978 980 981 980 982 984 987 990 992 994 996 998 1002 1006 1009 1011 1012 1013 1014 1016 1017 1019 1020 1020 1022 1023 1026 1028 1030 1033 1038 1044 1051 1058 1067 1076 1084 1088 1093 1097 1102 1104 1107 1110 1114 1123 1137 1150 1164 1173 1183 1199 1215 1235 1245 1247 1249 1248 1249 1251 1252 1253 1254 1257 1259 1263
889 890 890 891 894 898 902 904 906 910 914 918 923 932 936 940 945 949 954 956 962 966 972 976 976 978 979 980 982 986 989 991 994 996 998 1001 1005 1007 1009 1012 1013 1014 1015 1017 1018 1019 1020 1021 1024 1026 1027 1028 1032 1037 1043 1052 1059 1067 1077 1083 1087 1091 1096 1099 1101 1104 1108 1115 1127 1144 1157 1167 1175 1186 1199 1218 1233 1244 1249 1252 1252 1252 1252 1254 1255 1256 1258 1261 1265
892 893 895 896 900 905 908 911 913 915 918 920 924 930 933 936 940 945 949 953 957 963 968 972 974 976 979 981 983 986 990 993 994 996 999 1003 1004 1007 1009 1011 1013 1015 1017 1018 1018 1019 1021 1023 1025 1027 1027 1030 1035 1040 1046 1053 1059 1065 1073 1079 1083 1088 1093 1098 1100 1103 1109 1117 1133 1150 1161 1168 1174 1183 1197 1215 1229 1243 1249 1251 1253 1253 1253 1254 1256 1258 1259 1262 1266
899 901 902 904 907 911 914 918 919 920 921 923 928 932 936 938 941 944 947 951 957 963 968 971 973 976 978 981 984 987 991 994 996 997 999 1002 1003 1005 1008 1010 1012 1014 1017 1018 1020 1020 1022 1024 1027 1028 1028 1030 1035 1041 1045 1051 1057 1064 1070 1075 1080 1086 1091 1096 1099 1103 1110 1119 1135 1152 1163 1170 1174 1182 1192 1207 1223 1240 1245 1249 1252 1253 1253 1255 1257 1260 1262 1264 1269
908 912 913 914 916 919 922 925 926 923 924 927 931 935 938 940 941 945 949 954 959 964 968 971 972 974 977 980 983 986 990 994 998 998 999 1000 1002 1004 1006 1009 1010 1012 1015 1019 1021 1021 1022 1025 1027 1028 1027 1029 1036 1042 1046 1050 1055 1063 1071 1077 1082 1088 1093 1097 1099 1101 1109 1121 1136 1150 1163 1172 1177 1181 1191 1201 1217 1232 1241 1246 1250 1252 1254 1256 1259 1262 1264 1267 1270
918 922 925 927 928 929 930 933 934 933 931 932 934 938 939 941 943 946 952 958 962 966 970 972 973 974 977 981 985 987 990 994 997 998 999 1000 1002 1004 1006 1008 1009 1010 1014 1018 1022 1022 1022 1024 1027 1029 1029 1032 1037 1043 1048 1051 1055 1062 1073 1079 1084 1089 1094 1098 1100 1102 1110 1122 1137 1151 1164 1173 1178 1184 1191 1200 1212 1224 1231 1239 1246 1250 1256 1261 1261 1263 1266 1268 1271
928 933 937 939 940 940 940 942 944 944 942 941 943 943 943 944 944 948 954 960 965 969 972 973 974 976 980 983 987 990 991 993 996 997 1000 1002 1003 1005 1006 1006 1006 1007 1011 1016 1019 1021 1022 1024 1026 1029 1030 1032 1036 1041 1045 1050 1055 1062 1070 1077 1082 1087 1092 1097 1101 1104 1111 1122 1138 1152 1163 1170 1176 1182 1188 1196 1205 1215 1222 1230 1239 1249 1257 1261 1263 1265 1268 1271 1273
940 944 947 949 949 951 952 952 953 953 953 952 951 950 950 949 951 952 956 961 966 970 973 976 978 980 984 987 989 990 992 994 995 997 999 1002 1004 1004 1005 1005 1005 1007 1011 1015 1018 1020 1023 1024 1025 1027 1029 1031 1034 1039 1044 1051 1057 1063 1069 1075 1081 1087 1091 1095 1099 1104 1111 1123 1136 1151 1161 1167 1173 1179 1185 1192 1200 1208 1216 1225 1236 1247 1254 1259 1263 1268 1273 1276 1278
952 954 956 959 960 963 962 960 958 959 958 958 957 956 956 957 957 957 959 963 968 972 975 977 979 982 985 988 990 992 994 995 995 996 998 1001 1003 1004 1004 1005 1006 1009 1012 1015 1018 1021 1023 1024 1024 1025 1027 1030 1035 1041 1046 1051 1057 1064 1072 1075 1081 1087 1091 1094 1098 1102 1109 1121 1136 1147 1157 1165 1170 1176 1182 1190 1196 1204 1211 1221 1231 1242 1249 1254 1259 1265 1271 1275 1279
965 965 967 969 972 972 970 967 965 966 967 968 968 969 967 966 965 963 963 965 969 973 976 976 977 980 984 988 990 993 995 996 996 997 998 1000 1002 1003 1004 1005 1007 1009 1013 1015 1017 1020 1024 1025 1025 1026 1027 1030 1036 1041 1046 1051 1057 1064 1070 1076 1081 1086 1091 1095 1099 1103 1110 1122 1135 1145 1153 1159 1165 1173 1179 1185 1192 1199 1205 1213 1224 1235 1243 1248 1254 1260 1265 1271 1276
976 977 977 978 979 979 978 977 976 977 980 980 978 976 976 975 973 971 969 969 971 973 974 974 976 981 985 988 991 994 996 997 997 997 998 999 1000 1002 1005 1006 1008 1010 1013 1016 1018 1021 1025 1026 1026 1026 1027 1030 1035 1041 1045 1051 1057 1063 1069 1075 1080 1085 1089 1093 1098 1102 1111 1123 1132 1142 1150 1154 1158 1168 1174 1180 1186 1193 1200 1208 1218 1228 1237 1243 1250 1256 1261 1266 1272
985 987 988 988 988 987 988 987 988 989 991 991 989 987 984 983 980 977 974 973 973 974 974 976 979 983 987 990 992 994 996 996 997 997 998 998 999 1002 1004 1007 1009 1011 1014 1017 1021 1023 1025 1025 1025 1025 1027 1030 1034 1039 1045 1051 1058 1062 1067 1072 1077 1082 1086 1089 1092 1098 1108 1120 1131 1140 1148 1151 1156 1163 1172 1176 1181 1186 1193 1201 1209 1219 1228 1238 1246 1252 1257 1262 1269
994 996 996 997 997 998 999 1000 999 1000 1001 999 997 994 991 987 984 980 978 977 976 975 976 978 980 985 988 990 991 992 994 995 995 995 996 996 998 1000 1002 1006 1009 1012 1015 1020 1023 1024 1024 1023 1024 1026 1028 1030 1033 1037 1043 1050 1055 1061 1065 1070 1076 1080 1083 1086 1091 1098 1109 1122 1133 1140 1146 1151 1157 1163 1169 1174 1178 1182 1188 1195 1200 1208 1218 1229 1240 1248 1254 1260 1266
1007 1008 1007 1007 1009 1011 1013 1011 1008 1007 1006 1005 1003 1000 996 991 985 982 979 977 976 975 976 978 980 982 985 987 989 991 993 994 994 994 994 994 996 998 1002 1006 1009 1012 1015 1019 1022 1023 1023 1023 1024 1028 1030 1031 1033 1036 1040 1046 1053 1057 1063 1068 1074 1077 1081 1086 1093 1101 1110 1122 1134 1141 1144 1149 1154 1160 1166 1171 1174 1179 1185 1191 1196 1204 1213 1223 1233 1243 1250 1256 1262
1022 1023 1022 1019 1019 1021 1021 1018 1016 1015 1014 1012 1010 1007 1003 995 988 982 979 977 975 974 975 977 979 981 983 984 986 990 993 992 992 991 993 994 995 998 1003 1007 1011 1012 1014 1018 1021 1022 1022 1023 1027 1030 1031 1032 1033 1036 1040 1045 1050 1056 1060 1065 1070 1074 1080 1086 1092 1100 1110 1120 1129 1136 1142 1145 1151 1156 1162 1167 1172 1176 1181 1187 1195 1203 1213 1220 1229 1236 1244 1251 1257
1036 1037 1037 1034 1031 1031 1029 1027 1024 1021 1021 1018 1015 1012 1009 1003 994 986 981 976 975 974 975 976 978 980 979 981 983 987 990 990 990 990 991 992 993 997 1003 1008 1011 1012 1014 1016 1018 1020 1021 1024 1028 1030 1031 1032 1033 1036 1039 1044 1051 1055 1059 1062 1066 1073 1080 1086 1091 1098 1108 1118 1126 1132 1138 1144 1149 1153 1158 1163 1170 1174 1180 1185 1191 1203 1212 1219 1225 1231 1238 1245 1253
1046 1048 1047 1044 1042 1042 1041 1038 1033 1028 1025 1022 1019 1015 1012 1005 997 988 981 977 975 975 976 977 978 978 979 979 980 983 986 988 989 990 991 991 992 995 1003 1009 1012 1013 1014 1015 1016 1018 1021 1024 1028 1030 1032 1033 1034 1036 1040 1046 1051 1054 1057 1061 1065 1071 1079 1086 1090 1096 1107 1118 1125 1131 1136 1142 1147 1150 1155 1162 1169 1174 1180 1184 1188 1198 1209 1216 1223 1228 1231 1239 1249
1056 1057 1056 1052 1049 1049 1050 1048 1044 1038 1031 1026 1021 1016 1010 1002 994 987 982 978 976 977 977 977 978 978 979 979 978 980 983 985 986 989 990 990 991 995 1001 1006 1010 1012 1013 1014 1016 1018 1021 1025 1030 1032 1035 1035 1036 1037 1042 1047 1051 1054 1058 1061 1065 1071 1077 1084 1088 1095 1105 1115 1123 1129 1135 1140 1144 1146 1153 1162 1169 1174 1180 1183 1186 1192 1201 1210 1216 1221 1227 1234 1243
1066 1067 1064 1063 1061 1058 1056 1054 1048 1041 1034 1030 1023 1015 1007 1000 993 987 982 978 977 976 977 977 977 977 977 977 977 977 979 981 983 984 987 988 991 995 999 1004 1008 1011 1013 1015 1017 1019 1022 1026 1030 1033 1035 1036 1037 1040 1044 1048 1051 1054 1058 1062 1067 1072 1078 1084 1089 1096 1105 1112 1119 1127 1133 1136 1140 1143 1149 1159 1166 1171 1176 1182 1185 1191 1197 1203 1210 1215 1221 1229 1239
1072 1072 1071 1068 1066 1064 1059 1054 1047 1040 1035 1028 1020 1012 1004 998 991 984 979 977 976 976 977 977 977 977 977 976 976 976 978 979 980 981 982 986 989 994 999 1002 1006 1008 1012 1015 1018 1021 1023 1026 1029 1031 1033 1035 1038 1040 1044 1047 1050 1055 1059 1063 1067 1072 1077 1083 1089 1097 1106 1112 1117 1122 1127 1132 1136 1139 1145 1154 1160 1165 1169 1175 1182 1188 1194 1201 1205 1210 1216 1224 1232
1079 1077 1075 1072 1067 1062 1058 1053 1046 1039 1031 1023 1015 1007 1000 994 988 981 977 975 974 976 978 978 979 979 978 978 977 976 977 978 979 979 981 984 986 991 995 999 1003 1006 1010 1014 1018 1021 1023 1025 1026 1028 1030 1033 1037 1040 1042 1045 1049 1053 1058 1061 1065 1070 1077 1082 1087 1093 1102 1108 1113 1117 1122 1127 1132 1136 1141 1147 1153 1158 1163 1168 1174 1182 1190 1195 1201 1206 1213 1221 1228
1084 1082 1077 1071 1066 1060 1055 1049 1043 1036 1027 1018 1009 1002 996 989 983 977 975 974 974 976 978 979 979 979 979 978 977 975 975 976 977 979 981 983 985 989 993 997 1000 1006 1010 1015 1018 1021 1023 1024 1025 1026 1030 1034 1038 1040 1043 1046 1049 1053 1057 1061 1065 1071 1078 1084 1087 1092 1098 1104 1108 1114 1119 1124 1129 1134 1137 1142 1147 1154 1157 1163 1169 1175 1182 1190 1195 1202 1209 1216 1224
1088 1083 1078 1072 1065 1059 1053 1046 1039 1030 1021 1011 1005 999 991 983 978 975 973 972 973 974 976 976 977 977 977 977 976 974 973 974 976 978 981 983 985 990 995 999 1002 1004 1009 1013 1016 1019 1022 1024 1026 1028 1031 1036 1039 1041 1043 1047 1050 1053 1057 1061 1065 1073 1080 1086 1089 1093 1100 1105 1110 1116 1122 1130 1136 1139 1142 1144 1149 1154 1162 1165 1171 1175 1181 1187 1194 1201 1208 1216 1222
1089 1084 1079 1074 1066 1058 1050 1041 1034 1027 1017 1008 1003 998 989 981 976 974 971 971 972 974 974 975 975 976 975 975 974 972 972 973 976 978 982 986 989 993 998 1000 1001 1004 1008 1010 1012 1015 1019 1022 1025 1028 1032 1036 1039 1040 1042 1045 1049 1052 1057 1063 1071 1076 1083 1087 1092 1098 1105 1111 1118 1124 1131 1138 1144 1151 1153 1155 1158 1165 1171 1177 1181 1185 1187 1192 1200 1208 1219 1227 1233
1092 1086 1081 1073 1065 1054 1045 1037 1030 1023 1017 1009 1001 995 987 980 975 972 971 970 972 973 974 974 975 974 973 973 972 970 970 971 975 978 982 988 992 996 998 1000 1002 1005 1007 1009 1011 1013 1017 1021 1023 1025 1028 1032 1036 1039 1042 1045 1048 1052 1058 1066 1076 1082 1086 1091 1096 1102 1108 1114 1122 1130 1135 1142 1150 1156 1161 1163 1168 1173 1179 1185 1190 1193 1195 1202 1213 1223 1232 1241 1247
1093 1086 1079 1071 1060 1051 1042 1033 1025 1019 1013 1006 999 990 982 977 973 971 970 971 972 972 973 973 973 973 973 972 971 970 969 971 973 977 983 989 994 996 998 1000 1002 1005 1006 1008 1010 1012 1015 1018 1022 1022 1024 1028 1032 1037 1042 1047 1051 1054 1059 1067 1078 1084 1090 1095 1100 1106 1110 1114 1121 1128 1136 1143 1150 1157 1162 1167 1172 1178 1184 1190 1196 1200 1204 1214 1227 1238 1248 1256 1262
1093 1085 1077 1067 1056 1046 1038 1030 1023 1016 1010 1003 995 987 980 974 971 970 969 969 970 970 970 971 971 972 972 972 972 971 970 971 973 977 983 990 994 996 998 999 1001 1003 1004 1005 1009 1013 1015 1019 1021 1022 1025 1027 1029 1032 1039 1045 1049 1054 1058 1066 1076 1084 1089 1094 1099 1105 1110 1116 1122 1129 1138 1146 1154 1159 1165 1170 1176 1182 1186 1192 1199 1206 1214 1224 1237 1248 1260 1271 1281
1090 1084 1076 1067 1056 1046 1037 1029 1022 1015 1006 999 991 984 980 975 972 970 970 969 969 968 968 968 969 969 970 970 971 970 969 970 973 978 982 988 992 995 997 998 999 1000 1001 1003 1006 1010 1013 1016 1020 1024 1027 1028 1029 1032 1037 1043 1048 1054 1059 1065 1073 1081 1088 1093 1098 1104 1112 1119 1125 1132 1139 1147 1156 1163 1169 1174 1180 1184 1189 1193 1200 1210 1220 1229 1243 1258 1271 1283 1291
1085 1080 1074 1066 1058 1047 1037 1028 1020 1013 1005 998 991 985 981 976 972 970 969 968 967 966 966 966 967 967 967 968 969 969 969 971 974 978 981 985 989 993 995 996 997 998 999 1002 1005 1008 1010 1013 1016 1021 1025 1027 1028 1031 1036 1041 1046 1052 1060 1066 1073 1082 1090 1094 1099 1104 1112 1121 1127 1132 1140 1147 1157 1164 1171 1177 1181 1184 1191 1198 1206 1214 1222 1233 1249 1264 1276 1289 1298
1082 1076 1072 1065 1056 1048 1038 1027 1020 1015 1007 998 992 987 981 976 972 971 969 966 964 963 964 966 966 966 967 966 967 968 970 972 975 978 980 984 988 991 993 994 995 996 997 997 1000 1003 1006 1008 1011 1016 1021 1024 1026 1031 1037 1043 1046 1050 1057 1065 1074 1083 1091 1097 1102 1107 1112 1120 1127 1132 1138 1145 1154 1162 1169 1176 1180 1183 1190 1201 1209 1217 1226 1238 1253 1264 1275 1287 1300
1082 1075 1069 1062 1054 1044 1036 1027 1021 1013 1005 998 992 985 981 976 974 972 970 966 962 961 960 961 962 964 966 967 967 967 969 972 976 978 980 983 988 990 991 993 994 995 996 997 999 1001 1003 1005 1008 1012 1017 1021 1024 1030 1037 1042 1046 1049 1053 1061 1072 1081 1089 1097 1104 1107 1112 1120 1125 1130 1135 1143 1151 1158 1167 1174 1178 1183 1190 1199 1207 1216 1228 1242 1255 1267 1278 1289 1300
1082 1075 1066 1056 1046 1039 1032 1025 1018 1012 1005 998 992 986 982 979 975 971 968 965 961 959 958 958 959 961 964 965 966 966 968 970 973 977 979 983 987 989 990 991 992 993 994 997 1000 1003 1004 1005 1008 1011 1015 1019 1023 1029 1035 1040 1044 1047 1051 1057 1068 1078 1086 1093 1100 1105 1111 1117 1122 1126 1131 1137 1146 1155 1163 1171 1176 1182 1191 1198 1205 1216 1229 1242 1256 1267 1279 1289 1300
1082 1072 1060 1051 1043 1037 1032 1025 1017 1012 1006 999 992 987 983 980 976 972 968 964 962 959 958 958 958 959 959 961 962 963 965 969 972 974 977 980 984 987 989 989 990 990 992 995 1000 1003 1005 1007 1011 1013 1018 1020 1022 1028 1034 1037 1041 1045 1050 1057 1065 1075 1083 1090 1095 1102 1109 1113 1117 1121 1127 1134 1142 1151 1161 1168 1174 1180 1189 1197 1206 1217 1229 1241 1253 1265 1278 1288 1298
1082 1073 1062 1051 1044 1039 1033 1028 1021 1013 1006 998 992 987 983 979 976 971 966 963 961 960 959 958 958 957 958 959 961 962 964 967 971 973 974 975 978 982 985 987 988 989 992 996 999 1002 1005 1009 1013 1016 1020 1022 1022 1026 1031 1034 1038 1042 1047 1054 1064 1071 1079 1086 1092 1098 1103 1108 1112 1117 1123 1132 1140 1147 1158 1166 1173 1179 1188 1196 1205 1215 1226 1237 1249 1261 1273 1283 1292
1082 1074 1063 1052 1044 1036 1033 1026 1020 1014 1008 1000 993 987 981 977 974 968 962 960 959 959 960 960 959 958 958 959 961 963 965 968 970 969 970 972 975 979 982 985 986 988 992 995 996 999 1005 1010 1013 1016 1019 1021 1023 1025 1028 1031 1034 1039 1044 1050 1059 1068 1076 1082 1087 1091 1097 1102 1108 1114 1122 1130 1138 1145 1155 1166 1172 1179 1188 1195 1201 1210 1222 1232 1243 1255 1266 1274 1282
1082 1073 1062 1051 1043 1037 1032 1025 1017 1014 1009 1001 993 987 981 975 970 966 962 959 959 959 961 961 960 959 959 960 961 962 965 966 967 967 967 970 974 977 979 982 985 987 990 993 994 996 1004 1010 1014 1015 1017 1018 1021 1025 1027 1030 1033 1037 1041 1045 1053 1063 1071 1078 1082 1086 1091 1098 1105 1113 1119 1127 1136 1144 1154 1163 1172 1178 1183 1191 1198 1206 1218 1227 1237 1247 1257 1264 1271
1080 1070 1061 1052 1043 1038 1032 1024 1018 1012 1005 999 992 987 980 973 967 964 962 961 961 961 962 961 960 959 959 959 960 961 963 964 965 965 967 969 972 974 976 979 983 986 989 991 993 995 1001 1008 1010 1014 1015 1017 1020 1024 1027 1030 1034 1037 1040 1043 1047 1056 1065 1073 1079 1083 1087 1095 1102 1109 1116 1123 1133 1143 1152 1161 1169 1176 1182 1188 1195 1203 1212 1222 1232 1240 1246 1253 1262
1083 1072 1062 1053 1044 1035 1029 1023 1018 1012 1002 996 991 986 980 973 966 963 962 961 961 961 960 959 957 957 957 957 959 960 961 963 964 965 967 969 970 970 972 976 980 984 988 990 992 993 996 1002 1006 1010 1013 1017 1020 1023 1026 1030 1034 1037 1040 1042 1044 1050 1060 1068 1075 1079 1085 1091 1099 1108 1116 1122 1129 1141 1150 1159 1167 1174 1180 1186 1193 1200 1209 1216 1223 1230 1236 1242 1251
1084 1074 1063 1053 1044 1035 1027 1020 1013 1007 1001 997 991 985 977 969 964 961 959 959 958 958 957 956 955 955 955 957 959 961 961 962 963 965 967 969 970 969 970 975 979 983 986 988 988 989 993 999 1004 1009 1012 1016 1020 1023 1028 1031 1033 1036 1039 1041 1042 1049 1058 1066 1073 1078 1083 1088 1097 1105 1116 1123 1132 1142 1150 1158 1166 1173 1178 1184 1190 1198 1205 1211 1216 1222 1227 1232 1240
