terrain/dems/whites/franconia.grd
ncols        238
nrows        342
xllcorner    -71.676805555556
yllcorner    44.091250000000
cellsize 30
[rows 200 to 239 of 342, columns 0 to 88 of 238]
733 725 721 718 718 718 720 722 725 728 731 734 737 739 741 744 749 754 758 761 766 770 774 778 782 787 790 794 800 807 813 818 824 830 836 839 842 845 847 849 850 850 850 851 853 852 850 848 847 846 845 844 844 847 852 857 863 870 877 882 889 895 900 907 915 921 928 935 940 947 954 962 971 982 993 1002 1011 1017 1022 1028 1034 1039 1045 1049 1053 1057 1060 1062 1064
725 721 718 716 717 718 720 722 725 727 729 731 734 735 737 740 745 750 754 757 761 766 771 775 778 782 787 791 796 803 811 816 821 827 829 833 836 840 843 843 842 842 840 841 840 841 841 839 839 840 840 840 841 847 852 857 862 869 874 876 881 887 893 900 907 911 920 927 931 937 945 955 963 974 986 997 1008 1015 1020 1027 1033 1038 1043 1049 1052 1055 1059 1063 1065
720 717 717 717 717 719 721 723 726 728 729 731 734 736 738 740 742 745 748 752 756 762 767 769 769 772 776 782 788 795 802 810 814 818 821 825 828 831 833 834 833 832 833 833 832 830 830 831 833 835 837 839 841 844 849 853 859 865 868 870 873 879 885 892 898 903 910 917 923 928 935 946 958 968 978 988 997 1006 1015 1021 1028 1034 1041 1045 1050 1054 1058 1061 1064
714 713 716 717 718 720 723 726 728 729 730 731 733 735 738 740 742 743 746 749 754 757 763 764 764 765 770 776 782 788 795 800 805 809 812 814 816 817 820 821 822 822 824 824 825 824 826 828 832 835 839 842 843 844 848 850 855 860 863 865 867 871 876 882 888 894 902 908 915 920 928 938 949 959 968 978 988 997 1004 1012 1020 1025 1031 1038 1045 1051 1055 1057 1060
712 714 717 719 721 723 726 728 729 731 733 733 734 737 739 741 744 748 754 759 760 761 763 765 766 767 770 773 778 783 787 791 794 797 801 803 804 807 809 812 813 815 817 821 823 825 827 831 836 841 843 846 848 850 851 851 853 858 861 862 863 866 870 875 880 885 892 899 906 914 921 930 939 948 958 967 976 986 993 1000 1008 1014 1020 1028 1035 1044 1048 1050 1053
713 716 718 720 722 724 727 729 731 733 733 734 735 738 741 746 751 758 766 770 772 772 771 772 773 774 776 776 777 781 782 783 786 790 792 795 798 801 806 809 813 816 821 825 828 831 835 838 842 846 847 851 854 855 857 856 857 858 860 860 861 865 868 872 875 880 886 890 897 906 914 921 929 937 946 956 965 974 982 989 995 1001 1008 1014 1022 1028 1035 1040 1043
711 714 716 718 720 723 725 727 730 731 731 731 733 737 744 753 760 765 771 776 779 781 782 782 783 785 785 786 786 788 790 791 792 797 798 801 803 807 812 817 821 825 829 833 838 840 843 846 849 850 853 856 858 859 860 861 861 862 862 861 862 863 867 869 872 877 882 885 891 899 906 912 919 927 937 948 956 964 971 977 983 990 997 1003 1008 1014 1019 1026 1030
706 709 711 714 717 720 722 723 724 726 726 729 735 742 752 761 766 770 776 782 787 790 791 791 796 799 799 801 802 804 807 809 809 812 817 820 823 824 827 831 835 839 843 847 851 853 854 856 857 858 861 863 864 863 866 866 868 869 869 868 868 870 870 873 874 877 880 882 887 893 898 905 912 922 931 939 948 955 962 967 973 980 987 992 998 1003 1009 1013 1020
704 707 710 713 715 717 719 719 720 722 726 733 741 748 756 764 770 774 780 786 792 798 801 804 809 811 813 814 816 821 823 823 826 829 832 836 838 841 844 847 851 855 859 862 865 867 868 867 868 871 872 876 876 876 876 880 879 880 880 880 880 880 880 880 879 879 882 883 886 891 895 901 909 918 926 931 938 945 952 958 965 971 977 980 985 990 996 1002 1006
702 705 708 711 713 716 718 720 721 723 730 739 744 750 759 766 772 777 783 788 796 804 809 814 821 826 827 828 829 835 838 838 842 843 847 850 854 860 863 864 866 870 876 878 877 878 877 878 881 885 888 890 891 894 897 896 897 897 897 895 894 895 894 892 890 890 889 890 889 889 892 897 905 912 917 921 926 933 941 947 951 957 962 967 972 978 983 986 991
701 703 706 709 712 717 721 723 725 728 735 742 748 754 762 770 777 783 787 792 800 810 817 822 829 837 842 842 843 848 852 853 856 858 860 865 872 877 879 882 883 887 891 894 895 894 894 895 898 900 905 906 908 908 912 914 917 917 917 916 912 910 909 907 904 901 900 897 893 892 892 897 901 907 911 915 919 924 928 933 938 943 949 954 958 964 970 973 977
701 704 706 709 713 717 720 724 727 732 739 746 752 759 765 774 782 788 793 800 810 818 826 831 838 847 852 856 858 863 868 870 877 878 882 883 888 894 899 899 900 902 906 909 911 913 915 914 916 918 920 921 923 925 927 931 934 933 934 933 931 928 924 922 919 917 913 909 905 902 901 901 903 904 906 911 915 920 921 925 929 933 938 942 946 951 955 959 964
701 703 705 709 713 716 718 722 729 734 741 749 756 762 767 776 783 790 797 804 816 825 831 838 846 853 861 866 872 876 885 893 899 903 907 911 912 919 921 921 920 921 926 929 929 931 933 933 933 935 936 937 937 940 943 946 948 950 950 950 949 947 944 942 939 936 932 926 921 918 913 910 908 908 908 910 914 916 918 920 924 928 932 934 936 939 944 946 952
699 702 702 706 712 715 717 724 731 737 742 749 756 762 768 774 782 790 797 804 813 823 832 839 848 859 868 877 884 893 898 909 916 922 930 932 937 940 944 944 945 946 948 951 950 949 950 950 951 952 953 952 956 955 961 963 965 968 968 968 968 965 962 961 956 951 947 942 937 931 928 924 920 917 918 917 919 919 918 919 923 928 932 932 932 935 938 941 946
700 702 704 707 712 716 721 727 735 740 746 751 757 762 766 772 779 789 797 802 811 823 831 839 849 860 872 884 895 903 912 920 930 938 945 948 949 956 959 961 961 965 967 965 965 965 966 967 966 967 968 970 973 974 977 979 983 985 985 985 986 983 980 977 972 967 964 960 955 948 945 942 936 933 932 932 931 929 929 929 931 937 941 941 940 938 941 942 945
701 704 706 709 715 720 725 731 737 744 749 754 758 763 767 771 779 788 795 800 809 820 830 839 849 859 870 883 894 906 915 927 937 948 954 963 966 973 977 977 978 980 981 980 979 980 983 984 982 982 982 985 988 992 994 997 1000 1002 1003 1003 1002 999 996 992 990 986 982 979 974 967 961 957 951 947 946 948 946 945 945 946 948 950 954 957 957 955 952 950 951
703 706 709 713 717 722 727 732 737 745 750 754 757 762 766 770 775 783 790 797 805 815 825 837 849 856 865 876 888 900 913 926 937 944 956 969 979 986 990 991 991 993 995 994 994 996 999 1000 1002 1000 1000 1001 1004 1006 1009 1011 1014 1017 1018 1019 1019 1017 1015 1011 1009 1006 1002 995 991 986 979 973 968 965 963 966 964 962 964 961 960 962 965 968 970 970 969 967 964
703 706 710 714 717 722 726 731 736 742 748 752 755 760 765 768 772 778 786 795 803 810 819 829 842 852 861 871 883 896 910 922 933 940 954 970 982 990 997 1001 1005 1006 1008 1007 1006 1008 1011 1013 1015 1018 1017 1018 1018 1017 1020 1025 1028 1030 1032 1032 1033 1035 1034 1031 1027 1023 1020 1016 1009 1005 998 991 986 980 980 980 982 982 982 978 977 979 980 981 984 986 986 986 982
703 707 711 715 718 722 726 730 735 740 745 749 752 755 761 766 771 777 785 794 802 808 813 821 833 845 855 865 877 891 907 917 925 937 950 966 978 987 996 1004 1009 1014 1017 1019 1018 1019 1022 1024 1026 1027 1029 1030 1031 1031 1033 1038 1043 1045 1046 1047 1048 1051 1051 1048 1043 1040 1038 1035 1029 1022 1018 1010 1004 1000 995 998 999 1001 998 1000 1001 1001 1001 1003 1007 1009 1005 1000 999
704 707 712 716 719 723 727 731 735 739 742 746 749 752 756 762 768 775 786 794 802 807 811 818 827 839 848 856 869 883 899 909 918 927 944 960 970 981 993 1003 1009 1016 1023 1027 1030 1032 1034 1037 1038 1040 1041 1046 1044 1046 1048 1053 1057 1059 1061 1060 1061 1062 1063 1063 1059 1057 1054 1048 1044 1038 1030 1025 1021 1020 1019 1020 1019 1020 1019 1019 1022 1022 1022 1025 1025 1026 1023 1017 1011
705 708 712 714 716 721 725 729 733 735 738 741 746 749 754 759 765 774 785 795 801 805 808 813 822 831 840 848 858 872 886 900 909 922 936 948 960 972 987 998 1008 1015 1022 1028 1035 1038 1043 1046 1051 1053 1060 1062 1065 1063 1064 1067 1071 1071 1071 1072 1073 1075 1076 1075 1075 1070 1067 1063 1057 1051 1045 1040 1037 1036 1038 1037 1038 1037 1037 1039 1041 1041 1043 1046 1047 1041 1035 1031 1025
705 708 709 710 712 716 720 724 728 731 733 737 742 747 751 757 762 773 783 790 797 801 806 812 818 825 832 840 850 863 876 890 901 912 925 937 947 962 975 989 1001 1008 1016 1023 1028 1034 1040 1046 1051 1059 1064 1072 1074 1075 1077 1079 1081 1083 1084 1084 1088 1088 1088 1088 1085 1086 1084 1080 1073 1068 1062 1058 1054 1053 1052 1054 1055 1055 1055 1056 1058 1058 1059 1063 1065 1061 1050 1040 1034
702 703 705 707 710 713 716 720 723 725 728 732 738 744 751 755 761 768 779 785 790 796 802 808 814 819 824 834 846 856 867 879 890 902 915 927 938 951 962 976 987 996 1005 1013 1017 1022 1029 1037 1043 1051 1059 1070 1077 1083 1086 1089 1091 1094 1096 1099 1099 1098 1099 1099 1100 1099 1100 1097 1093 1085 1081 1075 1071 1070 1071 1074 1077 1077 1079 1078 1076 1076 1077 1078 1077 1073 1063 1052 1043
698 698 700 704 706 708 710 712 715 717 721 727 734 742 749 754 757 763 770 778 785 790 794 799 805 811 816 825 839 849 857 866 878 888 905 920 930 941 951 961 970 979 988 994 999 1006 1012 1020 1031 1040 1052 1064 1075 1083 1090 1095 1101 1102 1104 1107 1108 1108 1109 1112 1114 1115 1113 1111 1108 1103 1098 1096 1091 1091 1089 1094 1096 1098 1099 1099 1096 1094 1095 1093 1090 1083 1075 1063 1051
693 693 695 698 701 702 703 705 707 712 718 724 731 739 745 748 753 756 762 769 776 780 784 788 795 802 809 816 825 836 846 855 866 878 891 907 919 929 938 945 952 962 968 974 980 990 998 1006 1017 1029 1041 1054 1067 1078 1085 1096 1104 1107 1110 1111 1113 1114 1116 1120 1125 1125 1124 1122 1119 1115 1113 1113 1113 1112 1110 1110 1113 1115 1116 1117 1115 1112 1109 1107 1101 1092 1083 1072 1059
687 688 690 693 695 696 697 699 705 711 717 724 730 736 740 742 745 750 755 759 766 771 776 780 785 793 800 804 811 822 834 843 852 864 878 891 904 915 922 930 939 946 952 957 966 974 984 996 1007 1016 1029 1041 1057 1069 1078 1089 1100 1107 1108 1111 1115 1119 1122 1127 1130 1132 1133 1132 1131 1129 1129 1129 1130 1130 1130 1131 1132 1132 1132 1131 1130 1126 1122 1118 1112 1102 1088 1076 1066
682 684 686 689 691 693 695 698 706 713 719 724 727 732 733 735 738 743 747 751 756 763 769 772 776 783 790 795 802 811 822 831 840 850 863 877 890 898 904 911 920 925 931 939 948 958 971 985 997 1009 1018 1031 1047 1060 1069 1077 1088 1096 1101 1108 1116 1123 1131 1135 1136 1138 1139 1139 1138 1140 1142 1144 1143 1145 1146 1147 1148 1148 1148 1147 1143 1137 1130 1125 1117 1106 1093 1081 1072
682 684 685 688 690 692 694 698 705 712 717 721 723 726 728 731 734 738 741 742 747 754 760 765 768 773 780 787 793 801 812 823 832 841 853 865 875 883 889 898 903 907 914 923 934 948 960 973 989 1001 1011 1022 1033 1045 1054 1063 1074 1086 1094 1104 1115 1126 1136 1139 1141 1143 1145 1143 1144 1150 1154 1155 1153 1154 1157 1158 1159 1160 1159 1157 1153 1147 1139 1130 1117 1110 1100 1089 1079
683 685 686 689 693 696 698 700 706 712 716 719 721 723 725 727 730 733 735 737 742 747 751 756 762 768 773 779 786 794 802 812 823 833 840 849 859 867 874 879 888 893 900 909 922 936 947 962 976 990 1001 1011 1018 1025 1037 1048 1061 1073 1081 1094 1105 1120 1131 1136 1138 1143 1146 1149 1153 1158 1163 1163 1162 1163 1165 1166 1166 1166 1165 1161 1157 1152 1144 1132 1121 1112 1105 1094 1082
686 688 690 696 700 703 704 705 710 716 720 721 721 723 725 726 727 729 732 735 739 743 745 750 757 764 769 774 779 784 791 800 809 821 829 835 843 852 857 861 870 880 888 899 911 924 938 950 964 976 987 996 1001 1011 1022 1034 1048 1058 1068 1075 1090 1104 1117 1124 1131 1138 1143 1149 1155 1161 1164 1168 1171 1172 1172 1172 1172 1169 1165 1161 1157 1154 1147 1135 1124 1115 1105 1096 1089
691 696 700 706 712 712 712 715 717 723 727 727 727 727 728 729 728 728 730 733 736 739 743 746 750 757 762 766 770 773 778 787 798 807 815 824 830 836 842 850 859 869 878 893 904 917 930 941 950 958 969 979 984 997 1010 1020 1034 1049 1059 1068 1077 1089 1099 1109 1117 1128 1136 1145 1153 1160 1167 1173 1175 1176 1176 1176 1175 1172 1167 1163 1159 1155 1148 1139 1127 1118 1110 1102 1098
698 703 709 714 718 720 723 726 730 732 733 735 735 735 735 734 733 733 733 733 736 739 742 742 746 750 755 757 761 765 769 777 788 795 803 812 818 824 829 838 848 859 869 883 896 905 916 926 939 947 953 963 974 985 998 1010 1022 1038 1049 1056 1065 1074 1084 1093 1102 1112 1124 1134 1146 1158 1169 1175 1178 1177 1177 1178 1177 1173 1170 1165 1161 1157 1151 1142 1131 1122 1113 1108 1108
705 712 715 719 722 724 729 733 736 738 740 742 744 746 744 742 741 741 741 740 740 743 743 744 745 748 750 752 755 759 764 770 777 784 792 801 809 814 820 827 836 846 860 871 880 891 900 911 925 936 946 955 964 974 988 1001 1013 1026 1037 1044 1049 1055 1069 1082 1091 1099 1110 1124 1137 1152 1165 1175 1178 1178 1178 1178 1176 1174 1171 1168 1164 1161 1156 1150 1139 1127 1118 1114 1117
710 715 721 724 727 730 735 739 743 746 749 751 753 755 755 753 751 751 750 747 747 748 749 748 749 749 750 752 755 757 761 765 769 776 781 790 799 807 813 820 828 836 847 858 867 876 888 899 912 926 938 948 958 966 978 990 1000 1014 1025 1032 1037 1043 1055 1071 1082 1088 1099 1113 1131 1147 1163 1175 1179 1180 1179 1178 1176 1174 1172 1171 1170 1166 1162 1156 1146 1136 1128 1125 1124
714 721 726 730 734 738 743 746 750 753 756 757 759 761 762 762 762 762 759 756 754 755 755 755 754 753 755 756 757 757 760 762 765 769 773 778 788 796 804 813 822 830 838 848 859 868 879 890 901 914 928 938 948 957 966 977 988 996 1007 1017 1025 1036 1047 1061 1073 1084 1094 1107 1127 1147 1164 1177 1181 1181 1180 1179 1177 1175 1174 1173 1171 1168 1165 1161 1154 1147 1142 1138 1136
721 727 731 735 740 744 747 751 754 757 760 763 766 768 769 770 772 773 770 766 764 762 761 761 761 760 761 763 762 762 762 763 766 768 771 774 780 788 796 806 814 823 830 840 851 862 871 879 890 903 914 926 935 945 955 965 974 983 992 1003 1017 1030 1047 1060 1071 1083 1097 1111 1126 1144 1165 1176 1180 1180 1180 1179 1178 1176 1175 1174 1172 1171 1169 1164 1162 1158 1156 1153 1150
729 733 736 738 743 748 752 755 758 761 766 769 773 775 778 781 783 783 780 777 773 770 768 767 767 767 767 768 768 767 768 771 772 773 773 775 778 784 792 801 809 816 822 829 840 853 861 870 880 891 902 911 922 930 943 955 965 974 987 1000 1014 1029 1044 1059 1071 1082 1101 1115 1128 1140 1158 1170 1177 1178 1179 1178 1178 1177 1177 1177 1175 1172 1171 1169 1168 1166 1166 1166 1164
738 739 742 744 749 752 756 759 763 766 771 777 780 783 787 791 794 794 793 790 785 782 778 777 777 778 776 775 773 774 775 777 779 778 778 782 784 787 792 798 806 812 815 820 829 841 848 856 867 875 888 900 911 919 931 946 956 969 986 1000 1011 1025 1041 1056 1066 1080 1100 1116 1125 1135 1150 1163 1172 1176 1177 1177 1178 1178 1178 1177 1176 1175 1173 1174 1174 1174 1175 1174 1176
744 745 747 750 754 758 761 765 768 772 777 783 787 791 795 800 804 807 806 803 799 796 792 792 791 790 787 785 784 782 782 783 784 787 790 792 794 794 796 799 803 806 809 814 820 828 837 845 854 868 876 888 900 909 923 936 951 965 980 996 1007 1018 1032 1046 1057 1068 1091 1108 1120 1130 1141 1155 1167 1171 1174 1176 1179 1179 1178 1178 1178 1178 1178 1178 1178 1179 1180 1180 1180
749 749 751 754 758 761 766 770 774 778 783 788 793 799 803 809 814 817 818 818 815 810 807 806 805 804 801 800 797 795 793 792 795 799 803 805 805 804 804 805 806 807 808 812 818 824 831 838 850 863 871 879 890 902 917 931 944 959 971 987 999 1008 1021 1033 1043 1056 1072 1090 1109 1121 1131 1144 1155 1165 1169 1172 1176 1178 1178 1178 1179 1181 1183 1183 1184 1185 1186 1186 1187
