terrain/dems/whites/franconia.grd
ncols        238
nrows        342
xllcorner    -71.676805555556
yllcorner    44.091250000000
cellsize 30
[rows 40 to 79 of 342, columns 0 to 88 of 238]
982 988 992 997 1002 1006 1008 1010 1010 1009 1005 998 993 990 987 984 982 978 969 963 961 958 950 942 936 931 928 924 917 912 905 899 897 897 898 899 900 902 904 906 908 910 912 914 916 918 919 921 922 923 925 929 933 937 941 945 948 951 954 958 964 969 971 973 976 978 980 985 992 1000 1005 1010 1016 1023 1030 1039 1051 1062 1071 1079 1089 1099 1106 1112 1115 1116 1115 1115 1117
983 986 990 995 1001 1005 1006 1004 1002 1000 998 993 988 984 981 979 975 970 963 956 954 952 944 936 928 921 919 916 911 905 902 898 897 898 898 899 900 901 903 905 907 909 910 913 915 917 919 921 923 924 926 929 932 935 938 942 947 950 952 958 964 969 971 973 977 980 983 989 996 1002 1009 1014 1020 1026 1032 1039 1049 1061 1072 1082 1090 1097 1103 1108 1114 1115 1113 1113 1114
982 986 990 995 1000 1001 1000 996 993 993 990 985 981 977 975 972 968 963 955 950 947 943 935 928 920 915 911 909 906 901 897 896 896 897 897 897 898 900 903 906 907 906 907 909 912 915 917 920 922 924 927 931 935 938 940 943 946 948 951 956 962 966 969 972 977 982 986 992 998 1003 1010 1015 1020 1027 1032 1040 1049 1060 1072 1081 1089 1095 1100 1105 1110 1110 1111 1111 1113
978 983 987 990 992 992 988 985 983 980 979 977 975 970 963 960 958 952 946 941 937 934 929 922 916 911 908 904 900 896 894 895 896 897 896 896 897 899 902 904 905 904 905 907 910 912 915 918 922 925 929 935 940 943 945 947 948 950 952 955 960 963 967 971 976 981 986 993 999 1003 1007 1012 1019 1025 1033 1042 1051 1060 1070 1079 1086 1093 1097 1102 1104 1106 1108 1109 1112
974 979 980 981 981 980 978 976 973 970 967 966 964 959 957 953 949 943 938 934 930 927 920 914 911 910 904 899 895 894 894 894 894 895 895 895 895 896 899 901 902 902 905 909 911 913 915 918 923 929 933 938 943 947 949 951 953 955 957 959 961 964 965 967 972 978 983 989 995 1001 1007 1014 1021 1028 1036 1045 1053 1060 1068 1078 1085 1090 1094 1097 1100 1102 1105 1108 1111
969 971 972 971 971 970 969 968 966 964 962 958 955 953 952 950 945 938 932 926 921 916 912 907 905 905 902 896 892 892 893 893 892 892 893 893 893 895 897 899 899 899 903 907 909 912 916 920 926 931 935 940 944 948 951 953 956 959 963 965 965 966 967 968 971 977 983 989 995 1001 1008 1015 1024 1031 1039 1046 1053 1061 1069 1077 1084 1088 1090 1095 1098 1101 1104 1107 1111
960 962 964 965 965 964 962 961 959 958 957 953 947 944 943 941 937 930 923 916 911 907 903 904 903 902 900 894 890 890 890 890 891 891 892 894 895 896 899 901 901 902 904 906 908 912 918 924 931 935 938 942 945 948 952 955 958 962 966 968 969 970 972 973 976 980 985 990 997 1003 1008 1015 1022 1029 1038 1047 1055 1062 1069 1075 1081 1085 1087 1091 1097 1101 1104 1108 1114
955 957 960 961 961 960 957 955 954 952 950 945 939 934 929 927 923 918 912 908 904 901 900 899 899 897 894 891 887 887 887 888 888 889 892 896 898 900 902 903 906 908 911 911 912 916 921 928 935 939 942 945 947 950 953 957 961 964 967 969 972 975 977 979 981 984 988 992 997 1001 1007 1012 1019 1027 1035 1045 1055 1063 1069 1075 1080 1085 1088 1092 1097 1100 1104 1108 1115
952 954 955 956 954 954 952 950 948 945 942 937 933 928 920 913 911 908 904 900 898 896 895 894 892 891 888 886 884 885 886 887 889 890 894 899 902 904 905 907 908 912 916 918 920 924 929 933 938 942 944 947 949 951 956 961 966 969 971 973 976 979 982 984 986 992 995 1000 1000 1003 1005 1011 1016 1023 1031 1041 1052 1061 1070 1076 1082 1086 1089 1092 1095 1099 1103 1108 1116
949 949 949 948 947 945 944 943 940 934 931 929 924 918 911 907 904 900 896 892 891 890 889 886 884 884 882 881 882 884 887 889 891 894 900 905 906 906 909 911 912 914 918 922 927 932 937 940 944 947 950 951 952 953 957 965 972 974 976 978 981 984 986 989 993 998 1004 1009 1013 1015 1019 1018 1021 1025 1032 1037 1047 1056 1065 1074 1081 1087 1089 1091 1093 1096 1101 1106 1116
944 943 943 944 941 939 938 934 927 921 917 913 908 904 901 898 895 892 889 886 884 883 882 880 878 877 876 877 881 885 889 894 897 901 904 906 907 908 911 915 917 921 925 928 933 938 943 948 952 955 956 957 958 959 962 967 974 979 982 985 987 988 991 994 999 1004 1010 1018 1026 1033 1039 1042 1042 1040 1039 1041 1046 1052 1059 1068 1079 1086 1089 1092 1094 1097 1100 1104 1112
940 940 938 936 935 932 930 924 918 911 908 903 897 892 889 887 885 885 883 881 878 876 875 874 874 874 875 877 883 887 890 896 903 906 907 908 909 911 916 921 925 930 934 940 943 947 952 955 959 960 961 961 962 964 965 969 975 982 988 991 993 994 997 1001 1004 1008 1014 1024 1036 1045 1054 1060 1061 1060 1055 1049 1048 1053 1058 1068 1077 1085 1089 1093 1095 1097 1100 1103 1108
937 936 933 929 925 922 919 915 910 903 899 895 891 886 883 880 880 879 875 872 871 871 870 871 872 874 876 881 886 890 894 899 904 908 911 913 916 919 923 929 934 939 941 946 950 953 957 960 963 964 963 963 964 965 968 970 974 980 986 991 994 998 1001 1004 1008 1013 1020 1031 1042 1052 1063 1069 1074 1074 1071 1065 1061 1061 1066 1072 1079 1083 1088 1091 1094 1097 1101 1104 1108
930 929 926 922 916 911 907 903 898 894 888 884 880 877 876 874 872 870 868 866 867 867 871 871 874 876 880 885 889 894 899 903 906 908 911 915 920 926 930 936 941 946 950 954 957 958 960 963 964 965 964 963 963 964 966 969 972 976 983 990 995 1000 1004 1008 1013 1021 1027 1036 1047 1058 1067 1073 1079 1083 1085 1085 1081 1080 1080 1081 1084 1085 1086 1089 1094 1099 1103 1107 1112
922 918 916 912 907 902 895 890 886 882 879 874 869 868 867 864 862 861 861 861 863 866 869 874 877 880 884 888 893 899 905 910 911 912 914 920 925 930 937 942 948 953 957 960 962 962 962 963 963 963 964 964 964 964 966 969 973 977 983 991 998 1004 1007 1012 1017 1023 1029 1038 1049 1060 1068 1073 1080 1087 1093 1097 1096 1095 1093 1092 1091 1091 1090 1091 1095 1100 1106 1111 1119
909 904 899 897 896 892 887 883 878 874 870 867 865 862 858 856 855 855 857 859 861 864 869 874 879 884 889 894 899 905 911 914 917 919 923 927 932 937 942 946 951 956 958 960 961 963 963 963 963 963 963 964 964 966 968 972 977 981 984 991 999 1004 1009 1014 1018 1023 1029 1038 1049 1058 1064 1070 1077 1085 1092 1097 1101 1102 1103 1101 1101 1100 1098 1097 1099 1103 1108 1115 1123
895 890 888 885 883 880 877 874 871 867 865 861 856 854 852 850 851 853 858 861 863 865 870 877 885 891 897 901 907 913 917 920 923 926 930 933 936 941 945 950 953 957 958 960 962 964 964 964 964 964 964 965 965 967 968 973 977 982 986 992 1000 1005 1011 1017 1022 1026 1031 1037 1046 1053 1058 1064 1071 1079 1086 1092 1097 1102 1105 1108 1109 1108 1107 1108 1109 1114 1116 1120 1126
882 880 879 877 873 871 868 865 861 857 855 849 846 847 850 850 851 857 862 864 867 870 875 882 890 897 904 908 915 920 922 924 927 931 935 937 940 944 949 952 955 959 962 964 966 966 966 965 965 966 966 967 968 969 971 974 979 984 988 994 1001 1007 1013 1018 1023 1028 1033 1039 1044 1050 1054 1058 1064 1070 1077 1086 1092 1100 1105 1109 1112 1115 1116 1118 1123 1124 1125 1127 1133
870 868 868 866 864 862 859 854 848 845 841 841 841 847 852 855 858 861 865 866 869 873 878 884 890 897 902 907 913 917 919 922 926 931 935 938 942 945 950 954 957 961 965 967 968 968 969 968 968 968 970 971 972 973 974 977 980 985 990 996 1004 1009 1013 1017 1023 1028 1033 1037 1042 1046 1051 1056 1061 1066 1072 1080 1088 1097 1104 1110 1118 1122 1129 1132 1136 1138 1136 1138 1143
857 855 855 854 853 851 848 845 842 838 838 839 844 850 856 861 865 867 869 871 874 878 882 885 890 896 901 905 910 914 918 920 923 929 935 939 943 946 950 954 957 960 963 965 967 968 969 971 971 972 972 973 974 975 976 978 981 985 991 998 1005 1010 1014 1018 1025 1030 1034 1037 1040 1045 1050 1057 1062 1066 1072 1081 1089 1097 1107 1114 1124 1134 1143 1148 1154 1157 1157 1158 1160
845 845 844 844 841 840 839 838 837 837 838 842 848 856 861 866 869 872 875 877 881 885 887 890 894 898 903 907 913 917 920 923 926 930 936 940 944 947 952 956 958 959 961 963 965 967 968 970 973 974 974 975 975 975 976 979 982 986 992 1000 1007 1011 1015 1021 1027 1032 1036 1038 1041 1046 1053 1058 1062 1066 1072 1081 1091 1101 1110 1119 1131 1143 1155 1164 1170 1172 1172 1174 1177
836 837 836 834 830 829 830 833 834 837 842 850 857 862 866 870 872 874 878 883 887 890 894 898 901 903 909 915 919 924 928 932 933 935 939 942 945 948 952 956 958 959 960 963 966 968 969 970 973 975 977 977 977 977 978 981 984 988 993 1000 1006 1010 1014 1020 1026 1031 1035 1039 1042 1046 1053 1059 1062 1067 1073 1081 1093 1105 1116 1125 1141 1153 1166 1176 1181 1183 1182 1183 1187
828 827 827 825 823 823 825 831 838 844 852 860 865 870 874 876 877 880 883 889 895 900 904 908 912 914 917 923 928 932 934 937 938 939 940 943 948 952 956 958 959 959 961 964 966 969 970 971 973 976 979 980 981 980 981 982 986 989 993 997 1002 1006 1011 1017 1024 1030 1036 1040 1043 1047 1052 1057 1062 1068 1076 1084 1095 1107 1119 1130 1143 1159 1174 1182 1187 1189 1190 1192 1195
819 821 822 822 824 826 830 838 845 852 860 866 870 875 880 885 889 892 896 900 905 908 912 916 920 923 925 929 933 936 938 939 941 942 944 948 953 956 960 964 964 964 964 965 968 970 971 973 975 977 979 981 982 985 985 987 990 992 994 997 1000 1004 1009 1016 1023 1029 1034 1039 1044 1050 1055 1059 1064 1070 1079 1088 1096 1105 1117 1128 1143 1162 1177 1186 1191 1194 1198 1202 1207
814 817 823 829 833 837 842 849 855 862 868 873 877 883 888 893 897 901 905 908 911 914 917 919 924 927 929 932 934 937 939 942 946 948 950 953 956 958 962 967 970 970 970 970 970 971 973 975 977 979 980 983 986 989 991 993 995 998 999 1001 1004 1007 1012 1018 1024 1029 1033 1037 1044 1050 1056 1062 1067 1075 1082 1089 1096 1106 1116 1131 1145 1162 1177 1187 1193 1198 1205 1211 1220
816 822 830 838 845 852 859 861 864 870 877 881 885 890 894 899 904 909 911 913 916 917 919 923 928 933 935 935 938 940 941 945 949 951 952 954 957 960 963 966 968 972 973 972 972 973 974 976 978 980 983 986 991 993 995 997 1001 1003 1006 1008 1012 1015 1018 1022 1026 1028 1032 1037 1043 1051 1059 1065 1071 1077 1084 1090 1100 1108 1119 1132 1145 1161 1176 1185 1192 1200 1211 1222 1231
826 832 839 847 856 863 867 869 874 879 884 888 893 896 900 905 911 914 916 917 919 921 923 927 932 936 938 942 946 947 948 950 952 953 955 957 961 965 967 969 972 974 975 973 974 975 977 978 980 982 985 989 994 998 1001 1004 1006 1009 1011 1015 1019 1022 1025 1027 1029 1030 1033 1039 1047 1055 1061 1068 1073 1079 1085 1092 1101 1111 1122 1134 1147 1159 1174 1187 1194 1202 1217 1230 1240
837 844 850 857 864 869 874 878 880 884 889 894 896 900 904 909 915 918 918 920 923 926 929 932 936 940 944 948 951 953 956 958 960 962 963 967 969 972 974 976 978 979 978 978 978 979 980 982 984 985 988 992 998 1003 1007 1008 1010 1014 1017 1022 1027 1031 1033 1035 1037 1038 1041 1046 1051 1058 1064 1069 1075 1082 1088 1094 1102 1112 1124 1138 1152 1164 1177 1189 1199 1209 1223 1236 1244
850 856 863 866 871 877 881 883 886 890 895 898 900 903 908 914 919 923 922 924 928 932 937 941 945 948 951 953 956 958 962 965 968 970 973 975 977 979 980 980 982 983 984 985 985 986 987 988 989 990 992 996 1002 1007 1010 1012 1015 1020 1025 1031 1035 1040 1042 1045 1047 1049 1051 1053 1057 1063 1067 1072 1078 1084 1090 1096 1104 1116 1128 1141 1157 1169 1181 1193 1203 1214 1225 1238 1247
861 867 873 876 880 884 888 890 893 898 903 906 907 909 914 917 922 925 928 931 935 939 944 949 953 956 958 962 966 967 969 973 974 976 978 981 983 983 984 985 986 987 988 989 989 989 990 991 992 993 996 1001 1006 1012 1016 1020 1022 1026 1031 1038 1044 1049 1052 1055 1056 1057 1058 1060 1063 1067 1071 1075 1080 1086 1091 1098 1109 1122 1135 1148 1159 1173 1187 1197 1208 1218 1230 1241 1250
872 878 883 886 890 893 894 895 898 902 906 910 913 914 917 920 923 929 937 941 944 947 950 954 959 963 966 971 976 980 981 982 982 983 984 986 987 988 989 990 992 992 991 991 992 992 993 994 995 997 1000 1003 1010 1016 1021 1025 1027 1031 1038 1045 1052 1058 1060 1063 1064 1065 1066 1069 1070 1072 1075 1079 1084 1088 1095 1103 1112 1128 1144 1158 1172 1182 1193 1204 1214 1224 1234 1244 1252
883 888 894 897 898 898 900 902 904 907 909 911 913 917 920 923 928 935 943 948 952 956 960 964 971 974 976 981 985 987 988 989 988 989 990 991 993 995 995 995 996 996 997 998 998 999 1000 1000 1001 1002 1005 1010 1015 1020 1025 1029 1033 1039 1047 1052 1059 1062 1066 1070 1072 1073 1075 1076 1079 1080 1083 1085 1089 1094 1100 1109 1119 1135 1152 1169 1180 1189 1199 1208 1218 1228 1239 1247 1251
891 897 900 902 903 903 905 907 909 910 911 913 915 919 925 928 933 941 948 954 960 966 970 977 981 984 987 989 991 991 991 991 993 996 999 1001 1001 1001 1000 1000 1002 1005 1005 1005 1005 1005 1006 1006 1006 1007 1010 1016 1021 1025 1029 1034 1040 1050 1056 1061 1064 1067 1071 1076 1080 1081 1081 1083 1085 1087 1090 1093 1096 1100 1107 1117 1130 1143 1159 1176 1184 1195 1204 1213 1221 1230 1238 1245 1249
897 902 903 904 905 907 908 910 912 913 914 915 918 923 930 935 939 946 953 958 963 969 975 980 985 989 993 996 997 995 995 996 999 1003 1007 1009 1007 1005 1003 1004 1007 1010 1011 1009 1008 1008 1009 1009 1009 1010 1013 1018 1023 1028 1033 1038 1045 1054 1060 1067 1071 1074 1079 1084 1089 1091 1089 1089 1090 1093 1096 1100 1104 1108 1114 1123 1135 1147 1166 1179 1190 1201 1211 1218 1226 1234 1240 1245 1250
899 901 903 905 906 907 909 912 914 914 916 918 922 928 933 939 945 952 958 964 968 973 978 983 987 993 998 1001 1001 1000 1000 1001 1004 1007 1009 1010 1010 1008 1006 1007 1009 1011 1011 1009 1009 1009 1010 1012 1013 1015 1017 1020 1024 1031 1036 1041 1049 1056 1063 1071 1077 1082 1088 1093 1096 1097 1096 1096 1098 1099 1103 1107 1110 1114 1119 1127 1141 1153 1169 1182 1196 1209 1217 1224 1230 1236 1241 1247 1251
900 902 904 906 907 908 909 911 912 914 917 921 927 930 936 943 950 955 962 969 975 981 987 990 995 999 1001 1001 1001 1002 1002 1004 1006 1007 1010 1011 1011 1010 1009 1010 1011 1011 1011 1010 1010 1011 1011 1013 1016 1019 1021 1023 1028 1034 1038 1044 1051 1060 1068 1076 1082 1088 1093 1097 1099 1099 1099 1102 1104 1107 1110 1114 1118 1122 1127 1138 1152 1166 1178 1188 1201 1213 1221 1227 1231 1235 1240 1246 1252
900 902 904 906 907 907 909 910 912 913 916 922 927 934 940 946 952 958 965 974 981 987 993 997 999 1001 1001 1000 1000 1001 1002 1004 1005 1007 1009 1011 1012 1011 1011 1012 1012 1012 1012 1012 1013 1014 1014 1015 1018 1022 1025 1028 1032 1036 1041 1047 1055 1063 1072 1080 1086 1092 1097 1100 1101 1101 1103 1107 1111 1113 1115 1121 1127 1134 1142 1155 1165 1177 1187 1198 1208 1217 1223 1230 1234 1237 1240 1245 1253
899 900 902 903 905 906 908 911 911 912 916 922 929 934 942 948 952 959 967 977 986 992 996 999 1000 1000 1000 999 998 999 1000 1002 1004 1006 1009 1012 1012 1012 1013 1014 1015 1015 1015 1015 1016 1016 1017 1017 1020 1023 1027 1030 1034 1038 1044 1050 1057 1067 1074 1083 1090 1095 1100 1104 1105 1106 1107 1112 1115 1118 1120 1128 1135 1143 1155 1173 1182 1191 1200 1208 1216 1221 1226 1231 1236 1240 1244 1248 1255
895 896 896 898 900 904 906 907 908 911 917 923 928 934 940 947 954 960 967 976 985 991 996 998 997 997 998 997 995 995 996 998 1000 1004 1007 1010 1011 1012 1013 1015 1016 1017 1017 1017 1018 1018 1019 1020 1022 1024 1028 1032 1036 1042 1047 1052 1060 1066 1075 1084 1092 1098 1102 1105 1106 1107 1110 1114 1117 1121 1126 1134 1144 1152 1171 1191 1202 1209 1214 1220 1224 1227 1229 1234 1239 1244 1248 1252 1257
892 892 894 894 896 899 902 903 905 911 919 925 930 935 940 946 953 960 967 973 979 983 987 990 992 994 994 992 991 991 992 994 998 1000 1004 1007 1010 1012 1013 1014 1015 1016 1016 1017 1018 1019 1020 1022 1023 1025 1027 1030 1035 1042 1048 1054 1060 1066 1073 1084 1092 1097 1101 1104 1106 1107 1111 1114 1117 1124 1132 1144 1155 1170 1191 1209 1222 1225 1230 1231 1231 1232 1233 1238 1243 1247 1251 1253 1258
