terrain/dems/whites/franconia.grd
ncols        238
nrows        342
xllcorner    -71.676805555556
yllcorner    44.091250000000
cellsize 30
[rows 160 to 199 of 342, columns 0 to 88 of 238]
1043 1026 1008 987 969 954 938 920 903 889 878 867 855 843 835 829 825 821 822 826 835 843 854 865 872 880 891 901 908 914 917 921 925 930 933 936 940 944 947 948 951 953 957 960 964 966 968 969 971 973 978 980 981 983 987 992 997 1000 1004 1009 1015 1020 1027 1035 1041 1046 1049 1053 1058 1063 1069 1076 1083 1090 1096 1099 1102 1105 1107 1112 1118 1122 1128 1131 1135 1138 1142 1144 1147
1046 1026 1002 984 970 952 934 915 899 888 876 861 849 842 835 829 823 817 818 825 834 843 854 864 873 880 890 899 906 913 916 916 919 925 928 932 936 941 945 949 950 953 955 958 961 964 968 970 972 974 977 980 980 982 985 991 994 997 1001 1006 1012 1018 1025 1033 1039 1043 1046 1050 1055 1060 1067 1074 1080 1086 1091 1095 1099 1103 1106 1109 1111 1114 1118 1124 1127 1130 1133 1135 1139
1045 1028 1008 989 973 953 929 910 897 884 871 861 850 841 834 826 819 815 814 823 833 843 853 863 871 878 885 893 900 907 911 914 915 919 925 928 931 937 942 945 949 951 953 955 959 963 967 971 973 975 977 979 980 982 985 988 991 994 999 1005 1009 1015 1020 1028 1034 1038 1042 1046 1052 1058 1064 1070 1075 1080 1084 1089 1094 1098 1101 1104 1105 1107 1109 1111 1117 1119 1121 1125 1129
1045 1027 1010 992 974 953 928 908 891 878 870 860 851 842 835 828 819 812 815 822 832 841 850 859 868 876 882 887 892 897 904 908 911 916 920 924 928 933 939 944 948 951 952 953 957 961 965 968 971 975 977 978 980 982 984 987 990 993 997 1001 1006 1010 1016 1023 1029 1033 1037 1041 1046 1052 1058 1063 1068 1073 1078 1082 1087 1091 1094 1096 1098 1099 1101 1102 1105 1109 1111 1115 1117
1042 1023 1005 990 974 955 934 913 897 883 871 859 849 841 834 825 817 809 812 818 828 838 847 856 864 872 878 882 887 890 894 900 905 910 916 920 926 931 938 943 946 949 951 953 956 960 964 967 971 974 976 978 980 981 984 986 989 993 996 999 1003 1008 1013 1018 1025 1029 1033 1037 1041 1046 1052 1056 1062 1067 1072 1075 1079 1083 1086 1088 1089 1091 1093 1095 1097 1099 1103 1105 1108
1041 1020 1003 986 970 953 932 914 899 887 873 858 848 839 829 821 813 808 807 814 824 835 844 851 858 867 874 879 883 886 888 892 898 905 912 917 923 930 936 940 942 945 949 952 956 960 965 968 971 973 976 979 981 981 983 986 990 994 998 1001 1003 1006 1010 1015 1021 1025 1029 1033 1037 1041 1046 1051 1057 1062 1066 1068 1071 1075 1078 1080 1081 1082 1086 1087 1090 1092 1094 1096 1097
1038 1022 1002 983 966 948 928 910 898 885 870 857 847 838 830 820 810 803 801 809 820 831 841 848 854 862 869 873 878 882 885 889 895 903 908 914 921 928 935 938 940 943 948 952 956 960 965 970 972 974 977 980 981 980 983 986 991 996 999 1001 1003 1007 1011 1013 1017 1022 1026 1029 1032 1036 1041 1045 1051 1055 1059 1062 1064 1066 1070 1072 1075 1077 1078 1082 1085 1086 1087 1088 1090
1033 1018 1000 981 964 945 925 910 897 883 868 854 845 838 829 819 809 803 804 810 821 829 838 845 852 858 864 868 873 880 886 890 895 902 909 914 920 928 934 939 940 944 948 954 958 961 966 970 973 975 978 979 980 982 984 988 992 996 1000 1000 1003 1007 1010 1013 1015 1019 1023 1027 1030 1033 1036 1039 1043 1048 1053 1057 1059 1060 1063 1067 1070 1073 1075 1076 1079 1078 1078 1079 1084
1032 1019 1005 983 962 944 926 911 896 884 872 856 845 837 827 817 810 805 805 809 813 823 831 839 846 855 860 864 870 876 883 889 894 900 907 914 919 926 933 938 943 946 951 957 961 965 968 971 973 975 978 980 982 984 987 989 991 995 999 1000 1002 1006 1009 1011 1013 1015 1020 1025 1029 1031 1033 1036 1040 1045 1049 1053 1055 1056 1057 1061 1064 1065 1067 1069 1069 1069 1068 1071 1077
1032 1019 999 980 963 945 923 905 895 883 869 857 844 835 826 818 811 805 803 805 810 817 825 833 840 847 854 860 865 873 881 887 892 898 906 912 918 926 934 941 946 951 957 961 965 968 971 972 974 976 979 983 984 986 987 988 991 995 999 1000 1002 1005 1008 1009 1011 1014 1018 1024 1028 1029 1031 1034 1037 1041 1046 1049 1051 1051 1052 1054 1056 1056 1057 1059 1060 1061 1063 1067 1074
1032 1017 994 971 957 943 923 907 891 878 870 859 844 834 825 817 809 804 801 803 806 813 820 828 834 841 848 855 862 870 878 885 892 899 906 914 921 930 939 946 951 957 962 965 967 970 973 976 978 980 983 985 987 987 987 987 990 996 1000 1003 1003 1004 1005 1006 1010 1014 1018 1022 1026 1028 1030 1031 1034 1036 1041 1043 1044 1045 1046 1047 1047 1047 1048 1050 1051 1054 1057 1063 1072
1031 1011 990 974 960 943 926 909 894 883 868 854 842 831 821 811 804 800 798 799 802 809 815 822 829 837 845 852 859 867 875 883 891 899 907 916 924 932 941 948 955 963 969 972 974 976 978 980 982 984 985 987 989 989 990 990 992 995 999 1001 1001 1002 1003 1006 1011 1014 1017 1020 1023 1025 1027 1030 1031 1033 1035 1036 1036 1037 1038 1037 1037 1037 1038 1041 1043 1047 1053 1060 1068
1029 1011 991 979 969 953 933 911 896 880 864 851 841 830 817 807 800 794 791 791 794 799 809 818 826 832 840 848 855 862 871 880 888 897 907 916 925 933 940 950 958 967 975 978 981 982 983 984 986 987 988 990 991 992 992 993 993 993 995 997 998 1001 1004 1007 1011 1013 1016 1017 1019 1020 1023 1024 1026 1027 1028 1028 1028 1028 1027 1025 1025 1026 1029 1033 1038 1043 1049 1056 1065
1025 1011 996 982 976 967 948 927 906 886 867 851 837 827 818 808 799 794 789 788 791 798 806 815 824 830 837 844 853 859 867 877 886 896 905 913 922 932 942 951 961 970 978 984 985 986 986 987 989 989 989 991 992 993 994 994 995 995 995 996 997 1000 1003 1007 1009 1011 1014 1015 1016 1016 1018 1017 1016 1016 1017 1018 1017 1017 1016 1014 1014 1018 1023 1029 1037 1042 1047 1053 1062
1035 1021 1005 990 977 966 946 924 907 888 868 850 839 828 817 808 801 796 792 789 790 797 804 810 816 826 835 842 850 858 866 873 882 893 903 911 919 931 941 951 962 973 981 986 988 988 988 990 991 990 990 991 991 993 994 995 996 996 996 995 996 999 1001 1003 1004 1007 1010 1011 1011 1012 1011 1010 1009 1009 1009 1009 1007 1005 1004 1005 1008 1014 1022 1031 1039 1045 1048 1053 1060
1039 1029 1017 1001 986 968 947 924 902 885 872 860 845 829 816 806 800 795 787 783 784 791 797 804 810 819 829 838 848 856 862 868 877 890 901 909 918 927 938 950 961 972 981 987 989 990 991 992 992 993 992 991 991 992 992 993 993 993 992 993 994 996 997 998 998 1000 1004 1005 1005 1005 1004 1003 1002 1002 1002 1000 997 996 997 1000 1009 1017 1025 1033 1041 1045 1047 1051 1057
1037 1025 1008 991 976 960 941 923 904 884 870 860 842 827 816 807 798 790 782 778 780 784 790 797 805 814 824 834 844 852 858 866 876 887 899 907 915 924 935 945 955 967 978 984 988 989 992 994 994 994 993 993 992 992 991 990 990 989 990 991 992 993 994 993 992 994 996 997 998 997 997 995 995 994 993 990 989 990 994 1002 1012 1020 1026 1034 1041 1045 1048 1050 1055
1028 1017 1000 982 968 956 941 924 908 891 874 859 846 833 820 810 800 791 783 778 777 779 784 791 799 809 820 830 840 849 858 868 878 887 894 901 910 921 933 943 951 961 971 979 985 990 993 996 995 995 995 994 993 991 988 987 986 986 987 987 988 988 988 988 988 988 989 988 988 988 987 986 985 985 983 982 984 988 994 1002 1011 1018 1025 1033 1040 1044 1046 1049 1054
1015 1003 987 974 963 948 935 923 908 887 868 855 845 833 822 811 801 792 782 778 776 777 780 788 796 806 816 826 834 845 855 867 878 884 890 896 906 918 929 939 949 958 967 977 987 992 996 998 996 995 995 994 992 989 986 983 982 981 982 982 982 981 981 982 981 981 981 980 979 979 978 977 975 974 974 976 982 988 994 1000 1008 1017 1024 1030 1036 1041 1044 1048 1053
1001 987 975 966 953 938 923 908 891 879 866 854 844 833 822 809 798 789 782 778 777 779 782 788 797 807 816 824 833 842 854 864 872 879 885 893 905 916 927 935 944 956 966 978 987 994 998 1000 998 996 995 992 988 984 981 979 978 978 978 977 976 975 976 976 976 976 974 972 970 969 969 967 966 965 968 975 983 990 994 1000 1005 1012 1021 1027 1033 1038 1044 1048 1053
984 972 961 950 940 927 913 899 888 875 861 849 839 830 817 805 796 786 778 775 775 777 781 787 796 806 815 824 832 841 852 862 870 874 881 892 903 914 922 929 939 951 963 976 985 993 999 1002 1000 997 994 990 986 983 979 977 975 975 974 972 969 968 968 969 968 968 966 964 961 959 958 959 959 962 966 975 983 988 991 996 1000 1006 1014 1023 1030 1037 1042 1047 1053
965 953 942 931 919 908 897 888 879 867 856 846 835 823 813 803 792 782 774 771 771 774 780 786 795 805 815 822 830 839 849 860 868 874 880 891 901 909 917 925 935 947 960 973 983 992 999 1002 1001 997 992 987 984 980 976 972 969 965 963 962 962 961 961 961 960 960 958 956 953 950 951 952 954 959 964 971 979 985 990 994 998 1004 1012 1020 1028 1034 1040 1044 1051
945 936 925 913 905 895 884 873 865 856 846 838 829 818 807 797 789 779 772 767 766 770 778 786 794 803 813 822 829 838 848 857 864 870 879 888 896 903 913 922 934 944 954 967 978 988 995 1000 1000 995 989 983 978 974 969 964 961 957 953 950 949 951 952 953 953 951 949 947 944 943 945 948 953 957 963 971 978 985 993 998 1005 1010 1018 1025 1030 1034 1040 1045 1052
931 920 910 900 890 881 871 861 853 845 837 828 818 809 801 794 786 778 770 765 765 770 778 785 793 802 811 820 830 840 848 855 860 868 877 885 891 899 909 922 933 940 949 961 972 980 989 995 996 990 983 977 972 967 963 959 955 951 945 942 941 942 943 944 944 940 936 935 935 937 943 949 954 960 966 973 981 989 997 1006 1014 1020 1026 1031 1035 1040 1044 1049 1054
919 910 896 881 873 865 858 851 843 833 826 820 812 803 794 787 782 775 767 765 767 771 777 785 793 801 811 821 831 840 847 852 860 867 876 883 891 897 906 917 927 936 947 959 969 977 983 987 987 984 979 973 965 960 956 953 947 941 937 936 935 935 934 934 931 926 924 926 930 936 944 951 958 965 972 979 986 994 1006 1013 1021 1026 1031 1037 1042 1046 1049 1052 1055
902 890 877 867 859 852 845 837 829 823 818 813 805 797 790 784 777 770 765 765 768 772 777 785 793 802 811 822 831 837 844 852 857 862 872 880 888 894 900 907 922 932 942 954 965 973 978 980 980 977 971 966 958 951 948 945 937 933 928 924 926 925 924 923 920 918 917 922 931 937 943 951 959 968 977 986 994 1004 1013 1021 1026 1029 1034 1039 1043 1046 1048 1050 1053
882 871 859 853 849 841 831 826 821 815 811 808 803 794 785 779 771 765 762 763 767 773 779 786 794 803 815 824 830 836 844 850 853 858 866 875 882 888 894 903 915 928 938 946 955 965 969 970 970 967 961 956 949 943 938 933 929 922 918 915 914 913 912 912 912 912 915 923 932 939 945 955 963 971 982 991 999 1010 1017 1024 1027 1030 1033 1037 1040 1043 1046 1049 1052
868 860 853 845 836 828 821 815 810 806 802 798 792 785 778 772 766 761 760 762 768 774 780 788 797 806 815 823 830 837 843 848 851 857 866 873 878 885 892 900 911 923 932 941 948 951 956 957 957 954 949 945 940 933 927 923 918 913 908 905 903 902 902 902 905 910 918 929 938 945 951 960 968 976 985 993 1001 1009 1018 1022 1026 1028 1032 1034 1036 1039 1043 1047 1051
857 852 844 834 824 813 808 803 800 797 791 785 781 775 768 762 757 756 758 762 769 776 783 790 800 809 816 821 828 836 843 847 851 858 865 870 875 880 889 896 906 916 927 935 941 943 945 946 945 942 939 935 930 922 915 911 906 901 897 895 893 894 896 900 906 914 923 935 946 954 960 966 972 981 989 995 1000 1007 1013 1018 1022 1025 1028 1028 1029 1034 1039 1044 1048
843 839 831 822 814 806 799 794 790 786 779 774 769 763 759 754 753 753 758 764 772 780 786 793 801 809 815 820 826 833 840 845 851 856 861 867 873 879 885 895 906 914 921 929 932 934 935 935 934 933 930 928 920 913 907 902 897 892 889 887 887 890 896 902 910 918 929 940 950 957 962 968 975 983 989 995 997 1002 1006 1011 1015 1016 1018 1019 1022 1026 1032 1037 1042
830 825 819 811 804 798 792 787 781 775 768 760 754 753 752 751 753 757 762 768 775 782 788 794 801 809 815 819 824 830 838 843 846 851 858 866 874 881 888 895 905 912 918 923 925 925 925 925 925 924 921 915 910 903 898 893 889 885 884 883 883 886 893 900 907 915 927 939 946 953 960 965 972 979 985 990 992 995 998 1002 1004 1005 1007 1010 1014 1019 1023 1029 1036
818 812 804 797 792 787 781 775 769 764 759 753 748 746 746 751 756 763 768 773 777 783 789 795 802 808 813 817 822 827 833 838 843 848 856 865 874 884 891 896 904 909 914 917 918 918 917 916 915 913 910 906 901 895 889 883 880 879 879 878 880 883 889 896 901 907 917 928 937 945 950 955 960 968 974 979 984 988 991 993 993 996 999 1003 1010 1017 1022 1029 1037
804 797 792 786 780 773 768 763 758 754 751 747 745 743 746 752 761 768 771 775 778 784 790 797 802 806 810 815 819 824 829 836 842 849 856 864 873 883 892 898 901 905 908 909 910 909 908 908 907 904 902 898 893 886 879 876 876 875 873 875 875 881 886 891 895 900 906 914 922 931 938 943 950 958 964 970 977 983 986 990 990 995 997 1005 1015 1023 1029 1035 1042
791 786 782 775 768 762 757 751 746 742 741 741 741 743 748 757 764 770 773 775 778 783 789 793 798 803 807 813 818 822 828 835 842 849 856 862 869 879 888 893 896 900 902 904 903 902 901 900 899 898 895 890 883 877 873 871 872 873 873 874 877 881 885 888 891 894 899 906 914 923 932 939 948 956 961 967 976 984 989 993 1000 1003 1010 1019 1028 1034 1040 1043 1047
785 777 769 765 760 755 751 744 738 735 736 740 742 747 754 760 764 767 771 773 777 782 786 791 797 803 807 812 816 819 825 832 840 848 854 860 866 873 882 885 889 893 897 899 898 897 895 894 892 890 886 881 876 871 870 870 871 872 872 875 879 881 883 886 889 893 899 906 916 925 935 945 955 963 968 974 983 991 996 1004 1012 1015 1020 1028 1038 1046 1048 1050 1051
777 768 762 757 752 747 740 736 733 733 736 740 746 752 757 760 762 765 768 772 776 781 786 790 796 801 806 809 812 816 821 828 835 842 850 856 863 869 876 880 883 886 888 889 890 889 888 887 884 881 878 874 870 868 868 869 870 871 872 877 881 882 884 888 892 898 906 915 923 933 945 955 964 973 981 987 997 1001 1008 1015 1021 1024 1028 1034 1042 1048 1051 1053 1055
767 760 755 751 743 736 732 730 731 733 738 743 747 753 756 758 761 764 768 770 775 783 787 791 793 798 802 805 808 813 819 826 831 837 844 853 858 864 869 874 878 879 879 880 880 880 879 877 876 874 871 868 866 865 865 866 867 870 876 881 883 885 890 896 903 911 919 928 934 945 956 965 972 979 987 998 1004 1010 1015 1022 1026 1029 1035 1039 1044 1049 1054 1057 1058
755 751 747 742 736 730 727 728 730 733 738 743 747 749 753 756 758 762 766 770 773 777 784 787 790 794 799 803 807 812 818 824 831 836 842 849 855 859 863 869 873 874 873 872 873 873 871 871 869 867 865 864 863 862 861 861 864 870 878 886 891 894 901 907 915 923 933 939 947 956 966 972 976 983 993 1002 1009 1014 1019 1024 1029 1032 1038 1044 1048 1052 1056 1059 1061
748 742 738 734 728 726 725 727 730 733 738 743 746 748 751 754 757 760 765 768 771 775 780 785 788 792 796 801 807 812 817 824 830 834 839 846 852 856 860 864 867 867 867 866 866 867 867 866 865 862 860 859 858 856 856 859 863 870 879 887 894 900 906 914 920 930 936 944 951 960 968 974 978 986 997 1006 1011 1015 1020 1026 1032 1036 1042 1048 1051 1054 1057 1061 1062
740 733 729 725 722 721 722 725 728 732 736 740 744 747 748 751 754 758 762 766 770 773 777 783 785 788 793 797 804 810 816 821 826 832 837 842 847 851 854 857 859 859 859 859 861 860 859 858 857 855 853 852 851 851 853 857 863 871 877 885 893 900 905 912 920 926 933 941 948 956 964 971 979 988 997 1005 1011 1016 1021 1027 1033 1039 1045 1050 1054 1057 1060 1062 1062
