terrain/dems/whites/pemiloop.grd
ncols        465
nrows        414
xllcorner    -71.653472222222
yllcorner    44.089027777778
cellsize     30
[rows 240 to 279 of 414, columns 0 to 88 of 465]
832 827 821 817 811 807 807 806 807 811 814 818 826 835 844 853 864 876 890 903 916 925 935 945 958 973 985 994 1006 1015 1024 1028 1032 1033 1036 1041 1042 1042 1040 1046 1049 1053 1056 1057 1052 1057 1063 1070 1072 1076 1081 1088 1095 1102 1109 1118 1126 1133 1140 1147 1157 1164 1172 1179 1186 1188 1189 1190 1186 1179 1170 1161 1151 1143 1137 1130 1122 1110 1096 1083 1070 1056 1041 1027 1014 1002 990 974 957
823 818 815 811 806 803 802 803 805 809 813 818 828 839 848 857 866 879 890 903 915 927 936 946 958 971 982 991 997 1004 1008 1013 1015 1017 1021 1025 1024 1022 1020 1023 1031 1035 1034 1029 1026 1032 1042 1049 1057 1060 1067 1075 1082 1089 1097 1106 1116 1124 1130 1138 1145 1154 1161 1168 1174 1179 1182 1183 1181 1173 1162 1153 1144 1138 1132 1124 1116 1105 1094 1081 1068 1054 1040 1025 1011 999 987 970 952
814 811 807 802 799 798 798 798 800 805 811 817 826 837 848 857 868 879 888 900 912 923 934 945 955 967 976 982 986 988 988 989 991 994 997 1000 1006 1006 1003 1003 1006 1011 1006 1007 1006 1012 1020 1034 1041 1046 1052 1060 1070 1078 1087 1095 1102 1109 1118 1127 1137 1146 1153 1160 1166 1171 1173 1174 1171 1164 1155 1145 1137 1132 1124 1115 1107 1098 1085 1073 1063 1050 1034 1020 1006 993 978 963 949
807 802 799 795 792 792 793 794 795 801 808 818 826 837 846 856 866 878 888 898 907 921 933 942 954 960 965 967 969 972 973 973 974 977 979 981 983 987 988 987 989 990 990 989 992 998 1004 1013 1024 1031 1039 1046 1056 1069 1080 1086 1092 1101 1110 1118 1127 1137 1143 1151 1160 1167 1169 1169 1164 1157 1148 1136 1127 1120 1111 1102 1093 1083 1073 1065 1056 1043 1027 1014 1001 988 974 959 946
800 795 793 789 787 789 791 793 796 799 806 818 829 837 846 856 868 879 888 897 905 916 926 934 941 946 950 951 952 954 958 960 963 963 964 964 963 965 968 973 973 974 974 976 979 987 993 995 1008 1014 1025 1034 1045 1058 1070 1079 1085 1092 1101 1112 1120 1127 1135 1144 1154 1160 1163 1162 1160 1157 1144 1129 1117 1108 1099 1090 1081 1072 1062 1054 1045 1033 1020 1007 995 984 970 957 943
795 793 789 785 784 785 786 787 792 797 804 814 824 834 843 855 868 878 886 894 901 909 918 922 927 930 933 935 936 936 940 946 948 948 946 944 944 946 950 954 958 959 960 962 967 974 980 984 994 1003 1013 1023 1033 1045 1058 1069 1078 1086 1094 1104 1115 1124 1132 1141 1148 1153 1155 1155 1155 1148 1137 1123 1112 1102 1091 1083 1074 1063 1052 1042 1033 1022 1009 1000 992 981 966 949 936
788 784 783 780 780 782 782 783 789 797 804 813 820 829 838 849 861 870 878 887 895 900 904 909 912 915 914 913 917 919 921 927 928 926 926 927 928 930 934 937 940 943 944 945 947 958 964 967 979 990 1002 1016 1025 1038 1049 1061 1071 1080 1089 1101 1114 1123 1132 1140 1149 1153 1154 1152 1148 1141 1131 1118 1105 1090 1082 1074 1063 1053 1043 1032 1019 1008 1000 992 984 973 957 943 932
780 775 773 774 776 778 781 782 786 795 804 810 817 825 835 847 857 864 872 878 885 889 894 896 897 899 900 899 899 903 902 906 907 909 910 914 915 914 917 919 922 927 931 933 937 944 951 957 968 982 994 1009 1022 1033 1046 1058 1069 1078 1087 1098 1110 1123 1135 1144 1151 1157 1155 1149 1142 1134 1124 1112 1097 1083 1071 1059 1048 1038 1028 1018 1005 993 985 980 971 959 947 934 926
773 770 770 772 775 778 781 783 789 795 801 806 810 817 831 843 850 857 864 869 873 876 882 884 883 883 883 886 888 888 888 887 890 893 894 894 895 898 899 903 907 912 915 921 927 937 945 952 964 977 993 1007 1021 1031 1044 1056 1068 1079 1088 1098 1110 1123 1135 1145 1152 1157 1156 1150 1140 1129 1118 1105 1091 1078 1065 1053 1042 1032 1020 1007 995 985 976 965 955 946 937 930 921
771 766 766 770 772 775 777 781 787 795 799 802 806 811 820 834 844 850 854 858 862 865 870 872 872 870 869 869 871 874 875 874 874 877 878 879 879 882 886 890 892 897 903 909 917 931 943 955 967 983 997 1011 1022 1033 1045 1055 1065 1076 1088 1099 1111 1124 1136 1144 1152 1158 1159 1153 1143 1132 1121 1107 1093 1079 1061 1049 1042 1030 1014 999 989 976 962 952 946 939 930 921 913
766 761 760 762 766 767 771 776 781 789 795 799 805 810 818 827 835 841 845 848 851 855 859 863 862 860 856 855 857 861 863 862 861 862 863 864 865 869 875 880 884 889 895 904 914 929 944 958 973 987 1000 1013 1025 1036 1047 1057 1065 1077 1089 1101 1112 1125 1138 1149 1157 1162 1163 1156 1146 1135 1124 1112 1094 1073 1059 1048 1038 1026 1013 1000 982 966 952 943 941 933 922 914 905
763 759 758 760 760 762 766 772 778 784 789 794 800 806 811 816 823 829 833 836 838 840 847 852 853 850 846 845 846 848 848 849 848 849 851 856 858 858 864 873 880 886 893 900 912 932 948 960 972 987 1002 1016 1028 1039 1051 1061 1072 1083 1095 1104 1114 1126 1140 1150 1156 1161 1165 1163 1149 1134 1122 1107 1088 1071 1057 1049 1040 1026 1008 991 978 962 948 939 931 924 916 907 900
760 757 758 759 759 760 766 771 776 781 786 789 795 799 802 805 811 817 820 825 829 831 834 838 837 835 836 837 838 837 836 835 838 838 843 850 854 858 864 873 881 889 894 903 915 933 950 961 972 988 1004 1019 1030 1044 1056 1068 1079 1088 1097 1109 1119 1129 1141 1150 1158 1159 1160 1156 1143 1129 1116 1099 1083 1071 1060 1051 1040 1021 1005 991 976 962 948 933 923 914 905 899 894
758 753 754 756 756 759 763 769 775 779 782 785 788 792 794 795 803 809 812 816 821 823 823 824 824 825 827 829 830 829 829 830 834 836 839 847 854 860 869 878 885 895 903 908 921 937 950 961 975 988 1005 1019 1032 1044 1060 1073 1083 1092 1102 1113 1123 1132 1142 1150 1155 1158 1159 1151 1139 1125 1110 1093 1079 1066 1057 1046 1036 1022 1003 988 974 960 946 934 921 908 898 893 889
755 750 749 751 752 755 759 764 771 774 776 778 781 784 789 793 796 801 806 809 810 810 810 811 814 816 818 819 819 821 823 827 833 835 840 847 855 862 870 877 886 898 908 914 922 934 946 961 977 992 1003 1015 1027 1041 1058 1070 1082 1091 1101 1110 1119 1129 1142 1151 1154 1155 1151 1143 1133 1120 1103 1087 1075 1063 1050 1037 1024 1008 993 979 969 959 946 935 922 908 896 888 882
751 746 744 746 748 751 755 760 765 770 773 776 777 781 786 788 790 794 796 798 801 801 802 804 804 805 808 811 812 816 820 825 831 836 842 848 855 860 866 875 884 896 908 916 923 934 944 961 978 992 1004 1014 1025 1039 1051 1065 1077 1089 1098 1106 1116 1128 1139 1146 1149 1150 1147 1139 1126 1112 1097 1083 1074 1061 1048 1032 1015 999 985 975 965 954 942 928 916 905 894 886 879
747 739 737 738 742 746 751 756 761 765 770 772 775 778 782 783 783 784 786 789 791 794 795 795 797 800 803 807 810 813 818 822 831 838 843 848 852 857 865 872 882 893 903 914 925 935 947 960 975 989 1002 1014 1024 1035 1046 1058 1073 1086 1095 1106 1114 1123 1131 1137 1141 1140 1138 1129 1119 1102 1087 1078 1069 1057 1042 1026 1013 1000 987 974 962 949 935 920 908 899 891 883 876
746 738 733 732 735 739 745 750 756 759 764 768 772 776 776 778 777 778 780 781 783 786 786 787 791 795 801 805 808 812 815 821 827 833 839 846 851 858 865 874 882 890 899 911 923 936 948 961 972 984 998 1012 1024 1035 1046 1059 1069 1080 1092 1103 1115 1120 1125 1128 1129 1128 1123 1115 1103 1088 1078 1069 1058 1043 1029 1017 1004 993 982 970 960 945 928 913 904 899 889 877 867
745 738 732 729 730 734 739 744 748 752 756 761 765 767 770 770 771 772 774 774 776 778 779 781 786 792 797 803 809 813 816 820 825 830 835 845 852 859 867 875 884 889 898 911 924 938 950 962 973 983 996 1009 1021 1036 1048 1057 1068 1079 1088 1094 1104 1117 1120 1121 1120 1118 1112 1101 1086 1075 1069 1059 1045 1029 1016 1005 994 985 976 963 947 931 918 909 900 892 885 872 860
745 740 734 729 729 732 737 740 743 745 749 751 754 759 760 762 763 764 765 766 768 771 773 776 779 784 793 802 809 814 817 823 828 835 842 852 858 866 874 882 889 897 907 919 931 943 953 964 976 988 1001 1014 1024 1035 1047 1056 1068 1079 1086 1090 1100 1111 1114 1114 1111 1109 1103 1091 1080 1070 1059 1047 1034 1020 1008 996 985 976 969 959 945 930 915 904 892 883 875 866 856
746 740 735 730 727 728 731 733 736 739 742 743 745 749 754 756 756 756 758 760 762 765 769 771 775 781 790 800 807 814 821 827 835 846 852 860 869 877 883 888 897 905 916 929 940 950 960 969 981 993 1007 1019 1028 1038 1047 1059 1074 1082 1086 1090 1096 1105 1111 1109 1105 1098 1089 1079 1069 1057 1045 1032 1021 1010 1000 990 977 965 956 947 937 924 912 900 887 878 871 861 852
745 740 734 728 723 723 725 727 729 732 735 737 738 740 745 750 750 751 752 755 759 763 769 773 778 783 792 801 810 818 826 834 842 851 859 866 875 885 891 898 906 915 926 939 950 959 967 975 985 996 1008 1019 1031 1042 1052 1063 1075 1083 1087 1092 1098 1104 1106 1104 1097 1087 1077 1069 1059 1046 1030 1017 1008 1000 991 977 962 953 944 934 923 914 906 896 884 875 867 857 847
742 738 733 726 720 717 717 719 722 726 730 731 732 734 737 741 745 746 748 751 756 763 770 776 783 790 799 809 817 827 835 841 848 855 863 872 882 891 898 908 918 926 934 947 958 965 973 981 992 1001 1009 1018 1033 1046 1056 1066 1076 1085 1090 1094 1097 1100 1099 1097 1090 1081 1069 1059 1049 1035 1022 1010 1000 992 981 965 950 937 931 925 915 905 898 890 879 871 864 855 845
736 732 729 724 718 714 712 714 718 723 726 727 729 730 732 734 736 741 746 751 758 765 773 779 787 796 804 813 823 833 842 848 853 860 870 884 895 898 903 917 928 937 945 954 963 970 978 989 1000 1010 1016 1024 1037 1050 1059 1067 1077 1085 1090 1094 1096 1095 1092 1088 1081 1071 1061 1051 1040 1028 1016 1003 992 981 969 956 940 925 919 914 905 896 890 883 873 864 858 852 845
729 726 724 721 717 712 710 711 715 719 720 722 725 728 729 730 734 739 747 755 761 768 776 784 793 802 808 817 830 839 846 852 857 864 876 891 901 908 913 923 936 946 955 963 970 977 985 994 1008 1018 1024 1032 1043 1053 1062 1070 1077 1085 1091 1094 1095 1094 1090 1083 1075 1068 1056 1041 1028 1017 1004 989 977 967 957 945 933 922 912 903 894 886 879 872 865 859 853 846 839
724 721 718 717 714 710 709 709 712 714 715 718 722 727 729 731 735 742 751 760 769 776 784 790 800 809 817 825 836 845 853 861 867 872 880 893 905 914 922 932 943 954 963 971 978 985 992 1001 1013 1026 1034 1038 1045 1055 1065 1073 1078 1083 1089 1094 1095 1093 1087 1079 1073 1065 1052 1037 1024 1009 995 981 969 959 947 937 927 916 905 895 885 876 869 862 856 851 846 839 833
720 717 715 713 711 706 705 705 706 708 711 715 721 728 731 734 739 747 756 767 776 783 791 799 807 815 823 831 842 852 858 866 876 880 884 895 907 917 927 938 947 955 963 974 983 990 999 1011 1023 1032 1039 1046 1051 1057 1066 1074 1078 1082 1087 1091 1091 1088 1081 1074 1067 1059 1046 1033 1020 1004 989 978 967 955 943 929 917 908 898 888 878 869 863 857 850 845 840 833 826
716 713 712 709 704 701 700 700 701 704 709 714 722 730 735 738 746 754 762 775 784 790 795 803 811 817 825 833 844 852 861 870 878 883 888 896 907 918 931 939 947 955 965 976 985 993 1002 1014 1025 1034 1040 1049 1057 1064 1070 1074 1077 1081 1085 1086 1084 1079 1073 1066 1060 1054 1042 1028 1018 1008 990 973 962 951 937 923 912 902 893 883 875 867 860 855 848 841 834 829 823
711 710 709 707 702 697 695 697 700 705 711 717 724 731 738 746 754 761 770 781 790 794 799 805 813 819 825 832 840 848 855 867 875 881 887 895 904 913 924 935 941 952 965 977 984 992 1001 1012 1021 1029 1036 1046 1058 1064 1068 1069 1071 1076 1080 1080 1077 1070 1064 1059 1053 1048 1039 1029 1019 1004 989 977 965 951 935 922 910 900 891 882 874 868 863 856 849 840 833 827 820
708 708 708 706 701 696 695 696 701 706 713 719 726 731 741 750 755 761 771 781 788 795 800 807 814 820 825 831 837 843 847 855 866 873 880 888 898 906 913 922 933 943 959 971 979 986 994 1006 1017 1024 1031 1040 1050 1057 1058 1059 1061 1061 1067 1068 1063 1057 1050 1047 1046 1044 1040 1030 1018 1004 990 978 968 956 942 925 912 901 892 884 876 869 864 860 852 845 837 830 825
706 706 705 702 700 697 695 696 699 704 712 719 726 735 743 750 755 761 769 777 785 791 798 805 812 817 821 825 832 837 843 849 855 864 872 879 886 895 904 911 922 935 948 963 973 981 989 999 1009 1018 1027 1035 1043 1050 1051 1052 1051 1050 1046 1045 1043 1039 1036 1036 1035 1033 1029 1021 1013 1005 990 976 967 957 943 931 919 909 900 889 880 873 868 861 853 846 841 835 829
701 701 700 698 697 693 692 692 695 702 708 717 724 732 741 748 753 759 765 770 777 785 793 800 806 807 810 816 823 830 835 840 847 854 863 870 878 886 896 907 919 930 944 957 966 975 984 992 1001 1009 1018 1027 1036 1041 1043 1044 1043 1038 1033 1030 1029 1027 1024 1021 1021 1020 1017 1012 1005 998 990 981 967 954 946 938 930 920 908 899 889 881 873 866 858 852 846 840 835
695 694 692 691 689 688 686 689 693 698 707 715 722 727 734 742 748 753 757 764 771 778 785 792 795 797 800 805 813 821 827 832 838 845 853 862 871 882 893 903 915 927 936 947 959 968 975 984 993 1002 1011 1018 1026 1030 1033 1033 1031 1024 1018 1017 1016 1015 1011 1010 1012 1013 1012 1006 1000 995 989 980 971 960 951 946 938 928 919 908 898 888 877 868 863 859 852 845 840
690 690 688 686 686 685 686 688 694 700 705 711 716 722 729 735 741 747 752 757 763 769 774 779 783 787 791 795 804 811 817 820 828 836 845 856 867 878 890 900 909 919 928 939 950 960 969 977 986 996 1003 1010 1014 1018 1021 1021 1017 1010 1003 999 999 998 997 998 1000 1002 1003 1001 998 992 985 977 969 962 957 952 945 935 924 916 906 893 881 874 867 862 858 852 846
685 686 686 685 683 683 684 687 692 697 702 706 712 718 724 730 735 739 743 747 753 760 765 768 771 778 783 789 796 805 810 815 821 833 843 855 864 875 887 896 906 916 925 933 945 956 963 969 978 987 995 1001 1006 1009 1009 1008 1003 996 992 984 973 973 979 984 986 988 991 991 991 990 984 977 969 963 958 953 947 939 930 921 909 898 892 884 876 870 864 860 855
679 680 681 681 679 679 680 683 687 693 697 702 708 715 720 723 727 732 735 739 744 750 755 759 763 771 777 785 793 803 811 819 828 838 847 856 866 876 886 896 906 917 924 933 941 951 958 965 971 979 986 991 994 997 996 991 986 979 972 963 955 948 955 964 966 971 976 980 982 983 980 976 970 965 961 957 950 943 934 925 918 910 901 894 888 882 874 868 864
674 675 677 677 676 676 678 680 685 689 694 697 703 709 714 716 718 724 730 734 739 745 750 755 761 765 775 784 793 804 812 825 833 842 851 860 867 875 884 893 903 912 920 928 936 944 951 959 967 974 980 982 984 985 983 977 969 960 952 947 940 937 936 941 948 954 960 966 970 971 971 968 966 964 963 960 956 947 940 932 926 919 914 908 900 896 892 883 873
669 669 672 673 671 670 676 679 682 686 690 693 697 703 708 711 714 717 724 730 734 740 746 755 761 768 776 787 798 806 813 824 835 843 850 859 868 876 883 892 899 907 914 919 927 938 944 948 957 966 970 974 974 972 967 962 956 947 936 930 924 921 921 928 935 941 946 951 955 956 957 958 958 959 959 959 956 951 946 942 936 931 925 920 914 909 904 893 883
665 667 669 668 666 667 670 675 678 681 685 689 692 696 702 707 711 715 721 727 734 740 746 756 766 775 782 794 805 810 816 825 834 844 852 857 865 876 885 891 896 901 907 911 917 925 933 939 942 948 956 959 963 959 951 947 943 936 927 915 904 900 906 915 921 926 930 935 940 943 944 946 946 947 950 953 954 952 950 948 944 942 939 934 925 916 909 905 897
665 665 666 665 663 665 668 672 677 680 683 686 690 695 700 706 711 717 723 730 736 742 749 761 774 782 790 798 808 815 821 828 836 845 851 855 861 868 877 884 888 892 895 899 906 914 922 926 929 930 933 941 947 950 944 935 927 919 910 899 887 882 887 893 903 911 917 923 927 930 930 932 936 939 941 944 946 948 948 949 948 947 945 943 933 923 919 915 909
