terrain/dems/whites/pemiloop.grd
ncols        465
nrows        414
xllcorner    -71.653472222222
yllcorner    44.089027777778
cellsize     30
[rows 280 to 319 of 414, columns 178 to 266 of 465]
582 575 566 557 550 547 544 538 532 529 527 528 528 527 524 522 520 520 522 524 525 527 530 532 533 533 533 533 534 535 536 539 541 544 548 551 555 558 560 563 566 569 573 577 579 582 588 593 597 604 612 617 620 626 634 643 649 654 662 671 683 691 697 707 717 719 725 732 737 739 737 735 735 738 745 751 755 761 769 775 782 791 800 803 805 811 821 827 829
578 569 561 553 548 545 541 535 530 527 525 523 523 523 522 521 519 519 521 523 525 529 532 533 533 532 531 532 534 536 538 541 543 545 548 551 553 556 559 560 563 565 570 575 577 581 588 593 597 602 610 615 619 625 633 638 642 645 654 663 674 682 689 695 702 709 716 721 725 727 724 721 719 725 736 741 742 746 755 763 770 779 788 788 791 798 806 812 816
572 565 557 551 547 542 537 531 528 526 524 523 521 520 521 520 519 518 519 521 524 529 532 532 532 531 530 531 533 537 539 541 542 544 547 549 551 552 554 556 559 562 565 570 575 580 587 593 597 602 608 613 619 625 633 638 639 645 651 659 667 675 680 687 691 699 705 707 711 713 713 710 707 709 720 730 730 735 744 750 759 768 774 775 779 786 791 796 800
568 561 553 547 543 540 535 531 529 527 525 522 520 520 520 520 518 517 517 518 521 525 527 529 530 530 530 531 533 535 537 538 538 540 544 547 548 549 550 552 556 559 561 568 572 578 584 591 596 600 604 609 616 622 627 632 634 638 645 653 661 666 671 675 681 689 693 694 694 694 695 695 696 697 698 709 719 725 731 739 747 754 757 761 768 773 777 782 785
563 557 552 547 543 540 537 533 531 529 527 524 521 520 520 520 518 517 517 518 518 520 522 525 528 529 529 531 533 535 536 536 536 538 541 544 546 547 547 549 555 557 558 561 568 573 580 587 591 595 599 604 610 617 622 626 629 633 637 643 650 658 663 665 667 674 678 680 678 678 679 680 685 689 691 699 709 715 721 727 735 739 741 748 755 760 764 768 774
560 556 552 548 545 542 539 536 533 531 527 524 523 522 521 519 518 517 517 517 517 517 519 521 524 526 527 530 532 535 537 538 538 538 540 542 543 544 544 547 551 554 553 557 561 569 576 582 586 591 596 600 606 611 617 622 627 631 634 634 640 649 653 655 655 658 664 668 668 667 670 675 679 684 687 694 702 708 712 718 724 726 729 737 743 747 750 756 761
559 555 551 547 545 541 539 536 532 530 528 526 524 523 522 520 519 517 517 517 517 517 518 520 522 524 526 528 531 534 537 538 539 539 539 540 540 540 542 545 548 551 553 557 562 570 576 580 583 587 591 595 600 607 612 617 623 628 629 629 633 636 641 643 646 651 657 660 660 660 661 666 674 678 681 687 696 700 702 707 713 717 719 725 734 735 738 744 748
558 556 553 548 543 541 538 535 533 530 529 528 527 524 522 520 518 517 516 517 519 519 518 519 521 523 525 528 530 532 534 536 537 538 538 538 538 538 541 544 546 550 555 560 564 570 575 577 579 582 584 587 593 600 605 611 616 620 622 623 625 630 631 633 633 639 645 649 653 654 655 659 664 668 672 678 683 689 689 694 704 709 711 715 719 724 726 731 734
558 556 552 547 543 541 538 535 532 530 530 529 528 526 523 520 518 516 516 518 519 518 517 517 518 521 523 525 528 531 533 533 534 534 535 537 537 539 542 544 545 549 555 560 562 567 571 572 575 577 578 581 586 593 599 605 611 615 617 619 622 628 631 631 630 631 635 637 641 645 650 652 656 660 664 668 672 675 678 683 688 696 700 705 709 713 716 718 722
556 553 548 544 542 539 536 534 532 531 529 529 527 525 523 521 519 518 518 518 517 517 515 516 518 519 520 522 525 528 529 529 530 530 532 533 536 539 542 544 544 546 551 556 560 564 567 569 571 574 575 577 582 589 595 601 607 611 614 616 620 624 626 626 626 628 629 631 629 632 638 643 646 648 650 656 663 668 672 677 680 682 688 693 698 702 705 708 711
551 548 543 539 537 534 532 531 530 529 529 528 526 524 523 522 521 520 519 518 517 516 515 516 517 517 517 519 521 523 524 524 525 526 528 530 533 537 540 543 544 545 549 553 558 562 565 565 567 571 573 574 577 584 591 598 602 607 610 613 618 619 620 620 620 622 624 622 620 622 627 631 636 639 643 648 655 661 666 670 673 677 679 682 686 689 692 695 700
545 543 539 534 531 529 527 527 527 527 527 526 524 523 523 523 523 522 521 519 518 517 516 517 517 517 518 519 522 523 524 524 524 523 525 526 529 533 536 539 541 543 547 552 558 563 564 564 566 569 571 572 573 579 587 593 599 604 606 608 610 614 616 616 615 615 613 611 611 614 617 621 626 631 636 640 646 651 655 659 664 667 669 672 672 676 680 685 689
539 536 533 530 527 525 524 524 525 525 524 523 522 522 523 524 525 525 523 521 519 518 517 518 518 520 521 524 526 525 525 523 522 522 521 523 527 531 535 538 539 541 545 550 557 560 562 562 564 567 569 570 573 579 584 590 594 598 601 603 604 606 609 611 610 608 607 604 605 607 610 614 619 623 627 631 637 642 645 649 654 658 659 660 662 664 670 676 682
531 529 528 527 526 524 522 521 522 522 522 520 520 521 522 525 526 527 526 524 521 518 517 517 518 520 523 525 526 525 524 522 521 520 521 523 526 532 537 539 540 541 544 548 552 555 557 558 559 562 564 567 572 577 582 587 590 596 599 597 598 602 604 604 603 601 598 599 599 600 601 603 608 615 620 623 627 632 636 639 645 648 651 654 656 661 666 670 673
526 524 526 527 525 523 520 520 519 519 518 518 518 519 521 523 525 526 526 525 522 519 515 515 515 517 520 523 523 523 522 521 519 520 521 525 527 531 535 538 540 543 545 548 550 552 552 552 554 556 560 564 568 573 578 581 585 589 590 592 595 598 599 597 595 592 589 590 591 593 594 597 601 606 613 616 617 623 627 631 635 638 641 647 654 658 663 664 666
525 523 522 524 524 522 521 520 519 518 516 516 515 517 519 521 522 523 525 524 523 520 517 514 513 514 516 519 520 521 520 520 519 520 523 526 527 529 533 536 539 542 545 547 548 548 548 548 549 551 557 560 565 570 574 578 580 582 584 585 591 594 594 591 587 585 583 585 586 589 591 595 600 602 605 609 612 616 621 625 629 632 636 642 648 653 657 659 660
523 522 521 521 522 522 521 520 519 518 517 515 515 517 519 520 520 522 524 524 524 523 520 516 513 512 513 516 518 519 519 519 521 523 526 528 529 530 532 534 538 540 541 542 542 543 543 544 544 547 549 554 561 565 569 573 577 577 579 583 587 590 588 585 583 582 582 583 585 587 589 593 595 597 600 605 608 612 617 621 625 630 635 639 643 648 651 653 656
522 522 521 521 521 520 519 518 517 516 515 514 515 517 519 520 520 521 524 526 526 525 523 519 514 511 512 514 517 517 517 518 520 523 527 527 527 527 528 531 534 537 538 538 538 539 539 540 541 543 545 549 552 555 558 565 569 570 573 579 585 582 580 579 578 577 578 580 582 585 587 590 594 596 598 602 604 607 612 617 622 629 632 635 638 641 645 648 652
520 520 520 520 520 519 517 515 514 513 512 511 512 514 516 517 517 519 523 526 527 526 526 523 519 516 513 514 516 516 515 515 517 520 523 525 524 523 524 527 530 532 533 534 536 537 538 538 538 540 543 546 548 549 554 557 560 560 564 571 575 575 574 573 572 572 573 575 577 580 583 589 593 596 597 598 600 602 606 614 621 626 630 632 633 637 642 646 651
518 516 517 518 518 518 515 512 511 510 509 509 510 512 514 515 516 517 520 523 525 526 527 526 523 519 516 514 514 515 515 515 515 516 519 521 522 521 521 523 527 529 529 531 533 534 536 536 537 539 541 544 546 547 550 553 554 555 557 561 564 567 567 568 567 567 568 570 572 574 577 582 587 589 590 594 596 599 604 612 618 624 627 630 632 636 641 647 651
516 515 516 517 517 515 513 511 510 510 510 509 510 511 513 514 514 514 517 521 523 525 527 529 526 522 517 513 512 513 514 514 514 514 516 518 519 520 522 524 525 527 528 529 531 532 534 535 537 539 540 542 543 544 546 548 549 549 553 556 560 563 563 563 563 563 564 565 566 568 569 572 577 580 583 587 594 599 605 612 617 620 624 629 633 638 643 648 652
516 516 516 515 515 514 512 511 510 511 512 512 511 511 512 513 513 513 514 518 520 523 525 526 524 520 514 510 510 511 513 513 513 514 515 517 518 521 524 526 526 527 529 529 530 531 532 533 535 538 539 539 539 541 543 545 545 546 549 554 559 560 559 558 559 560 561 563 565 566 567 568 572 575 579 584 589 599 605 611 615 620 625 631 636 639 643 647 652
516 514 513 512 511 511 510 510 510 511 512 512 511 510 510 510 511 512 513 515 516 518 519 520 518 513 509 507 509 511 513 513 514 515 516 517 519 521 523 524 526 526 528 528 529 529 530 532 534 536 538 538 538 539 541 543 544 543 546 549 554 556 556 556 557 559 561 563 565 568 570 572 573 574 576 580 584 592 602 608 614 619 626 632 636 639 641 645 651
516 514 512 510 509 509 509 509 509 510 510 509 508 507 507 507 508 510 512 513 513 514 515 515 511 508 506 506 509 512 513 514 515 516 516 517 517 518 520 521 522 523 524 525 527 527 529 531 533 535 535 535 535 536 540 542 544 544 545 547 551 555 556 557 560 562 562 564 568 572 575 576 576 576 576 579 581 587 596 604 610 617 623 630 635 639 643 647 651
514 510 507 507 508 509 510 509 509 509 509 507 505 505 505 506 507 509 512 513 513 512 512 511 509 506 505 507 510 513 514 515 515 515 516 515 516 518 519 520 521 521 522 524 525 527 528 530 533 533 534 534 534 536 541 545 545 546 548 550 552 555 558 561 562 562 564 566 570 574 576 577 579 580 580 579 580 583 588 597 607 615 623 629 634 640 644 648 650
512 509 507 506 507 508 509 510 511 510 509 507 504 504 505 506 508 509 513 515 516 515 513 510 506 504 504 506 510 512 514 514 513 514 513 514 515 518 520 522 522 523 524 524 525 527 529 532 533 533 533 534 536 540 546 550 550 551 552 554 557 560 563 563 564 565 566 570 574 577 579 582 585 586 586 582 580 581 583 589 600 610 617 625 632 638 644 648 652
512 509 508 508 508 508 508 509 510 510 507 504 502 501 503 506 508 511 514 517 518 517 515 510 506 504 503 505 507 510 511 511 511 511 512 514 516 518 521 523 525 526 526 526 528 530 532 534 535 536 537 539 543 548 554 558 560 561 563 564 568 570 570 570 569 571 574 577 581 585 589 591 593 594 592 589 585 583 581 584 591 600 608 616 624 634 642 646 649
509 508 507 508 508 506 505 506 506 505 504 502 500 499 502 506 511 514 519 523 522 520 516 512 507 504 503 503 506 507 508 508 508 510 513 516 519 519 522 526 528 529 530 532 533 534 536 537 538 540 543 546 551 557 562 567 568 571 574 576 579 579 579 577 577 578 580 583 587 592 596 598 600 601 600 599 597 592 588 586 588 593 600 608 617 626 634 640 643
508 507 507 505 504 503 502 501 501 501 501 500 499 499 501 506 513 517 522 524 523 521 517 513 508 504 501 501 502 504 505 506 508 510 512 515 517 520 524 530 532 534 536 537 538 537 537 539 542 545 550 555 559 566 572 575 578 580 582 586 588 590 588 586 583 584 587 589 592 596 601 605 607 608 607 606 606 603 598 591 589 590 595 604 610 619 629 635 641
508 507 506 504 501 500 500 500 499 499 499 499 498 498 499 504 510 517 522 523 523 520 518 515 511 505 501 500 500 502 505 506 509 511 512 514 516 520 525 530 534 536 537 539 540 540 539 542 546 551 556 561 565 571 577 581 585 588 590 594 598 600 599 595 591 590 592 595 597 601 606 610 615 616 615 615 615 612 606 598 593 590 592 598 605 613 622 630 634
507 506 504 501 500 499 500 500 500 499 498 498 497 498 501 506 513 519 522 521 520 519 517 513 509 504 500 499 499 502 505 508 509 511 512 514 517 521 525 529 532 535 537 540 541 542 543 544 548 554 560 564 568 573 578 582 585 589 592 595 600 604 603 601 597 595 596 597 601 605 610 617 622 625 626 625 624 621 614 607 600 596 594 598 601 608 615 620 624
508 505 503 500 499 500 500 500 500 499 498 497 497 498 505 512 516 521 522 521 519 516 512 508 504 501 499 499 501 503 506 508 510 510 511 513 517 521 525 527 530 533 537 540 542 544 545 547 552 557 560 564 569 575 579 581 585 588 592 596 599 602 604 603 602 601 602 603 605 609 614 621 627 630 632 632 630 628 624 618 612 605 600 600 601 604 608 614 616
506 504 500 499 499 499 500 500 500 499 498 498 499 504 511 515 518 520 521 519 517 510 505 502 500 499 499 501 502 503 504 506 509 509 510 512 516 520 524 526 527 531 534 537 540 544 547 551 554 558 562 566 572 577 581 583 585 588 592 596 598 602 604 604 604 605 607 609 611 613 617 622 628 633 636 638 637 634 631 629 623 617 611 607 606 606 610 614 616
503 502 500 499 498 499 500 500 500 499 499 499 502 508 515 518 520 521 520 518 513 506 500 499 498 498 499 501 502 501 502 505 508 509 509 511 514 518 523 526 528 530 532 536 540 546 551 554 556 558 561 567 572 577 582 585 587 589 592 595 598 602 604 606 608 610 612 614 617 621 624 628 632 638 642 644 644 642 639 637 633 628 623 618 617 617 619 621 621
502 501 500 500 500 500 500 501 500 500 498 498 500 506 512 517 520 521 520 518 512 503 498 497 497 498 499 500 500 500 502 505 508 509 510 511 514 518 523 529 531 534 535 537 543 549 554 557 559 560 561 565 571 576 581 585 587 589 592 597 601 604 608 611 614 616 618 620 624 629 633 635 640 646 648 649 649 649 647 644 640 636 633 629 630 630 631 632 632
503 501 501 501 502 501 501 501 500 499 497 497 501 507 512 516 518 519 517 515 507 498 496 496 497 498 498 499 499 500 502 504 507 510 512 514 515 518 522 526 530 534 536 539 543 548 553 557 560 562 564 567 571 575 580 583 586 588 592 597 603 608 612 616 618 620 622 626 631 636 638 642 648 653 654 653 655 656 654 652 649 646 644 642 641 641 643 643 642
503 503 502 502 503 502 501 500 499 498 496 499 505 512 516 517 517 517 515 508 502 497 495 497 498 499 498 498 498 499 501 503 506 508 510 512 514 516 519 523 527 530 535 539 544 547 550 553 557 561 566 569 572 574 577 582 586 588 592 598 604 609 613 617 620 622 627 633 637 641 645 650 656 658 658 658 661 664 662 659 659 658 656 655 654 655 653 653 652
504 504 504 504 502 501 499 498 498 498 500 504 508 512 514 515 516 514 510 503 496 495 495 497 499 499 498 498 498 499 500 501 504 507 508 509 511 513 516 521 524 529 534 539 543 546 548 553 559 562 566 569 571 574 577 582 586 589 592 599 604 609 615 620 622 626 631 638 643 648 654 659 662 664 664 665 668 669 669 669 669 669 669 670 670 669 667 665 664
505 504 504 503 501 499 497 497 498 501 505 508 509 510 512 512 511 509 503 497 494 493 494 496 496 497 497 498 498 499 499 500 503 506 507 508 510 513 516 519 523 527 534 540 544 545 550 557 562 565 567 568 572 574 578 584 587 591 595 600 605 610 616 622 626 632 636 642 648 652 657 662 667 669 670 671 673 674 676 679 680 681 681 682 683 682 682 679 679
504 503 501 499 497 497 497 498 501 503 507 509 509 509 509 508 505 501 497 494 492 492 493 494 494 495 497 498 498 499 500 501 503 505 507 509 511 514 517 521 524 529 536 541 544 546 551 558 562 565 568 571 573 576 580 585 589 593 597 602 606 611 617 623 629 635 640 646 652 656 660 665 671 675 677 678 679 680 683 688 690 691 692 694 695 696 696 693 690
