terrain/dems/whites/pemiloop.grd
ncols        465
nrows        414
xllcorner    -71.653472222222
yllcorner    44.089027777778
cellsize     30
[rows 160 to 199 of 414, columns 356 to 444 of 465]
1020 1021 1024 1028 1030 1031 1032 1033 1036 1039 1044 1051 1055 1059 1062 1066 1073 1080 1086 1091 1098 1108 1118 1126 1132 1138 1144 1149 1153 1158 1163 1170 1174 1180 1185 1191 1203 1212 1219 1225 1231 1238 1245 1253 1262 1271 1279 1289 1297 1306 1318 1327 1337 1345 1355 1367 1379 1390 1400 1409 1419 1428 1438 1448 1457 1469 1482 1492 1503 1512 1521 1529 1538 1545 1550 1553 1551 1546 1538 1529 1520 1511 1501 1489 1477 1466 1460 1455 1447
1018 1021 1024 1028 1030 1032 1033 1034 1036 1040 1046 1051 1054 1057 1061 1065 1071 1079 1086 1090 1096 1107 1118 1125 1131 1136 1142 1147 1150 1155 1162 1169 1174 1180 1184 1188 1198 1209 1216 1223 1228 1231 1239 1249 1259 1266 1274 1281 1292 1303 1313 1322 1330 1340 1349 1362 1373 1384 1393 1402 1412 1422 1433 1444 1454 1464 1476 1487 1498 1509 1518 1526 1532 1537 1539 1539 1532 1525 1519 1514 1505 1494 1486 1479 1468 1456 1442 1431 1422
1018 1021 1025 1030 1032 1035 1035 1036 1037 1042 1047 1051 1054 1058 1061 1065 1071 1077 1084 1088 1095 1105 1115 1123 1129 1135 1140 1144 1146 1153 1162 1169 1174 1180 1183 1186 1192 1201 1210 1216 1221 1227 1234 1243 1254 1264 1271 1278 1287 1297 1307 1316 1325 1333 1344 1356 1366 1374 1385 1396 1406 1416 1428 1440 1451 1460 1472 1482 1491 1504 1515 1522 1527 1532 1533 1530 1520 1511 1505 1496 1484 1472 1463 1459 1454 1445 1430 1412 1403
1019 1022 1026 1030 1033 1035 1036 1037 1040 1044 1048 1051 1054 1058 1062 1067 1072 1078 1084 1089 1096 1105 1112 1119 1127 1133 1136 1140 1143 1149 1159 1166 1171 1176 1182 1185 1191 1197 1203 1210 1215 1221 1229 1239 1249 1261 1269 1275 1283 1292 1303 1313 1322 1330 1338 1348 1359 1369 1379 1392 1402 1412 1423 1435 1446 1457 1469 1477 1484 1495 1507 1515 1521 1527 1531 1523 1515 1506 1497 1484 1470 1460 1452 1442 1434 1425 1410 1398 1389
1021 1023 1026 1029 1031 1033 1035 1038 1040 1044 1047 1050 1055 1059 1063 1067 1072 1077 1083 1089 1097 1106 1112 1117 1122 1127 1132 1136 1139 1145 1154 1160 1165 1169 1175 1182 1188 1194 1201 1205 1210 1216 1224 1232 1243 1255 1264 1271 1279 1288 1299 1309 1317 1327 1336 1344 1355 1365 1376 1387 1398 1408 1419 1429 1440 1450 1462 1473 1481 1492 1502 1510 1516 1520 1523 1520 1511 1501 1489 1476 1462 1451 1440 1428 1413 1402 1394 1387 1378
1021 1023 1025 1026 1028 1030 1033 1037 1040 1042 1045 1049 1053 1058 1061 1065 1070 1077 1082 1087 1093 1102 1108 1113 1117 1122 1127 1132 1136 1141 1147 1153 1158 1163 1168 1174 1182 1190 1195 1201 1206 1213 1221 1228 1237 1247 1256 1265 1275 1282 1293 1302 1311 1322 1334 1344 1354 1364 1374 1384 1394 1403 1413 1424 1433 1443 1455 1466 1475 1485 1495 1505 1512 1518 1521 1521 1510 1495 1480 1467 1452 1438 1426 1409 1395 1385 1378 1371 1357
1021 1023 1024 1025 1026 1030 1034 1038 1040 1043 1046 1049 1053 1057 1061 1065 1071 1078 1084 1087 1092 1098 1104 1108 1114 1119 1124 1129 1134 1137 1142 1147 1154 1157 1163 1169 1175 1182 1190 1195 1202 1209 1216 1224 1232 1240 1249 1260 1270 1278 1287 1297 1306 1318 1330 1341 1353 1364 1371 1379 1389 1399 1407 1417 1427 1436 1448 1458 1468 1478 1488 1495 1504 1512 1516 1513 1504 1489 1474 1457 1438 1422 1406 1394 1383 1373 1362 1349 1336
1019 1022 1024 1026 1028 1031 1036 1039 1041 1043 1047 1050 1053 1057 1061 1065 1073 1080 1086 1089 1093 1100 1105 1110 1116 1122 1130 1136 1139 1142 1144 1149 1154 1162 1165 1171 1175 1181 1187 1194 1201 1208 1216 1222 1229 1235 1246 1258 1268 1277 1287 1296 1304 1316 1328 1339 1351 1362 1369 1376 1385 1395 1404 1413 1421 1430 1440 1451 1461 1471 1481 1489 1497 1504 1509 1504 1496 1483 1467 1451 1428 1409 1395 1383 1372 1362 1353 1337 1321
1015 1019 1022 1025 1028 1032 1036 1039 1040 1042 1045 1049 1052 1057 1063 1071 1076 1083 1087 1092 1098 1105 1111 1118 1124 1131 1138 1144 1151 1153 1155 1158 1165 1171 1177 1181 1185 1187 1192 1200 1208 1219 1227 1233 1238 1245 1258 1265 1271 1280 1292 1300 1307 1317 1328 1338 1352 1361 1369 1375 1383 1394 1403 1412 1420 1427 1437 1447 1455 1465 1474 1483 1491 1498 1500 1499 1493 1484 1466 1442 1424 1408 1395 1383 1369 1356 1340 1324 1310
1013 1017 1021 1023 1025 1028 1032 1036 1039 1042 1045 1048 1052 1058 1066 1076 1082 1086 1091 1096 1102 1108 1114 1122 1130 1135 1142 1150 1156 1161 1163 1168 1173 1179 1185 1190 1193 1195 1202 1213 1223 1232 1241 1247 1254 1263 1275 1280 1283 1289 1298 1305 1310 1319 1330 1341 1353 1365 1372 1378 1385 1393 1402 1411 1419 1426 1434 1442 1451 1461 1472 1480 1487 1493 1496 1493 1488 1485 1463 1436 1424 1410 1395 1378 1364 1349 1332 1315 1302
1012 1015 1018 1022 1022 1024 1028 1032 1037 1042 1047 1051 1054 1059 1067 1078 1084 1090 1095 1100 1106 1110 1114 1121 1128 1136 1143 1150 1157 1162 1167 1172 1178 1184 1190 1196 1200 1204 1214 1227 1238 1248 1256 1262 1270 1282 1289 1292 1294 1302 1309 1316 1320 1326 1336 1346 1357 1368 1376 1383 1390 1396 1403 1410 1418 1425 1434 1442 1450 1460 1469 1477 1485 1490 1493 1492 1488 1476 1460 1442 1426 1411 1393 1377 1362 1346 1331 1318 1305
1013 1015 1019 1021 1022 1025 1027 1029 1032 1039 1045 1049 1054 1058 1066 1076 1084 1089 1094 1099 1105 1110 1116 1122 1129 1138 1146 1154 1159 1165 1170 1176 1182 1186 1192 1199 1206 1214 1224 1237 1248 1260 1271 1281 1286 1295 1299 1302 1308 1313 1324 1333 1336 1341 1347 1354 1364 1373 1382 1389 1395 1401 1406 1411 1418 1427 1434 1444 1453 1462 1469 1475 1482 1489 1491 1489 1485 1473 1458 1443 1423 1405 1391 1376 1357 1342 1330 1314 1296
1010 1013 1016 1020 1024 1027 1028 1029 1032 1037 1043 1048 1054 1059 1065 1073 1081 1088 1093 1098 1104 1112 1119 1125 1132 1139 1147 1156 1163 1169 1174 1180 1184 1189 1193 1200 1210 1220 1229 1243 1258 1271 1283 1291 1301 1306 1313 1317 1323 1332 1340 1344 1347 1353 1360 1368 1376 1383 1389 1394 1402 1406 1411 1415 1422 1429 1439 1449 1456 1464 1469 1475 1482 1485 1485 1483 1478 1469 1456 1437 1419 1404 1390 1374 1359 1343 1331 1319 1300
1008 1010 1013 1016 1021 1025 1027 1028 1031 1036 1041 1046 1052 1060 1066 1073 1082 1090 1094 1099 1104 1112 1121 1127 1132 1140 1147 1157 1164 1171 1177 1181 1184 1191 1198 1206 1214 1222 1233 1249 1264 1276 1289 1298 1308 1317 1326 1332 1341 1348 1352 1356 1363 1370 1377 1383 1391 1393 1399 1404 1411 1416 1420 1423 1429 1438 1445 1453 1461 1467 1473 1478 1482 1484 1482 1478 1470 1462 1449 1434 1419 1405 1392 1376 1360 1346 1335 1320 1302
1003 1006 1008 1011 1016 1021 1024 1026 1031 1037 1043 1046 1050 1057 1065 1074 1083 1091 1097 1102 1107 1112 1120 1127 1132 1138 1145 1154 1162 1169 1176 1180 1183 1190 1201 1209 1217 1226 1238 1253 1264 1275 1287 1300 1312 1323 1335 1344 1352 1360 1365 1371 1379 1385 1390 1395 1399 1404 1410 1417 1424 1427 1430 1433 1440 1446 1453 1459 1467 1473 1479 1484 1488 1487 1482 1474 1466 1456 1442 1427 1412 1399 1386 1372 1358 1343 1330 1313 1296
1001 1003 1005 1008 1012 1017 1021 1024 1030 1037 1042 1046 1049 1053 1061 1072 1081 1089 1097 1104 1107 1112 1120 1125 1130 1135 1143 1151 1158 1167 1174 1178 1183 1190 1199 1207 1216 1228 1242 1255 1267 1278 1289 1300 1311 1323 1336 1347 1355 1361 1369 1378 1384 1389 1394 1400 1406 1413 1420 1427 1429 1432 1435 1438 1444 1451 1457 1463 1469 1477 1483 1490 1495 1492 1486 1477 1467 1453 1438 1424 1409 1395 1381 1367 1354 1340 1323 1307 1296
1003 1004 1005 1008 1011 1015 1019 1023 1029 1035 1040 1044 1047 1051 1057 1068 1078 1086 1093 1100 1105 1111 1117 1122 1126 1131 1137 1146 1155 1163 1171 1176 1182 1191 1198 1205 1216 1229 1242 1256 1267 1279 1289 1300 1310 1319 1332 1344 1351 1358 1364 1374 1381 1386 1391 1397 1404 1412 1419 1422 1425 1431 1434 1438 1443 1451 1457 1464 1468 1477 1486 1494 1499 1497 1492 1481 1470 1456 1442 1427 1412 1397 1381 1367 1352 1340 1328 1319 1307
1003 1005 1007 1011 1013 1018 1020 1022 1028 1034 1037 1041 1045 1050 1057 1065 1075 1083 1090 1095 1102 1109 1113 1117 1121 1127 1134 1142 1151 1161 1168 1174 1180 1189 1197 1206 1217 1229 1241 1253 1265 1278 1288 1298 1307 1317 1325 1332 1340 1348 1355 1362 1371 1379 1383 1388 1395 1402 1408 1413 1416 1423 1429 1434 1439 1446 1454 1459 1465 1476 1485 1494 1499 1499 1497 1488 1474 1461 1448 1432 1416 1402 1389 1375 1359 1345 1335 1329 1322
1002 1005 1009 1013 1016 1020 1022 1022 1026 1031 1034 1038 1042 1047 1054 1064 1071 1079 1086 1092 1098 1103 1108 1112 1117 1123 1132 1140 1147 1158 1166 1173 1179 1188 1196 1205 1215 1226 1237 1249 1261 1273 1283 1292 1301 1310 1316 1322 1327 1334 1341 1349 1355 1363 1372 1378 1385 1391 1396 1400 1406 1413 1421 1426 1431 1438 1444 1451 1457 1468 1480 1489 1495 1499 1500 1495 1485 1471 1452 1436 1425 1412 1400 1391 1383 1364 1350 1341 1333
999 1005 1010 1013 1016 1019 1021 1023 1025 1028 1031 1034 1039 1044 1050 1059 1068 1076 1082 1087 1091 1097 1102 1108 1114 1122 1130 1138 1145 1155 1166 1172 1179 1188 1195 1201 1210 1222 1232 1243 1255 1266 1274 1282 1290 1298 1305 1309 1314 1321 1328 1334 1342 1348 1354 1363 1368 1375 1383 1388 1394 1401 1408 1414 1421 1427 1435 1441 1449 1458 1470 1480 1488 1495 1499 1499 1492 1480 1463 1445 1435 1427 1417 1408 1394 1383 1370 1356 1349
996 1004 1010 1014 1015 1017 1018 1021 1025 1027 1030 1033 1037 1041 1045 1053 1063 1071 1078 1082 1086 1091 1098 1105 1113 1119 1127 1136 1144 1154 1163 1172 1178 1183 1191 1198 1206 1218 1227 1237 1247 1257 1264 1271 1279 1286 1293 1297 1301 1306 1313 1321 1327 1334 1338 1343 1350 1359 1367 1376 1383 1389 1396 1404 1411 1419 1427 1435 1441 1451 1461 1470 1479 1488 1495 1497 1494 1489 1473 1453 1444 1439 1433 1425 1411 1399 1387 1376 1369
995 1001 1008 1010 1014 1015 1017 1020 1024 1027 1030 1034 1037 1040 1043 1047 1056 1065 1073 1079 1083 1087 1095 1102 1109 1116 1123 1133 1143 1152 1161 1169 1176 1182 1188 1195 1203 1212 1222 1232 1240 1246 1253 1262 1268 1274 1280 1285 1289 1293 1300 1308 1314 1319 1325 1331 1336 1343 1353 1361 1370 1378 1384 1393 1402 1411 1420 1427 1434 1442 1453 1461 1471 1482 1491 1493 1493 1491 1486 1474 1463 1452 1442 1431 1419 1410 1402 1391 1380
993 996 1002 1006 1010 1013 1017 1020 1023 1026 1030 1034 1037 1040 1042 1044 1050 1060 1068 1075 1079 1085 1091 1099 1108 1116 1122 1129 1141 1150 1159 1167 1174 1180 1186 1193 1200 1209 1216 1223 1230 1236 1242 1251 1257 1262 1267 1272 1277 1283 1288 1295 1301 1306 1313 1321 1327 1334 1340 1348 1356 1366 1375 1382 1391 1400 1410 1417 1423 1433 1444 1454 1464 1476 1486 1490 1492 1491 1487 1481 1470 1458 1446 1435 1423 1410 1399 1387 1374
989 993 999 1004 1009 1012 1016 1020 1023 1028 1031 1033 1036 1039 1041 1042 1049 1058 1066 1073 1078 1083 1088 1097 1105 1116 1123 1132 1142 1150 1158 1166 1173 1178 1184 1190 1198 1205 1211 1216 1222 1227 1232 1240 1246 1250 1254 1257 1263 1270 1276 1281 1287 1293 1299 1308 1315 1320 1327 1334 1342 1352 1361 1368 1377 1387 1396 1405 1414 1425 1438 1449 1460 1469 1477 1486 1490 1489 1486 1480 1471 1457 1446 1437 1423 1407 1386 1366 1361
986 992 998 1004 1008 1011 1014 1019 1022 1026 1030 1033 1034 1036 1038 1040 1047 1058 1066 1071 1074 1079 1086 1094 1104 1113 1124 1134 1143 1151 1158 1165 1172 1178 1181 1186 1193 1201 1207 1211 1214 1219 1223 1228 1234 1239 1243 1247 1252 1258 1265 1270 1275 1281 1288 1293 1299 1306 1315 1323 1329 1338 1347 1355 1363 1372 1384 1396 1407 1418 1430 1442 1455 1464 1472 1481 1486 1486 1481 1474 1466 1455 1441 1426 1409 1391 1373 1362 1353
986 991 996 1002 1006 1010 1014 1018 1021 1023 1027 1031 1032 1034 1036 1041 1048 1057 1064 1068 1071 1077 1085 1095 1103 1112 1121 1133 1143 1150 1157 1164 1172 1177 1180 1184 1190 1197 1202 1206 1208 1210 1213 1218 1224 1228 1233 1239 1243 1249 1254 1261 1267 1273 1279 1284 1288 1294 1303 1311 1320 1330 1339 1347 1354 1364 1376 1391 1402 1413 1424 1441 1452 1461 1472 1481 1485 1484 1475 1467 1458 1446 1434 1417 1396 1382 1368 1355 1344
983 988 993 999 1003 1009 1014 1019 1020 1021 1024 1028 1032 1035 1038 1042 1048 1055 1060 1065 1070 1077 1086 1096 1104 1111 1121 1131 1141 1149 1155 1160 1166 1173 1177 1182 1186 1192 1197 1201 1203 1203 1206 1209 1215 1219 1223 1229 1235 1239 1243 1250 1257 1262 1268 1274 1280 1286 1293 1300 1308 1320 1330 1342 1351 1360 1374 1387 1400 1414 1425 1439 1451 1460 1470 1480 1485 1483 1476 1467 1455 1443 1426 1408 1391 1376 1364 1350 1333
980 985 990 994 1000 1007 1012 1016 1019 1020 1022 1026 1031 1036 1039 1043 1046 1052 1057 1062 1067 1076 1086 1095 1102 1109 1118 1127 1137 1145 1151 1155 1160 1166 1174 1178 1180 1182 1187 1191 1193 1194 1197 1201 1206 1209 1213 1219 1224 1229 1234 1240 1246 1251 1256 1263 1270 1277 1283 1291 1301 1312 1325 1338 1350 1361 1372 1383 1399 1413 1426 1440 1455 1463 1471 1478 1485 1485 1477 1466 1453 1435 1421 1408 1391 1376 1362 1346 1327
977 983 987 990 994 1003 1009 1014 1018 1020 1022 1025 1031 1035 1038 1042 1045 1049 1054 1059 1065 1072 1082 1091 1098 1107 1114 1123 1131 1138 1145 1150 1154 1160 1168 1171 1172 1174 1177 1180 1181 1183 1186 1190 1194 1198 1202 1207 1213 1219 1225 1231 1236 1240 1246 1254 1260 1267 1276 1285 1297 1309 1321 1334 1348 1362 1374 1386 1401 1414 1427 1443 1455 1465 1471 1475 1483 1482 1475 1464 1452 1437 1420 1401 1383 1370 1358 1342 1326
975 979 982 986 992 999 1005 1010 1015 1019 1021 1025 1029 1034 1037 1041 1043 1047 1052 1057 1063 1068 1076 1086 1093 1101 1110 1118 1126 1133 1139 1145 1149 1153 1157 1160 1162 1167 1169 1171 1171 1171 1174 1179 1181 1184 1189 1194 1201 1207 1215 1224 1231 1235 1242 1249 1257 1264 1275 1287 1297 1310 1320 1332 1345 1358 1371 1387 1403 1418 1430 1443 1457 1469 1473 1477 1483 1484 1477 1465 1447 1434 1423 1404 1387 1372 1357 1345 1335
976 979 981 985 991 997 1002 1007 1012 1016 1020 1023 1027 1032 1036 1040 1043 1047 1051 1056 1061 1067 1074 1081 1089 1097 1107 1113 1121 1127 1133 1138 1142 1146 1149 1151 1154 1157 1160 1161 1161 1162 1164 1169 1174 1178 1181 1188 1194 1203 1212 1222 1231 1238 1244 1252 1259 1269 1281 1293 1303 1312 1324 1334 1343 1356 1371 1389 1408 1422 1434 1447 1459 1471 1478 1483 1489 1489 1478 1460 1447 1437 1426 1416 1397 1376 1368 1357 1332
978 980 983 987 991 996 1000 1005 1010 1016 1020 1023 1027 1032 1036 1040 1045 1049 1053 1056 1060 1065 1072 1081 1087 1094 1103 1108 1113 1119 1125 1128 1132 1137 1140 1143 1145 1147 1147 1150 1152 1157 1162 1171 1177 1183 1189 1197 1206 1215 1221 1230 1237 1245 1252 1260 1269 1279 1292 1303 1311 1321 1332 1340 1348 1358 1377 1393 1408 1425 1438 1449 1461 1472 1482 1490 1497 1495 1484 1471 1457 1442 1432 1419 1401 1382 1364 1342 1324
980 982 984 986 990 995 1000 1003 1007 1014 1021 1024 1028 1032 1036 1041 1046 1051 1054 1057 1060 1064 1070 1078 1084 1091 1097 1101 1105 1111 1115 1119 1122 1127 1130 1132 1135 1139 1142 1144 1151 1162 1171 1182 1191 1197 1204 1214 1221 1228 1233 1239 1248 1258 1266 1274 1283 1290 1302 1315 1325 1336 1345 1352 1358 1369 1384 1401 1414 1429 1443 1455 1464 1474 1482 1493 1502 1497 1486 1473 1458 1445 1432 1415 1398 1375 1351 1335 1321
982 983 985 988 990 995 999 1002 1007 1014 1021 1024 1027 1031 1036 1041 1047 1051 1054 1057 1060 1064 1069 1075 1081 1085 1090 1094 1098 1102 1108 1112 1118 1121 1125 1127 1133 1137 1145 1154 1162 1172 1183 1193 1200 1207 1216 1224 1231 1237 1243 1249 1259 1271 1280 1291 1300 1306 1319 1330 1338 1348 1357 1364 1372 1382 1393 1408 1423 1437 1449 1461 1468 1476 1489 1501 1506 1501 1487 1475 1463 1444 1427 1414 1398 1377 1357 1339 1325
982 985 987 989 991 995 998 1002 1007 1015 1019 1022 1024 1030 1036 1042 1045 1049 1053 1055 1057 1061 1065 1071 1076 1081 1085 1089 1093 1098 1102 1110 1118 1125 1128 1135 1141 1150 1158 1166 1174 1182 1190 1198 1206 1214 1224 1232 1240 1247 1255 1262 1273 1285 1298 1308 1316 1324 1334 1343 1350 1357 1367 1377 1386 1396 1406 1420 1434 1447 1459 1470 1479 1490 1501 1514 1513 1505 1493 1476 1465 1451 1436 1415 1398 1381 1364 1345 1333
982 985 987 989 991 994 997 1001 1006 1013 1018 1021 1024 1028 1035 1039 1043 1046 1050 1053 1055 1059 1064 1068 1072 1077 1081 1086 1093 1098 1106 1113 1122 1128 1135 1142 1151 1158 1168 1175 1183 1188 1194 1202 1210 1219 1229 1239 1248 1258 1267 1277 1289 1300 1311 1321 1330 1341 1348 1358 1364 1372 1382 1391 1407 1410 1427 1449 1458 1464 1475 1486 1498 1510 1520 1519 1520 1514 1500 1484 1473 1460 1444 1422 1398 1379 1361 1348 1336
981 984 987 988 991 995 998 1002 1006 1011 1015 1019 1024 1028 1033 1038 1041 1045 1049 1052 1055 1060 1064 1067 1070 1075 1081 1088 1096 1103 1110 1117 1124 1130 1138 1147 1154 1162 1169 1180 1188 1193 1198 1206 1215 1224 1233 1242 1253 1265 1276 1287 1298 1310 1318 1327 1337 1347 1361 1370 1379 1389 1396 1408 1426 1432 1452 1464 1475 1481 1490 1499 1509 1520 1529 1530 1527 1519 1507 1493 1481 1465 1446 1431 1413 1386 1361 1350 1340
981 983 986 988 991 993 997 1000 1005 1008 1012 1018 1023 1027 1032 1037 1040 1044 1048 1052 1055 1061 1064 1067 1069 1073 1080 1088 1096 1104 1112 1119 1125 1131 1141 1149 1155 1162 1169 1177 1185 1191 1199 1208 1218 1227 1235 1243 1254 1267 1280 1290 1300 1311 1321 1331 1342 1353 1364 1376 1387 1396 1405 1416 1433 1446 1456 1466 1477 1487 1495 1504 1512 1520 1527 1534 1533 1523 1512 1499 1484 1467 1458 1451 1447 1439 1407 1368 1357
981 984 986 987 990 992 994 1000 1005 1009 1012 1018 1023 1027 1032 1035 1039 1042 1047 1051 1056 1061 1066 1067 1070 1073 1080 1088 1096 1103 1111 1118 1123 1132 1141 1147 1154 1160 1168 1174 1181 1189 1198 1207 1216 1225 1235 1243 1253 1265 1277 1289 1299 1312 1324 1334 1344 1354 1366 1380 1392 1402 1411 1424 1436 1446 1454 1464 1474 1483 1491 1499 1507 1515 1520 1528 1532 1525 1517 1505 1492 1479 1468 1461 1454 1446 1433 1412 1401
982 985 986 988 991 992 995 1000 1006 1010 1013 1017 1022 1027 1032 1035 1037 1042 1046 1051 1056 1061 1065 1069 1072 1076 1080 1086 1092 1099 1107 1114 1122 1130 1137 1144 1151 1158 1165 1172 1179 1187 1195 1205 1213 1222 1231 1242 1252 1261 1272 1285 1298 1310 1322 1333 1345 1356 1366 1378 1390 1403 1412 1424 1434 1442 1449 1458 1468 1475 1481 1488 1497 1505 1512 1519 1524 1528 1520 1511 1502 1493 1481 1473 1465 1451 1436 1428 1421
