terrain/dems/whites/pemiloop.grd
ncols        465
nrows        414
xllcorner    -71.653472222222
yllcorner    44.089027777778
cellsize     30
[rows 200 to 239 of 414, columns 356 to 444 of 465]
979 982 985 987 990 992 995 1001 1005 1009 1013 1017 1020 1025 1030 1034 1037 1041 1046 1051 1056 1060 1064 1068 1071 1074 1077 1082 1088 1094 1101 1110 1118 1126 1134 1140 1148 1157 1162 1169 1175 1185 1193 1202 1212 1220 1229 1240 1250 1259 1269 1282 1297 1309 1321 1331 1342 1354 1366 1375 1387 1399 1408 1416 1426 1434 1441 1449 1457 1465 1470 1475 1483 1492 1501 1510 1518 1517 1515 1506 1499 1488 1478 1470 1463 1449 1434 1425 1417
976 979 983 985 988 991 995 999 1003 1006 1011 1016 1020 1024 1028 1033 1037 1041 1045 1050 1054 1059 1062 1066 1070 1073 1075 1079 1085 1092 1098 1105 1113 1124 1131 1138 1146 1154 1161 1168 1174 1181 1190 1199 1210 1218 1226 1236 1248 1258 1269 1283 1296 1310 1319 1328 1339 1351 1362 1370 1380 1392 1401 1407 1414 1424 1433 1440 1447 1455 1462 1466 1473 1481 1491 1501 1505 1506 1501 1498 1487 1477 1466 1456 1449 1440 1427 1415 1407
973 976 980 983 986 989 993 998 1002 1005 1009 1014 1018 1022 1027 1033 1038 1042 1045 1049 1054 1058 1061 1066 1068 1072 1074 1078 1083 1090 1096 1103 1110 1119 1128 1136 1142 1151 1160 1167 1172 1179 1187 1196 1206 1216 1225 1235 1246 1256 1268 1281 1295 1307 1317 1326 1335 1346 1355 1362 1370 1379 1390 1398 1405 1411 1420 1429 1436 1445 1452 1458 1464 1473 1481 1489 1494 1493 1489 1482 1471 1458 1448 1441 1430 1417 1408 1397 1387
971 973 978 982 986 989 992 996 999 1005 1010 1014 1018 1022 1027 1033 1039 1043 1047 1050 1053 1055 1058 1061 1065 1068 1072 1075 1080 1087 1094 1100 1108 1116 1124 1133 1142 1149 1158 1166 1173 1179 1186 1195 1204 1213 1224 1233 1242 1253 1265 1277 1290 1303 1312 1321 1329 1337 1346 1354 1361 1369 1378 1387 1395 1404 1412 1420 1426 1433 1442 1449 1457 1467 1476 1482 1486 1482 1477 1467 1454 1444 1435 1422 1409 1398 1387 1376 1365
969 973 978 983 986 989 992 994 999 1005 1010 1014 1017 1022 1027 1033 1037 1042 1045 1048 1050 1052 1054 1056 1061 1066 1069 1074 1078 1085 1091 1098 1106 1114 1122 1131 1139 1149 1157 1164 1172 1179 1186 1194 1202 1211 1220 1229 1238 1248 1257 1270 1285 1296 1305 1312 1320 1328 1335 1343 1351 1358 1366 1376 1386 1395 1405 1413 1420 1427 1436 1444 1452 1461 1471 1478 1480 1476 1468 1457 1442 1430 1418 1404 1390 1379 1366 1357 1352
970 974 979 983 986 989 992 996 999 1005 1010 1014 1019 1022 1027 1032 1036 1039 1043 1046 1049 1052 1054 1056 1060 1065 1070 1074 1078 1082 1089 1098 1105 1111 1120 1128 1137 1148 1158 1166 1172 1178 1186 1194 1201 1209 1216 1226 1237 1245 1253 1265 1277 1288 1295 1303 1311 1318 1325 1333 1341 1350 1357 1367 1377 1386 1397 1407 1415 1426 1435 1442 1449 1457 1465 1473 1469 1464 1457 1448 1434 1420 1403 1384 1373 1364 1354 1343 1332
969 974 979 982 984 986 992 997 1000 1002 1006 1013 1019 1023 1027 1032 1035 1039 1042 1045 1048 1051 1053 1056 1060 1065 1069 1074 1078 1083 1090 1099 1105 1112 1120 1128 1137 1149 1161 1169 1176 1179 1185 1192 1200 1207 1212 1218 1231 1240 1249 1258 1268 1275 1282 1289 1298 1308 1316 1325 1334 1342 1350 1359 1368 1378 1390 1402 1412 1422 1433 1440 1445 1452 1460 1464 1463 1456 1447 1435 1423 1407 1387 1373 1361 1350 1339 1324 1311
967 972 977 980 981 985 991 997 999 1000 1004 1011 1018 1024 1028 1032 1037 1040 1041 1042 1044 1048 1050 1054 1059 1063 1067 1072 1078 1083 1090 1099 1107 1114 1121 1129 1138 1151 1162 1170 1176 1180 1184 1190 1197 1204 1207 1211 1220 1230 1239 1248 1256 1262 1269 1277 1285 1295 1305 1314 1324 1335 1344 1352 1362 1370 1383 1396 1407 1417 1427 1436 1445 1451 1458 1458 1457 1446 1433 1424 1415 1396 1376 1363 1351 1335 1320 1308 1297
966 971 977 980 981 984 990 995 998 1000 1005 1013 1019 1023 1028 1032 1035 1038 1039 1041 1044 1047 1049 1053 1059 1062 1066 1071 1076 1082 1089 1098 1107 1115 1122 1127 1137 1150 1161 1168 1174 1178 1182 1188 1194 1199 1203 1206 1212 1220 1229 1238 1245 1251 1258 1267 1278 1288 1297 1306 1317 1329 1341 1352 1360 1369 1379 1391 1402 1412 1423 1433 1441 1448 1453 1454 1443 1429 1420 1413 1400 1384 1364 1350 1340 1324 1308 1295 1285
967 971 976 981 982 985 990 995 998 1001 1006 1012 1017 1021 1025 1029 1032 1037 1039 1041 1044 1047 1050 1053 1057 1061 1066 1071 1077 1083 1089 1097 1105 1115 1122 1128 1136 1145 1156 1163 1169 1174 1178 1185 1190 1194 1197 1200 1204 1211 1220 1228 1235 1242 1252 1262 1272 1283 1294 1304 1315 1328 1339 1350 1360 1367 1378 1390 1400 1412 1422 1432 1439 1446 1447 1446 1433 1418 1407 1398 1386 1367 1355 1346 1331 1313 1300 1289 1278
966 968 972 977 981 984 989 993 997 1001 1007 1012 1016 1019 1022 1025 1029 1033 1036 1038 1042 1046 1050 1053 1056 1061 1066 1072 1079 1084 1089 1094 1102 1112 1120 1127 1133 1141 1150 1157 1164 1170 1174 1179 1185 1188 1190 1194 1198 1205 1214 1222 1230 1238 1247 1258 1270 1283 1293 1303 1315 1326 1335 1345 1356 1365 1376 1389 1401 1412 1422 1432 1439 1443 1444 1438 1428 1412 1399 1387 1374 1362 1349 1333 1321 1309 1295 1280 1269
965 967 970 974 979 984 987 991 995 1000 1005 1009 1013 1016 1020 1024 1028 1031 1032 1035 1038 1044 1049 1052 1055 1059 1065 1072 1079 1085 1088 1092 1099 1107 1116 1124 1131 1137 1144 1150 1157 1164 1169 1172 1177 1180 1185 1189 1195 1202 1212 1220 1228 1238 1249 1259 1270 1282 1293 1302 1313 1325 1334 1343 1354 1366 1377 1391 1403 1415 1426 1436 1441 1440 1437 1428 1417 1404 1392 1382 1371 1353 1334 1322 1312 1298 1285 1274 1263
963 965 969 973 979 982 987 991 994 997 1001 1005 1009 1014 1019 1024 1027 1030 1032 1033 1037 1042 1047 1051 1054 1058 1064 1070 1076 1083 1088 1092 1098 1104 1112 1120 1127 1133 1138 1143 1149 1158 1164 1167 1172 1176 1183 1190 1198 1205 1213 1220 1228 1239 1251 1262 1275 1287 1296 1306 1316 1326 1337 1347 1357 1369 1379 1392 1406 1417 1427 1437 1440 1440 1432 1420 1407 1396 1386 1373 1359 1344 1331 1319 1305 1291 1275 1260 1252
961 964 966 970 975 981 987 991 994 996 1000 1004 1008 1013 1019 1021 1024 1027 1030 1033 1036 1040 1044 1048 1053 1058 1063 1067 1072 1078 1085 1092 1096 1101 1108 1115 1122 1129 1135 1139 1145 1155 1163 1169 1174 1178 1186 1196 1204 1212 1218 1222 1233 1246 1258 1267 1279 1294 1303 1311 1321 1332 1343 1352 1361 1373 1384 1395 1408 1419 1426 1436 1441 1440 1431 1418 1406 1393 1380 1370 1357 1343 1328 1314 1304 1290 1273 1258 1246
960 962 966 971 975 980 986 989 993 997 1001 1003 1006 1011 1015 1018 1020 1024 1028 1031 1035 1038 1042 1048 1051 1055 1060 1065 1070 1076 1082 1090 1096 1099 1105 1114 1121 1128 1134 1141 1148 1158 1166 1173 1178 1183 1189 1200 1209 1217 1223 1231 1241 1256 1267 1275 1286 1299 1307 1315 1325 1337 1347 1355 1362 1374 1386 1399 1410 1420 1429 1437 1442 1440 1433 1418 1405 1394 1383 1368 1353 1338 1322 1309 1297 1283 1268 1255 1243
959 962 965 970 975 979 983 987 991 995 999 1002 1004 1007 1011 1014 1017 1021 1025 1029 1033 1037 1041 1047 1052 1056 1060 1067 1072 1077 1083 1090 1096 1102 1109 1115 1123 1131 1138 1145 1155 1164 1171 1176 1182 1187 1195 1204 1211 1219 1228 1236 1248 1260 1270 1278 1290 1302 1311 1317 1325 1338 1350 1356 1362 1374 1387 1399 1410 1420 1429 1435 1441 1440 1434 1420 1407 1396 1379 1362 1348 1333 1317 1302 1290 1278 1263 1251 1242
960 962 964 969 973 976 980 983 987 992 996 998 1001 1005 1009 1012 1015 1019 1024 1029 1034 1039 1044 1051 1056 1059 1064 1070 1077 1081 1086 1092 1100 1108 1114 1120 1128 1134 1143 1151 1161 1170 1176 1182 1187 1192 1199 1205 1212 1221 1228 1237 1249 1261 1271 1281 1293 1304 1312 1318 1326 1336 1346 1356 1364 1375 1387 1396 1405 1415 1424 1433 1438 1437 1430 1420 1407 1394 1378 1361 1348 1335 1318 1303 1291 1280 1267 1255 1243
963 965 967 970 972 975 978 982 986 989 994 997 1000 1004 1009 1013 1017 1021 1026 1032 1038 1042 1048 1056 1060 1064 1068 1074 1081 1087 1091 1099 1108 1115 1120 1125 1133 1140 1145 1154 1164 1172 1179 1183 1188 1193 1200 1206 1213 1220 1228 1236 1247 1257 1269 1280 1292 1303 1309 1315 1323 1332 1341 1351 1361 1372 1382 1391 1399 1408 1416 1424 1431 1433 1428 1417 1405 1394 1382 1371 1357 1340 1326 1313 1298 1282 1270 1260 1249
962 964 967 969 971 974 978 981 986 990 993 997 1001 1006 1011 1016 1020 1024 1028 1034 1040 1045 1050 1058 1063 1067 1072 1079 1087 1092 1097 1105 1114 1122 1126 1130 1137 1142 1149 1156 1165 1172 1178 1182 1187 1192 1199 1206 1212 1218 1226 1234 1243 1252 1263 1274 1286 1295 1301 1308 1317 1327 1337 1346 1355 1365 1375 1384 1392 1402 1409 1416 1423 1428 1422 1413 1405 1396 1384 1372 1358 1347 1335 1321 1305 1291 1278 1265 1254
959 962 964 967 970 974 979 983 986 990 995 999 1004 1009 1013 1018 1022 1026 1030 1036 1041 1048 1054 1060 1065 1071 1078 1085 1091 1095 1100 1107 1117 1125 1130 1136 1140 1145 1150 1158 1166 1173 1176 1180 1185 1189 1196 1202 1208 1215 1221 1230 1239 1247 1254 1265 1274 1284 1290 1298 1308 1318 1327 1339 1349 1356 1366 1373 1382 1390 1400 1410 1419 1425 1424 1417 1407 1397 1388 1375 1365 1354 1343 1329 1314 1302 1290 1278 1266
960 962 964 966 969 974 978 982 986 990 997 1002 1006 1010 1013 1017 1021 1027 1033 1039 1045 1050 1055 1060 1065 1073 1081 1086 1091 1097 1103 1109 1116 1124 1130 1136 1141 1145 1151 1158 1167 1171 1174 1177 1182 1187 1192 1197 1202 1207 1214 1223 1230 1237 1245 1255 1262 1269 1279 1287 1297 1307 1317 1327 1338 1349 1356 1364 1372 1382 1393 1405 1415 1420 1422 1417 1409 1400 1392 1382 1370 1358 1347 1333 1321 1310 1303 1294 1284
963 964 966 968 971 973 978 981 985 991 997 1003 1006 1010 1013 1016 1022 1027 1034 1041 1046 1050 1055 1060 1065 1073 1082 1087 1093 1099 1105 1110 1116 1123 1129 1134 1137 1142 1149 1156 1162 1167 1170 1173 1176 1181 1185 1188 1192 1199 1207 1215 1219 1226 1233 1240 1247 1258 1267 1278 1288 1298 1307 1316 1328 1339 1350 1358 1367 1378 1391 1403 1412 1418 1421 1416 1411 1405 1397 1387 1375 1364 1354 1343 1331 1322 1313 1305 1297
965 966 967 969 972 976 979 982 985 989 995 1002 1006 1010 1013 1017 1021 1028 1035 1041 1047 1051 1055 1060 1067 1075 1082 1088 1095 1100 1105 1109 1114 1119 1126 1130 1133 1137 1142 1149 1155 1158 1162 1165 1169 1173 1178 1180 1183 1189 1197 1204 1210 1215 1223 1230 1236 1245 1257 1268 1278 1289 1300 1309 1320 1332 1343 1353 1362 1373 1384 1398 1408 1418 1422 1420 1416 1407 1402 1392 1382 1371 1363 1353 1342 1333 1325 1317 1310
966 967 968 969 973 978 980 982 984 988 993 999 1003 1008 1012 1017 1022 1027 1035 1042 1046 1051 1055 1060 1066 1073 1080 1086 1093 1098 1102 1107 1110 1113 1117 1123 1128 1131 1136 1141 1146 1150 1152 1155 1159 1163 1168 1173 1176 1179 1186 1192 1196 1203 1212 1221 1230 1237 1247 1259 1269 1280 1293 1304 1314 1323 1335 1345 1355 1368 1379 1391 1401 1411 1421 1425 1424 1418 1409 1400 1392 1382 1373 1363 1355 1346 1340 1332 1323
966 968 969 971 973 978 980 981 983 987 992 997 1000 1004 1009 1015 1020 1027 1035 1041 1046 1049 1053 1058 1063 1069 1076 1083 1090 1096 1099 1102 1105 1107 1112 1118 1122 1128 1131 1135 1138 1142 1144 1147 1149 1152 1158 1164 1168 1172 1176 1180 1185 1191 1201 1211 1221 1231 1241 1250 1262 1274 1286 1297 1308 1318 1327 1339 1352 1364 1375 1388 1398 1408 1418 1426 1431 1428 1421 1412 1405 1397 1386 1377 1369 1361 1353 1346 1339
964 968 970 972 974 977 980 980 982 985 991 994 997 1001 1006 1012 1018 1025 1033 1039 1043 1046 1050 1055 1060 1067 1074 1080 1086 1091 1095 1099 1103 1106 1109 1111 1114 1118 1124 1127 1130 1133 1135 1139 1142 1144 1148 1153 1159 1162 1167 1170 1176 1184 1194 1203 1211 1225 1237 1245 1254 1267 1280 1291 1303 1313 1324 1336 1349 1361 1371 1385 1396 1406 1418 1427 1435 1436 1430 1424 1417 1410 1400 1391 1384 1375 1366 1360 1355
963 967 971 973 975 977 979 980 982 985 988 991 994 999 1005 1009 1015 1020 1028 1034 1038 1042 1046 1052 1058 1064 1070 1075 1080 1084 1089 1094 1098 1101 1104 1105 1107 1109 1111 1117 1119 1121 1125 1129 1132 1131 1134 1138 1145 1150 1155 1160 1167 1176 1183 1195 1205 1218 1231 1241 1250 1262 1274 1285 1298 1312 1323 1335 1347 1359 1368 1379 1391 1403 1415 1426 1434 1436 1436 1433 1428 1419 1411 1402 1396 1389 1382 1375 1368
961 965 968 971 975 977 978 980 982 984 987 990 993 997 1001 1006 1010 1016 1023 1029 1033 1037 1041 1046 1052 1058 1063 1068 1073 1078 1082 1087 1091 1094 1096 1098 1099 1101 1102 1105 1109 1111 1115 1117 1119 1121 1123 1129 1134 1140 1146 1152 1160 1169 1178 1188 1199 1211 1225 1237 1246 1259 1271 1281 1294 1308 1319 1331 1343 1354 1362 1373 1386 1399 1411 1421 1429 1435 1438 1438 1437 1431 1423 1415 1406 1398 1392 1384 1375
960 964 967 971 974 976 978 980 981 984 986 989 993 996 999 1003 1008 1013 1018 1025 1029 1033 1037 1041 1046 1052 1056 1062 1067 1072 1075 1079 1083 1086 1088 1089 1091 1093 1095 1097 1099 1103 1105 1108 1110 1113 1118 1124 1129 1135 1141 1150 1158 1167 1175 1183 1195 1207 1219 1231 1242 1255 1269 1279 1290 1301 1312 1324 1338 1349 1357 1367 1379 1392 1405 1413 1423 1430 1434 1438 1440 1436 1432 1424 1415 1406 1399 1390 1381
960 965 968 971 973 976 979 981 981 983 986 990 994 998 1001 1003 1006 1010 1015 1021 1025 1029 1033 1037 1041 1046 1051 1057 1062 1066 1068 1071 1075 1078 1080 1081 1082 1086 1087 1090 1092 1094 1096 1097 1102 1107 1112 1119 1127 1134 1141 1149 1158 1166 1172 1181 1191 1202 1215 1226 1237 1251 1266 1277 1287 1296 1308 1320 1333 1344 1354 1364 1371 1381 1392 1401 1412 1422 1429 1433 1437 1436 1432 1428 1421 1412 1403 1394 1384
960 965 970 972 974 977 980 981 980 983 986 991 996 999 1001 1003 1007 1011 1013 1017 1022 1026 1029 1032 1036 1041 1045 1051 1055 1059 1062 1064 1066 1070 1072 1075 1077 1078 1082 1085 1086 1087 1088 1090 1094 1100 1106 1114 1123 1133 1141 1149 1157 1163 1170 1180 1190 1199 1210 1223 1234 1246 1259 1271 1281 1293 1303 1313 1325 1336 1348 1358 1364 1371 1381 1391 1402 1413 1421 1428 1431 1432 1430 1429 1420 1410 1402 1393 1384
961 966 970 973 975 978 979 980 982 984 988 992 996 1000 1000 1003 1007 1010 1013 1015 1019 1023 1027 1030 1033 1036 1039 1043 1048 1053 1057 1059 1060 1063 1067 1070 1073 1075 1076 1079 1078 1078 1079 1084 1088 1094 1100 1111 1121 1129 1139 1148 1155 1161 1168 1178 1188 1197 1208 1218 1230 1241 1255 1265 1277 1288 1299 1309 1318 1328 1340 1349 1358 1366 1375 1384 1395 1405 1411 1417 1424 1426 1426 1424 1418 1410 1401 1394 1385
965 968 971 973 975 978 980 982 984 987 989 991 995 999 1000 1002 1006 1009 1011 1013 1015 1020 1025 1029 1031 1033 1036 1040 1045 1049 1053 1055 1056 1057 1061 1064 1065 1067 1069 1069 1069 1068 1071 1077 1084 1090 1100 1109 1119 1128 1136 1144 1151 1159 1167 1176 1186 1195 1206 1216 1227 1240 1252 1261 1271 1281 1292 1303 1314 1323 1332 1341 1349 1358 1366 1374 1384 1395 1403 1407 1412 1418 1420 1421 1419 1413 1405 1397 1388
968 971 972 974 976 979 983 984 986 987 988 991 995 999 1000 1002 1005 1008 1009 1011 1014 1018 1024 1028 1029 1031 1034 1037 1041 1046 1049 1051 1051 1052 1054 1056 1056 1057 1059 1060 1061 1063 1067 1074 1081 1088 1097 1106 1115 1124 1133 1141 1148 1157 1167 1174 1180 1192 1203 1212 1221 1233 1245 1255 1263 1272 1281 1293 1305 1315 1323 1332 1340 1347 1355 1363 1373 1384 1393 1398 1402 1408 1412 1418 1419 1417 1409 1402 1393
970 973 976 978 980 983 985 987 987 987 987 990 996 1000 1003 1003 1004 1005 1006 1010 1014 1018 1022 1026 1028 1030 1031 1034 1036 1041 1043 1044 1045 1046 1047 1047 1047 1048 1050 1051 1054 1057 1063 1072 1078 1085 1093 1101 1111 1123 1133 1140 1147 1156 1164 1171 1178 1188 1198 1206 1215 1223 1235 1244 1253 1263 1272 1281 1294 1305 1312 1321 1330 1339 1346 1354 1362 1370 1379 1385 1391 1395 1401 1408 1415 1417 1414 1410 1398
976 978 980 982 984 985 987 989 989 990 990 992 995 999 1001 1001 1002 1003 1006 1011 1014 1017 1020 1023 1025 1027 1030 1031 1033 1035 1036 1036 1037 1038 1037 1037 1037 1038 1041 1043 1047 1053 1060 1068 1078 1085 1091 1099 1110 1123 1132 1138 1145 1152 1159 1167 1173 1183 1193 1202 1209 1217 1226 1235 1244 1252 1263 1272 1282 1292 1301 1310 1318 1327 1335 1343 1349 1356 1363 1370 1375 1383 1391 1397 1408 1414 1418 1413 1407
982 983 984 986 987 988 990 991 992 992 993 993 993 995 997 998 1001 1004 1007 1011 1013 1016 1017 1019 1020 1023 1024 1026 1027 1028 1028 1028 1028 1027 1025 1025 1026 1029 1033 1038 1043 1049 1056 1065 1075 1084 1092 1099 1108 1120 1130 1137 1141 1147 1154 1162 1169 1176 1185 1193 1201 1208 1219 1229 1236 1245 1256 1264 1271 1280 1291 1298 1306 1314 1322 1330 1338 1345 1350 1357 1364 1371 1379 1387 1396 1407 1413 1413 1408
986 986 987 989 989 989 991 992 993 994 994 995 995 995 996 997 1000 1003 1007 1009 1011 1014 1015 1016 1016 1018 1017 1016 1016 1017 1018 1017 1017 1016 1014 1014 1018 1023 1029 1037 1042 1047 1053 1062 1074 1083 1091 1098 1108 1119 1127 1133 1139 1144 1152 1159 1166 1170 1176 1183 1189 1199 1210 1220 1228 1235 1244 1255 1263 1268 1276 1286 1293 1302 1309 1318 1325 1332 1338 1344 1351 1360 1367 1376 1387 1396 1406 1411 1407
988 988 990 991 990 990 991 991 993 994 995 996 996 996 995 996 999 1001 1003 1004 1007 1010 1011 1011 1012 1011 1010 1009 1009 1009 1009 1007 1005 1004 1005 1008 1014 1022 1031 1039 1045 1048 1053 1060 1069 1080 1087 1094 1102 1112 1122 1129 1135 1142 1149 1154 1160 1165 1171 1177 1183 1191 1202 1209 1219 1226 1234 1244 1252 1259 1266 1276 1284 1291 1299 1305 1313 1318 1324 1329 1338 1347 1355 1366 1376 1388 1397 1401 1405
990 991 992 992 993 992 991 991 992 992 993 993 993 992 993 994 996 997 998 998 1000 1004 1005 1005 1005 1004 1003 1002 1002 1002 1000 997 996 997 1000 1009 1017 1025 1033 1041 1045 1047 1051 1057 1066 1074 1084 1090 1096 1103 1115 1123 1129 1136 1142 1148 1152 1158 1165 1173 1179 1186 1195 1201 1210 1219 1225 1234 1241 1249 1257 1266 1274 1282 1288 1294 1299 1305 1310 1317 1324 1334 1343 1355 1366 1376 1385 1392 1397
