terrain/dems/whites/wash.grd
ncols        137
nrows        129
xllcorner    -71.322361111111
yllcorner    44.252361111111
cellsize 30
[rows 0 to 37 of 129, columns 0 to 83 of 137]
1422 1423 1423 1423 1426 1427 1429 1432 1436 1438 1441 1444 1446 1447 1445 1443 1442 1440 1439 1436 1434 1433 1431 1427 1423 1420 1416 1409 1402 1394 1385 1377 1368 1355 1343 1332 1323 1314 1309 1307 1309 1311 1316 1321 1324 1323 1321 1318 1315 1310 1306 1304 1302 1301 1294 1288 1282 1277 1273 1268 1262 1257 1250 1244 1237 1231 1227 1223 1221 1222 1223 1223 1220 1218 1215 1216 1216 1219 1225 1237 1246 1254 1264 1276
1433 1434 1436 1442 1444 1444 1443 1444 1447 1450 1451 1453 1453 1452 1450 1449 1449 1448 1446 1444 1441 1440 1438 1434 1430 1425 1418 1411 1404 1394 1386 1378 1368 1357 1348 1340 1329 1321 1318 1319 1322 1323 1327 1331 1333 1332 1329 1325 1322 1317 1316 1314 1314 1309 1307 1304 1297 1292 1285 1280 1274 1267 1263 1258 1250 1243 1237 1233 1230 1228 1229 1228 1225 1223 1221 1221 1220 1221 1226 1235 1245 1253 1262 1271
1446 1448 1454 1458 1460 1459 1458 1456 1456 1458 1459 1459 1459 1458 1457 1456 1456 1454 1452 1450 1448 1446 1444 1440 1436 1431 1424 1415 1409 1400 1392 1383 1372 1361 1353 1345 1336 1328 1327 1329 1331 1333 1337 1341 1344 1343 1340 1336 1333 1329 1328 1326 1323 1318 1314 1312 1309 1301 1293 1288 1282 1276 1272 1268 1260 1251 1246 1242 1239 1234 1232 1229 1228 1226 1226 1226 1226 1226 1229 1236 1244 1251 1262 1271
1463 1466 1468 1470 1472 1473 1470 1467 1467 1468 1467 1467 1465 1465 1465 1466 1466 1464 1460 1457 1455 1453 1450 1445 1442 1437 1431 1424 1416 1409 1398 1388 1380 1369 1358 1351 1344 1340 1337 1339 1341 1344 1350 1354 1355 1355 1350 1346 1345 1344 1341 1338 1334 1328 1322 1319 1315 1310 1303 1298 1292 1284 1277 1272 1265 1257 1252 1250 1247 1243 1239 1236 1233 1233 1233 1234 1235 1235 1235 1239 1245 1252 1262 1271
1478 1480 1482 1482 1484 1484 1484 1479 1478 1477 1477 1476 1475 1475 1475 1474 1472 1470 1468 1465 1463 1460 1456 1452 1448 1444 1438 1429 1422 1415 1407 1397 1389 1379 1368 1360 1357 1352 1349 1349 1351 1357 1363 1366 1367 1364 1361 1359 1359 1357 1354 1351 1345 1338 1332 1329 1324 1318 1313 1307 1298 1290 1283 1276 1269 1261 1257 1255 1253 1252 1249 1245 1242 1244 1244 1247 1249 1246 1246 1246 1250 1255 1264 1270
1496 1497 1498 1498 1496 1495 1493 1492 1491 1490 1490 1487 1486 1485 1486 1484 1482 1480 1477 1474 1470 1466 1462 1457 1453 1449 1443 1437 1429 1421 1413 1406 1399 1390 1380 1372 1368 1366 1363 1363 1366 1369 1373 1376 1378 1377 1375 1373 1373 1371 1366 1362 1358 1350 1344 1338 1334 1330 1323 1314 1305 1296 1289 1282 1275 1267 1265 1263 1263 1262 1260 1257 1260 1259 1262 1261 1258 1256 1253 1253 1253 1258 1265 1270
1510 1510 1511 1508 1504 1503 1502 1501 1501 1499 1499 1499 1497 1495 1493 1492 1491 1488 1485 1482 1478 1475 1470 1465 1460 1455 1450 1443 1436 1428 1421 1415 1408 1400 1392 1385 1380 1377 1377 1378 1379 1380 1382 1386 1388 1388 1387 1386 1385 1385 1383 1380 1374 1368 1360 1354 1348 1343 1336 1328 1315 1308 1300 1290 1282 1276 1274 1273 1273 1271 1272 1273 1276 1277 1276 1275 1270 1264 1261 1258 1256 1258 1264 1269
1522 1521 1520 1518 1514 1512 1513 1513 1510 1509 1510 1509 1507 1507 1505 1502 1499 1496 1493 1490 1486 1481 1477 1472 1467 1463 1458 1451 1443 1435 1428 1424 1417 1410 1404 1396 1390 1389 1389 1393 1395 1394 1394 1397 1400 1401 1401 1398 1398 1398 1396 1394 1389 1385 1380 1373 1368 1359 1350 1343 1335 1322 1311 1300 1290 1284 1282 1282 1281 1281 1281 1283 1287 1288 1286 1285 1283 1275 1268 1262 1258 1258 1261 1266
1534 1532 1529 1526 1524 1523 1522 1522 1522 1521 1521 1520 1519 1518 1516 1513 1509 1507 1503 1500 1496 1489 1484 1479 1475 1471 1466 1461 1453 1446 1440 1434 1429 1421 1413 1408 1403 1403 1407 1407 1408 1407 1407 1406 1408 1411 1412 1412 1412 1412 1411 1408 1408 1407 1400 1394 1384 1375 1364 1357 1348 1340 1324 1309 1299 1293 1290 1289 1290 1289 1288 1288 1290 1292 1292 1291 1289 1282 1274 1267 1263 1261 1263 1266
1541 1541 1540 1538 1536 1535 1533 1533 1532 1531 1530 1528 1529 1528 1527 1523 1521 1518 1514 1511 1506 1498 1492 1488 1484 1479 1475 1470 1462 1455 1450 1445 1439 1433 1427 1423 1422 1424 1425 1423 1420 1418 1417 1419 1422 1422 1423 1424 1425 1428 1430 1428 1427 1423 1418 1410 1401 1392 1383 1370 1359 1349 1337 1323 1310 1302 1299 1298 1297 1297 1293 1291 1291 1292 1292 1293 1291 1286 1278 1272 1268 1267 1268 1272
1548 1547 1547 1546 1544 1544 1544 1544 1542 1539 1537 1536 1535 1537 1536 1533 1530 1527 1526 1524 1517 1511 1502 1496 1493 1488 1484 1479 1472 1464 1458 1452 1448 1445 1441 1439 1436 1437 1437 1435 1434 1432 1432 1434 1436 1437 1437 1438 1442 1448 1451 1449 1443 1438 1431 1426 1418 1407 1399 1386 1371 1359 1346 1335 1322 1312 1307 1304 1302 1298 1296 1294 1293 1292 1292 1292 1289 1285 1280 1275 1272 1271 1274 1280
1556 1556 1554 1552 1551 1550 1552 1551 1550 1549 1547 1545 1546 1545 1544 1541 1539 1537 1536 1533 1530 1522 1515 1509 1505 1500 1496 1492 1486 1475 1467 1463 1458 1457 1454 1453 1451 1449 1447 1446 1447 1446 1446 1447 1450 1452 1455 1459 1461 1466 1468 1468 1460 1452 1447 1440 1434 1425 1413 1398 1383 1371 1356 1343 1332 1321 1314 1308 1303 1300 1298 1296 1294 1293 1291 1290 1288 1284 1282 1280 1278 1278 1281 1284
1562 1562 1562 1562 1562 1561 1559 1558 1558 1558 1557 1557 1556 1555 1553 1551 1549 1548 1546 1544 1538 1533 1529 1523 1518 1512 1507 1502 1494 1487 1480 1474 1472 1471 1470 1472 1472 1468 1465 1462 1459 1459 1459 1459 1460 1464 1470 1476 1479 1483 1483 1483 1478 1473 1463 1455 1448 1438 1425 1410 1395 1383 1368 1354 1340 1330 1320 1313 1309 1305 1301 1298 1295 1293 1293 1291 1289 1286 1286 1285 1284 1285 1287 1287
1569 1569 1571 1573 1574 1571 1569 1567 1565 1567 1567 1566 1565 1565 1564 1560 1558 1558 1556 1553 1549 1544 1540 1535 1529 1522 1519 1512 1507 1501 1494 1489 1485 1484 1484 1484 1486 1485 1480 1475 1472 1472 1472 1472 1472 1476 1482 1488 1492 1496 1498 1496 1495 1488 1480 1467 1459 1447 1432 1419 1408 1393 1379 1369 1356 1341 1330 1321 1316 1312 1307 1302 1299 1296 1296 1294 1291 1289 1289 1289 1289 1289 1290 1290
1579 1579 1581 1582 1582 1582 1579 1578 1577 1576 1574 1572 1571 1571 1571 1568 1566 1566 1565 1562 1560 1557 1553 1548 1541 1537 1531 1527 1521 1516 1511 1505 1499 1497 1497 1496 1496 1495 1493 1491 1488 1488 1488 1488 1488 1489 1494 1501 1506 1510 1510 1509 1505 1497 1487 1476 1467 1458 1442 1425 1415 1407 1396 1382 1369 1357 1344 1335 1328 1320 1313 1309 1304 1301 1298 1295 1293 1293 1293 1293 1293 1293 1293 1294
1591 1591 1591 1590 1589 1588 1587 1586 1587 1585 1582 1580 1579 1581 1581 1578 1575 1574 1572 1571 1569 1569 1567 1559 1552 1547 1544 1539 1534 1530 1527 1522 1515 1515 1514 1512 1510 1507 1506 1507 1508 1510 1509 1510 1510 1515 1518 1520 1523 1524 1524 1521 1514 1504 1497 1488 1480 1471 1460 1447 1434 1424 1413 1400 1385 1373 1363 1353 1341 1332 1324 1316 1311 1306 1300 1298 1296 1297 1297 1299 1299 1298 1297 1297
1604 1603 1600 1598 1597 1596 1596 1597 1596 1597 1595 1593 1591 1593 1591 1588 1586 1585 1583 1581 1580 1580 1576 1571 1564 1559 1556 1554 1549 1545 1545 1544 1540 1539 1536 1533 1528 1521 1519 1522 1523 1524 1524 1527 1529 1533 1535 1535 1537 1537 1535 1531 1523 1513 1504 1497 1492 1486 1476 1464 1451 1441 1429 1420 1406 1389 1376 1366 1357 1345 1335 1327 1320 1315 1310 1305 1302 1301 1302 1302 1303 1302 1301 1300
1616 1615 1613 1609 1608 1608 1609 1607 1606 1604 1603 1602 1600 1598 1597 1596 1595 1595 1595 1595 1592 1589 1587 1585 1580 1573 1571 1568 1565 1561 1561 1559 1558 1557 1555 1552 1552 1546 1540 1539 1539 1539 1542 1543 1545 1547 1548 1549 1550 1548 1543 1537 1529 1521 1513 1507 1503 1497 1487 1477 1466 1454 1444 1434 1424 1411 1394 1382 1374 1364 1351 1341 1334 1326 1319 1315 1311 1310 1307 1306 1305 1304 1303 1303
1626 1627 1624 1620 1617 1617 1616 1615 1612 1610 1609 1608 1608 1608 1609 1609 1607 1606 1606 1604 1603 1600 1599 1596 1593 1588 1585 1583 1580 1578 1574 1574 1572 1572 1571 1572 1572 1567 1562 1557 1552 1551 1553 1556 1558 1560 1560 1561 1561 1561 1554 1546 1538 1532 1526 1518 1513 1508 1501 1493 1482 1470 1460 1449 1436 1424 1414 1403 1392 1386 1376 1363 1351 1342 1332 1325 1321 1319 1316 1311 1308 1307 1307 1307
1634 1634 1632 1627 1623 1620 1621 1619 1621 1620 1621 1620 1618 1617 1616 1616 1617 1617 1616 1613 1610 1608 1606 1605 1601 1599 1597 1594 1591 1590 1588 1590 1592 1591 1590 1588 1584 1583 1578 1575 1571 1567 1567 1569 1571 1569 1568 1569 1570 1567 1562 1558 1551 1545 1539 1534 1526 1520 1515 1506 1497 1486 1474 1462 1452 1440 1430 1423 1418 1412 1394 1380 1369 1357 1348 1336 1330 1326 1322 1318 1314 1309 1309 1308
1641 1640 1636 1633 1630 1631 1630 1631 1631 1632 1633 1633 1632 1628 1625 1626 1627 1626 1624 1621 1618 1617 1617 1615 1612 1609 1606 1605 1604 1601 1602 1604 1605 1606 1604 1600 1596 1593 1591 1589 1587 1586 1586 1584 1581 1578 1578 1578 1578 1574 1570 1565 1561 1554 1548 1545 1541 1535 1528 1519 1509 1499 1487 1477 1467 1457 1449 1441 1434 1431 1411 1387 1376 1369 1356 1345 1337 1331 1327 1323 1317 1312 1310 1309
1650 1647 1645 1644 1645 1646 1645 1645 1643 1643 1645 1643 1642 1641 1638 1636 1637 1636 1634 1629 1626 1626 1627 1626 1624 1620 1619 1618 1618 1618 1616 1616 1614 1614 1613 1611 1609 1606 1603 1601 1601 1601 1601 1600 1598 1596 1594 1591 1585 1585 1582 1577 1569 1564 1560 1556 1554 1549 1540 1530 1520 1509 1499 1489 1482 1473 1462 1453 1445 1434 1423 1409 1391 1382 1364 1353 1345 1338 1332 1328 1322 1317 1314 1313
1658 1656 1655 1657 1656 1655 1655 1654 1655 1654 1651 1649 1649 1650 1649 1647 1646 1645 1643 1641 1637 1635 1637 1638 1637 1637 1635 1635 1632 1633 1630 1626 1625 1624 1624 1623 1621 1619 1619 1616 1614 1613 1612 1612 1612 1613 1610 1607 1600 1597 1594 1591 1586 1583 1576 1569 1563 1557 1550 1541 1535 1525 1513 1503 1495 1487 1477 1466 1453 1443 1434 1425 1415 1401 1378 1364 1350 1345 1340 1335 1328 1322 1319 1317
1666 1665 1666 1664 1662 1661 1660 1661 1663 1664 1660 1657 1659 1660 1657 1655 1654 1654 1654 1652 1649 1647 1646 1648 1649 1649 1650 1650 1649 1648 1645 1639 1636 1638 1642 1640 1638 1639 1638 1633 1631 1628 1625 1624 1624 1625 1625 1620 1615 1609 1605 1602 1598 1596 1590 1581 1573 1568 1561 1555 1549 1542 1530 1517 1507 1499 1491 1480 1467 1453 1442 1433 1423 1414 1395 1379 1364 1354 1350 1346 1340 1333 1328 1322
1671 1672 1672 1671 1668 1669 1669 1668 1670 1670 1668 1669 1671 1669 1666 1664 1664 1665 1663 1660 1658 1656 1657 1658 1658 1657 1658 1658 1659 1658 1658 1655 1650 1652 1657 1658 1658 1654 1652 1651 1648 1645 1641 1640 1638 1638 1636 1633 1626 1621 1621 1617 1614 1610 1604 1594 1589 1581 1575 1567 1560 1551 1541 1529 1518 1508 1500 1490 1478 1467 1456 1444 1431 1421 1409 1393 1378 1367 1364 1359 1355 1350 1341 1332
1676 1677 1678 1678 1678 1677 1677 1675 1675 1675 1676 1679 1680 1678 1676 1674 1674 1673 1671 1668 1666 1666 1668 1668 1668 1667 1666 1667 1667 1668 1668 1669 1668 1670 1671 1673 1671 1666 1663 1662 1661 1658 1657 1656 1652 1649 1649 1644 1639 1637 1636 1638 1632 1626 1619 1611 1607 1601 1590 1579 1569 1559 1550 1539 1526 1517 1509 1501 1490 1483 1473 1460 1447 1438 1427 1412 1396 1388 1379 1371 1365 1360 1356 1345
1680 1682 1682 1683 1684 1685 1684 1683 1683 1684 1685 1687 1685 1684 1682 1680 1678 1678 1678 1678 1677 1676 1676 1678 1678 1679 1678 1679 1680 1680 1679 1681 1682 1683 1684 1683 1681 1676 1674 1673 1671 1667 1666 1665 1664 1661 1659 1658 1653 1649 1650 1649 1645 1639 1635 1630 1625 1618 1609 1597 1585 1575 1563 1551 1538 1529 1520 1513 1505 1498 1489 1474 1460 1449 1436 1426 1414 1403 1393 1384 1377 1369 1362 1358
1683 1682 1681 1685 1688 1690 1692 1691 1692 1692 1692 1690 1689 1688 1687 1686 1684 1683 1684 1685 1685 1683 1683 1686 1693 1693 1693 1692 1693 1692 1693 1693 1692 1692 1693 1692 1689 1687 1687 1685 1680 1675 1673 1674 1673 1670 1668 1667 1666 1663 1660 1656 1655 1651 1648 1644 1636 1631 1623 1611 1599 1590 1580 1566 1555 1545 1536 1524 1516 1509 1498 1485 1473 1461 1450 1440 1430 1421 1410 1401 1394 1387 1377 1370
1680 1679 1681 1686 1691 1695 1696 1696 1695 1696 1694 1693 1693 1693 1693 1692 1691 1691 1691 1691 1691 1691 1692 1697 1704 1710 1707 1707 1704 1704 1704 1706 1701 1699 1699 1698 1697 1695 1694 1693 1690 1684 1684 1683 1682 1678 1676 1676 1675 1673 1671 1671 1672 1669 1663 1654 1648 1640 1633 1623 1611 1603 1593 1581 1570 1561 1551 1543 1534 1523 1513 1501 1491 1481 1467 1456 1444 1432 1424 1417 1412 1405 1397 1388
1672 1676 1680 1686 1692 1697 1702 1700 1700 1700 1699 1698 1698 1698 1697 1697 1697 1697 1696 1696 1697 1697 1701 1708 1714 1718 1717 1715 1713 1711 1711 1710 1709 1706 1706 1705 1703 1703 1703 1702 1699 1694 1692 1692 1691 1688 1687 1686 1686 1686 1686 1690 1691 1688 1681 1671 1662 1653 1643 1633 1624 1617 1606 1595 1585 1576 1567 1558 1550 1541 1533 1519 1508 1495 1484 1471 1461 1448 1437 1431 1426 1420 1414 1407
1662 1669 1675 1678 1686 1701 1708 1708 1706 1706 1703 1701 1700 1699 1698 1698 1699 1699 1700 1701 1700 1702 1707 1714 1720 1724 1725 1722 1722 1718 1715 1716 1714 1714 1714 1711 1708 1708 1707 1707 1705 1704 1704 1703 1700 1700 1698 1696 1697 1696 1698 1702 1704 1700 1699 1689 1676 1664 1653 1645 1637 1629 1619 1608 1601 1594 1583 1575 1565 1555 1546 1535 1522 1510 1497 1491 1483 1473 1461 1450 1444 1438 1434 1428
1651 1658 1662 1666 1676 1692 1703 1704 1707 1705 1704 1700 1700 1700 1698 1698 1698 1699 1700 1702 1705 1708 1716 1723 1730 1732 1730 1728 1726 1724 1723 1722 1721 1720 1719 1718 1716 1714 1713 1712 1712 1714 1716 1715 1711 1708 1708 1710 1709 1708 1709 1710 1710 1708 1706 1701 1691 1677 1663 1655 1648 1640 1630 1621 1615 1610 1600 1591 1582 1569 1562 1553 1540 1528 1518 1508 1500 1489 1481 1473 1463 1456 1448 1443
1637 1644 1647 1653 1661 1674 1682 1690 1698 1696 1692 1694 1699 1700 1700 1698 1698 1699 1701 1704 1707 1713 1721 1732 1737 1738 1735 1732 1729 1727 1728 1728 1727 1725 1725 1724 1724 1725 1723 1722 1723 1724 1728 1727 1723 1720 1722 1724 1725 1723 1721 1722 1719 1717 1714 1709 1701 1688 1674 1665 1660 1653 1643 1634 1626 1620 1613 1605 1597 1589 1580 1568 1558 1547 1536 1526 1516 1507 1498 1490 1483 1472 1462 1455
1619 1631 1635 1639 1645 1649 1659 1672 1679 1676 1680 1685 1693 1699 1697 1697 1698 1700 1702 1704 1709 1712 1718 1727 1734 1737 1736 1734 1732 1730 1730 1731 1730 1729 1728 1729 1730 1730 1730 1730 1730 1732 1734 1737 1736 1734 1734 1736 1738 1737 1737 1736 1733 1727 1722 1716 1709 1699 1688 1679 1673 1665 1657 1649 1640 1633 1627 1619 1611 1604 1599 1589 1580 1569 1557 1545 1535 1529 1522 1511 1501 1492 1482 1476
1604 1617 1621 1626 1629 1629 1638 1648 1656 1665 1669 1675 1682 1689 1691 1692 1695 1699 1701 1704 1707 1710 1713 1721 1729 1734 1737 1737 1734 1733 1732 1732 1733 1732 1730 1730 1732 1736 1736 1735 1734 1735 1738 1740 1743 1746 1747 1750 1749 1749 1748 1746 1744 1739 1732 1726 1717 1711 1705 1697 1689 1681 1672 1664 1656 1648 1641 1634 1626 1618 1611 1603 1594 1588 1575 1562 1555 1548 1541 1532 1521 1512 1502 1494
1578 1588 1600 1607 1607 1608 1615 1622 1635 1640 1659 1655 1665 1676 1681 1683 1687 1692 1698 1701 1703 1706 1709 1715 1722 1731 1735 1738 1738 1735 1733 1734 1735 1735 1733 1732 1735 1739 1739 1738 1737 1740 1743 1745 1746 1753 1759 1762 1762 1762 1758 1757 1754 1752 1748 1738 1729 1723 1718 1712 1703 1694 1684 1677 1669 1660 1652 1644 1637 1631 1623 1613 1604 1596 1588 1579 1570 1562 1554 1546 1539 1530 1521 1512
1554 1560 1564 1575 1587 1590 1595 1596 1596 1603 1620 1626 1638 1657 1669 1672 1676 1685 1694 1697 1699 1700 1704 1709 1715 1720 1728 1734 1736 1735 1733 1734 1736 1736 1735 1735 1737 1741 1742 1741 1742 1745 1748 1751 1756 1763 1770 1773 1774 1776 1773 1770 1768 1765 1761 1754 1745 1738 1731 1725 1716 1706 1696 1686 1678 1668 1662 1656 1650 1643 1636 1627 1617 1610 1604 1596 1586 1575 1568 1560 1553 1547 1540 1531
1535 1541 1539 1549 1564 1572 1576 1574 1571 1575 1587 1605 1607 1624 1641 1660 1663 1673 1684 1694 1693 1695 1697 1701 1705 1711 1720 1728 1732 1733 1734 1735 1736 1735 1735 1736 1740 1742 1745 1746 1748 1750 1755 1761 1765 1772 1778 1780 1781 1782 1781 1780 1778 1774 1768 1763 1756 1748 1743 1735 1726 1717 1709 1699 1691 1681 1673 1670 1665 1658 1652 1644 1637 1629 1623 1615 1606 1593 1583 1573 1566 1561 1555 1550
