terrain/dems/whites/wash.grd
ncols        137
nrows        129
xllcorner    -71.322361111111
yllcorner    44.252361111111
cellsize 30
[rows 38 to 75 of 129, columns 0 to 83 of 137]
1517 1527 1531 1539 1544 1549 1553 1549 1553 1562 1562 1560 1568 1594 1610 1627 1644 1656 1669 1678 1686 1688 1692 1695 1697 1704 1712 1720 1726 1730 1733 1735 1735 1735 1736 1738 1741 1744 1747 1751 1755 1758 1763 1769 1773 1781 1785 1786 1786 1786 1786 1786 1787 1785 1779 1775 1768 1760 1752 1746 1738 1730 1721 1715 1709 1700 1694 1689 1683 1678 1670 1663 1656 1649 1641 1632 1623 1614 1600 1586 1577 1570 1563 1562
1498 1506 1518 1525 1521 1523 1519 1516 1518 1531 1534 1531 1543 1570 1592 1600 1611 1632 1653 1664 1673 1682 1687 1689 1693 1699 1707 1714 1718 1722 1727 1730 1733 1736 1740 1741 1742 1745 1749 1754 1760 1763 1768 1775 1784 1788 1794 1794 1793 1792 1791 1794 1796 1794 1791 1786 1781 1775 1769 1761 1753 1745 1735 1729 1726 1719 1715 1710 1701 1695 1687 1679 1673 1665 1654 1645 1639 1633 1621 1606 1596 1588 1590 1593
1474 1483 1488 1491 1484 1487 1485 1480 1487 1501 1507 1515 1527 1551 1566 1575 1585 1604 1629 1650 1662 1672 1678 1681 1685 1690 1698 1703 1708 1715 1721 1727 1732 1738 1742 1743 1744 1746 1751 1757 1762 1765 1772 1781 1787 1793 1798 1801 1801 1800 1799 1800 1801 1799 1797 1796 1794 1792 1788 1781 1771 1761 1753 1746 1744 1740 1733 1724 1717 1709 1704 1698 1690 1680 1665 1657 1652 1646 1637 1625 1617 1618 1619 1618
1456 1457 1460 1457 1452 1448 1446 1450 1460 1469 1479 1490 1504 1518 1540 1554 1566 1582 1609 1632 1649 1661 1668 1671 1674 1680 1683 1690 1697 1705 1714 1721 1729 1734 1738 1742 1744 1749 1753 1759 1764 1771 1778 1784 1791 1798 1803 1805 1806 1806 1807 1807 1809 1807 1805 1805 1807 1805 1804 1799 1792 1785 1779 1770 1763 1758 1754 1745 1734 1725 1720 1717 1710 1698 1686 1674 1669 1663 1651 1639 1634 1634 1635 1636
1430 1442 1437 1431 1432 1429 1427 1430 1438 1447 1459 1473 1482 1499 1521 1540 1556 1572 1595 1620 1631 1644 1656 1660 1666 1671 1675 1680 1687 1696 1705 1712 1719 1726 1732 1737 1744 1750 1754 1760 1766 1773 1781 1790 1798 1803 1807 1808 1811 1815 1816 1817 1815 1814 1812 1812 1815 1815 1813 1812 1810 1806 1798 1792 1782 1773 1768 1766 1759 1746 1739 1736 1727 1717 1707 1697 1685 1674 1665 1657 1652 1653 1660 1664
1405 1414 1414 1411 1415 1413 1411 1412 1417 1425 1436 1451 1467 1481 1503 1523 1543 1558 1579 1599 1614 1625 1641 1652 1656 1664 1669 1673 1679 1687 1696 1704 1710 1716 1722 1730 1739 1747 1754 1760 1767 1775 1786 1795 1802 1807 1810 1814 1821 1824 1826 1826 1823 1820 1818 1819 1822 1823 1822 1820 1818 1814 1809 1806 1798 1791 1787 1783 1778 1768 1756 1751 1739 1729 1722 1710 1696 1685 1681 1679 1679 1682 1686 1693
1379 1382 1373 1382 1388 1393 1394 1394 1396 1397 1406 1426 1443 1460 1482 1498 1518 1545 1565 1581 1600 1615 1630 1642 1652 1657 1660 1665 1670 1677 1686 1694 1701 1707 1713 1722 1732 1742 1750 1759 1765 1775 1787 1797 1802 1808 1814 1821 1829 1832 1832 1831 1830 1827 1827 1829 1831 1831 1829 1827 1824 1821 1817 1816 1811 1804 1800 1796 1790 1784 1776 1770 1760 1750 1740 1731 1715 1709 1706 1706 1708 1710 1713 1715
1346 1349 1347 1346 1355 1368 1374 1374 1373 1383 1392 1405 1425 1447 1462 1477 1508 1538 1563 1574 1586 1607 1629 1640 1647 1653 1655 1657 1663 1670 1679 1686 1692 1698 1705 1715 1726 1736 1745 1754 1762 1772 1784 1793 1802 1811 1816 1826 1834 1836 1837 1837 1836 1836 1834 1835 1836 1836 1834 1832 1831 1828 1826 1824 1822 1815 1811 1806 1803 1798 1790 1783 1775 1769 1762 1756 1746 1736 1734 1733 1734 1738 1742 1743
1319 1317 1322 1322 1326 1337 1349 1348 1353 1364 1379 1391 1403 1430 1450 1467 1495 1523 1539 1564 1592 1611 1628 1641 1646 1647 1649 1653 1659 1668 1672 1677 1681 1688 1696 1705 1717 1728 1739 1749 1758 1770 1782 1790 1804 1813 1819 1828 1836 1839 1840 1842 1844 1841 1840 1839 1839 1839 1838 1835 1834 1832 1830 1829 1828 1825 1819 1814 1810 1808 1801 1795 1788 1780 1778 1774 1771 1767 1762 1760 1759 1762 1766 1767
1296 1295 1297 1302 1308 1319 1326 1335 1342 1349 1364 1381 1394 1413 1435 1457 1481 1501 1521 1573 1601 1615 1626 1636 1641 1643 1645 1650 1657 1662 1668 1671 1674 1678 1685 1695 1708 1721 1733 1742 1753 1766 1778 1788 1801 1812 1819 1830 1839 1842 1844 1846 1846 1844 1842 1842 1842 1841 1840 1838 1836 1834 1832 1832 1833 1831 1827 1821 1816 1814 1810 1806 1802 1797 1792 1789 1787 1785 1783 1780 1777 1777 1777 1777
1280 1279 1280 1284 1292 1303 1306 1318 1334 1347 1363 1376 1389 1404 1421 1436 1454 1499 1540 1565 1586 1606 1622 1630 1635 1638 1643 1647 1651 1658 1663 1669 1671 1674 1681 1690 1702 1714 1724 1733 1746 1759 1771 1784 1797 1808 1818 1830 1840 1844 1846 1848 1849 1848 1847 1847 1847 1845 1843 1841 1839 1837 1836 1836 1836 1834 1830 1825 1821 1818 1816 1813 1811 1809 1807 1803 1799 1794 1790 1787 1784 1782 1782 1780
1268 1265 1268 1271 1284 1292 1300 1314 1330 1343 1357 1370 1383 1397 1412 1422 1445 1507 1544 1552 1571 1596 1611 1620 1626 1633 1641 1644 1649 1655 1662 1665 1670 1673 1678 1687 1697 1709 1718 1724 1739 1755 1766 1779 1790 1801 1815 1828 1837 1842 1845 1847 1849 1851 1852 1853 1852 1850 1848 1846 1843 1841 1840 1839 1838 1836 1832 1828 1824 1822 1820 1818 1817 1815 1813 1811 1806 1802 1798 1793 1790 1787 1785 1782
1257 1258 1260 1266 1275 1286 1298 1313 1323 1337 1349 1365 1378 1392 1409 1434 1465 1512 1540 1552 1565 1581 1599 1608 1620 1633 1638 1644 1647 1652 1657 1662 1665 1669 1673 1679 1690 1702 1711 1718 1730 1746 1757 1771 1783 1795 1807 1820 1830 1837 1841 1844 1848 1850 1853 1854 1854 1853 1852 1850 1848 1846 1845 1843 1840 1837 1836 1832 1829 1827 1824 1823 1821 1819 1817 1815 1811 1806 1803 1800 1796 1793 1787 1783
1251 1253 1257 1262 1271 1282 1296 1311 1322 1336 1350 1363 1378 1400 1420 1446 1484 1511 1531 1547 1559 1570 1587 1607 1618 1627 1634 1639 1645 1649 1651 1656 1661 1665 1669 1673 1681 1692 1703 1711 1722 1735 1748 1763 1777 1789 1801 1811 1822 1830 1835 1839 1844 1847 1850 1852 1852 1852 1852 1852 1851 1851 1850 1847 1844 1840 1839 1838 1835 1832 1829 1828 1826 1824 1823 1821 1817 1813 1810 1807 1802 1795 1789 1785
1247 1251 1255 1258 1271 1283 1295 1311 1321 1334 1351 1363 1379 1406 1428 1450 1470 1494 1521 1539 1553 1565 1584 1605 1618 1623 1628 1635 1641 1646 1648 1653 1657 1661 1666 1669 1675 1684 1694 1704 1715 1727 1739 1753 1770 1786 1795 1804 1814 1824 1830 1835 1840 1844 1846 1848 1850 1850 1850 1850 1851 1853 1852 1850 1847 1844 1843 1841 1839 1837 1834 1832 1832 1830 1828 1825 1820 1817 1814 1810 1804 1798 1792 1788
1245 1253 1258 1265 1275 1286 1298 1310 1323 1337 1353 1362 1389 1426 1435 1453 1470 1488 1512 1531 1553 1570 1588 1606 1615 1622 1627 1634 1637 1643 1646 1650 1653 1657 1661 1665 1668 1675 1684 1693 1706 1720 1731 1744 1761 1776 1788 1797 1807 1816 1825 1832 1837 1841 1844 1848 1851 1852 1851 1851 1852 1854 1855 1853 1851 1848 1845 1843 1841 1840 1838 1836 1835 1833 1832 1830 1827 1822 1817 1813 1809 1804 1798 1793
1244 1254 1266 1275 1285 1295 1308 1317 1329 1344 1359 1392 1425 1442 1450 1459 1473 1498 1522 1543 1564 1590 1601 1609 1616 1623 1626 1630 1633 1637 1643 1646 1650 1653 1656 1659 1662 1667 1676 1685 1694 1708 1723 1735 1748 1763 1775 1788 1799 1809 1821 1827 1832 1836 1842 1848 1853 1852 1852 1851 1853 1855 1856 1855 1853 1850 1847 1845 1843 1842 1841 1839 1837 1836 1837 1837 1836 1833 1828 1822 1817 1811 1806 1802
1246 1259 1273 1285 1296 1309 1323 1333 1348 1363 1386 1414 1431 1455 1467 1474 1481 1515 1545 1561 1575 1591 1609 1613 1619 1623 1627 1629 1629 1633 1638 1643 1648 1651 1653 1655 1657 1661 1669 1677 1686 1697 1712 1726 1739 1751 1764 1779 1792 1800 1810 1821 1826 1832 1839 1846 1849 1851 1851 1854 1857 1859 1861 1859 1857 1854 1852 1849 1848 1846 1844 1842 1841 1842 1844 1844 1843 1841 1838 1833 1828 1821 1816 1813
1256 1268 1282 1296 1309 1323 1335 1344 1359 1378 1400 1421 1438 1459 1474 1484 1515 1544 1556 1571 1584 1591 1603 1612 1616 1619 1624 1626 1627 1629 1635 1640 1644 1647 1650 1652 1653 1655 1662 1671 1679 1689 1702 1715 1727 1739 1753 1766 1779 1791 1801 1810 1817 1825 1835 1840 1846 1849 1853 1858 1862 1863 1863 1862 1862 1861 1859 1856 1854 1854 1853 1850 1849 1850 1850 1850 1849 1848 1845 1841 1836 1829 1822 1816
1267 1280 1293 1307 1322 1337 1352 1360 1370 1394 1415 1431 1449 1464 1481 1508 1532 1547 1560 1572 1584 1591 1598 1608 1612 1615 1620 1622 1624 1627 1632 1636 1639 1641 1643 1645 1647 1651 1657 1666 1675 1685 1695 1706 1717 1727 1739 1753 1764 1777 1791 1801 1808 1817 1829 1837 1844 1850 1856 1862 1866 1867 1866 1865 1867 1869 1869 1866 1866 1866 1864 1863 1859 1855 1854 1854 1853 1853 1849 1846 1843 1835 1829 1822
1280 1296 1307 1320 1334 1351 1366 1376 1390 1408 1427 1442 1458 1476 1494 1513 1534 1552 1563 1572 1584 1589 1597 1605 1611 1617 1619 1621 1622 1626 1630 1632 1635 1636 1638 1640 1641 1646 1652 1660 1668 1677 1688 1699 1710 1720 1732 1744 1754 1762 1772 1788 1797 1806 1819 1832 1842 1850 1856 1865 1870 1870 1869 1869 1871 1875 1876 1877 1876 1875 1874 1871 1866 1862 1859 1858 1858 1855 1853 1849 1845 1840 1835 1828
1301 1316 1328 1341 1353 1364 1377 1388 1405 1425 1443 1460 1477 1495 1507 1522 1540 1556 1566 1575 1589 1594 1600 1606 1612 1618 1621 1620 1620 1624 1628 1630 1631 1633 1636 1640 1643 1645 1649 1656 1663 1670 1680 1692 1703 1713 1723 1736 1745 1752 1762 1773 1786 1795 1808 1822 1837 1848 1857 1865 1870 1871 1872 1873 1877 1880 1882 1883 1884 1883 1882 1879 1876 1872 1867 1864 1863 1862 1858 1852 1847 1846 1842 1837
1314 1327 1344 1357 1368 1377 1389 1399 1418 1439 1456 1472 1490 1507 1521 1533 1545 1560 1569 1579 1589 1596 1601 1606 1611 1618 1618 1618 1619 1621 1625 1628 1628 1629 1633 1639 1642 1644 1649 1655 1661 1665 1674 1685 1695 1705 1714 1724 1737 1749 1758 1770 1781 1792 1805 1822 1832 1847 1857 1865 1871 1873 1876 1878 1883 1888 1891 1892 1891 1891 1889 1885 1882 1878 1874 1870 1867 1865 1862 1857 1852 1848 1846 1842
1327 1341 1360 1372 1385 1395 1402 1418 1436 1454 1466 1477 1490 1511 1524 1534 1545 1558 1570 1580 1588 1594 1599 1605 1610 1614 1617 1618 1617 1619 1621 1624 1626 1629 1631 1635 1640 1643 1648 1653 1659 1665 1673 1683 1693 1700 1709 1718 1729 1745 1757 1767 1778 1791 1810 1823 1834 1846 1856 1863 1870 1877 1880 1883 1888 1894 1900 1900 1901 1901 1898 1894 1887 1882 1877 1873 1869 1867 1864 1860 1854 1849 1845 1842
1345 1356 1369 1387 1399 1410 1423 1437 1452 1469 1480 1488 1499 1511 1522 1532 1543 1558 1571 1579 1586 1593 1599 1603 1609 1612 1614 1615 1615 1616 1617 1620 1625 1627 1630 1632 1635 1640 1645 1652 1657 1663 1670 1679 1687 1695 1706 1714 1725 1741 1754 1762 1773 1788 1804 1818 1831 1846 1854 1863 1873 1880 1883 1887 1891 1899 1904 1908 1910 1910 1907 1901 1895 1889 1881 1876 1872 1868 1864 1861 1856 1852 1848 1843
1356 1366 1379 1397 1408 1423 1434 1450 1462 1476 1485 1492 1501 1513 1526 1536 1545 1559 1571 1579 1586 1592 1598 1602 1605 1608 1609 1611 1612 1613 1615 1617 1621 1625 1627 1628 1631 1635 1640 1645 1653 1661 1667 1674 1680 1689 1701 1713 1721 1731 1745 1756 1770 1786 1800 1813 1827 1844 1854 1861 1876 1885 1888 1891 1896 1903 1908 1912 1914 1913 1909 1905 1899 1892 1885 1879 1875 1869 1864 1858 1853 1850 1847 1843
1362 1379 1390 1401 1412 1424 1437 1452 1466 1476 1486 1494 1503 1514 1527 1538 1548 1560 1570 1578 1583 1589 1595 1599 1601 1602 1603 1605 1608 1610 1612 1615 1618 1621 1624 1627 1629 1633 1636 1640 1647 1653 1661 1667 1674 1681 1693 1706 1717 1725 1735 1752 1768 1785 1800 1814 1827 1840 1849 1861 1874 1885 1890 1893 1899 1905 1908 1910 1910 1910 1910 1906 1901 1893 1885 1878 1871 1864 1858 1853 1849 1844 1842 1838
1368 1385 1397 1406 1415 1425 1436 1451 1462 1474 1482 1493 1502 1512 1524 1536 1544 1554 1565 1574 1579 1584 1589 1595 1596 1596 1598 1600 1603 1606 1607 1610 1614 1617 1619 1621 1625 1629 1633 1638 1642 1649 1657 1664 1669 1675 1691 1702 1712 1718 1730 1748 1767 1786 1798 1810 1824 1836 1846 1858 1872 1882 1888 1891 1897 1903 1905 1906 1906 1907 1907 1905 1901 1893 1884 1876 1867 1860 1854 1849 1842 1838 1833 1829
1374 1384 1397 1409 1418 1428 1440 1451 1461 1470 1480 1491 1500 1508 1518 1528 1537 1545 1553 1560 1568 1573 1578 1581 1586 1588 1591 1594 1597 1601 1603 1604 1607 1612 1616 1618 1622 1627 1632 1637 1642 1648 1654 1661 1666 1671 1684 1701 1708 1715 1727 1746 1765 1776 1791 1803 1817 1831 1843 1856 1866 1876 1882 1887 1892 1897 1900 1902 1903 1904 1905 1901 1896 1888 1879 1873 1864 1855 1849 1843 1836 1829 1824 1821
1378 1387 1396 1410 1419 1429 1440 1451 1458 1465 1473 1484 1494 1502 1510 1517 1523 1530 1537 1545 1552 1560 1565 1568 1573 1577 1582 1586 1590 1594 1597 1601 1603 1608 1613 1617 1620 1625 1630 1637 1642 1647 1652 1657 1661 1670 1681 1694 1703 1714 1725 1745 1763 1774 1783 1797 1814 1829 1843 1853 1859 1867 1876 1881 1888 1892 1893 1896 1898 1900 1898 1894 1888 1882 1876 1868 1859 1850 1842 1838 1830 1821 1815 1808
1376 1385 1395 1405 1414 1422 1432 1441 1450 1457 1464 1471 1479 1488 1496 1504 1511 1517 1524 1532 1537 1544 1550 1557 1561 1566 1571 1576 1580 1585 1590 1595 1599 1603 1609 1613 1616 1619 1625 1631 1637 1642 1647 1651 1657 1667 1680 1688 1697 1708 1726 1744 1760 1772 1780 1793 1811 1829 1840 1846 1852 1862 1870 1877 1882 1884 1885 1887 1890 1889 1887 1885 1880 1876 1870 1863 1854 1845 1837 1831 1823 1814 1805 1798
1369 1379 1390 1397 1404 1411 1419 1428 1438 1445 1452 1458 1464 1471 1479 1487 1497 1503 1510 1517 1523 1530 1535 1541 1549 1554 1560 1565 1572 1578 1582 1586 1591 1597 1604 1610 1614 1616 1620 1625 1630 1635 1640 1646 1651 1662 1672 1682 1688 1699 1715 1735 1754 1767 1777 1788 1807 1823 1832 1839 1845 1854 1864 1869 1874 1874 1877 1880 1881 1880 1877 1873 1871 1867 1862 1856 1849 1839 1832 1827 1820 1812 1801 1793
1365 1371 1380 1388 1393 1400 1407 1414 1422 1430 1437 1444 1451 1458 1464 1471 1479 1487 1494 1503 1510 1517 1524 1530 1538 1546 1550 1555 1564 1573 1577 1581 1587 1593 1598 1605 1611 1613 1617 1622 1627 1631 1636 1642 1650 1657 1666 1674 1682 1693 1704 1719 1736 1760 1773 1787 1801 1814 1826 1832 1838 1844 1850 1857 1860 1861 1867 1871 1870 1869 1867 1866 1863 1858 1854 1848 1841 1835 1829 1822 1815 1806 1795 1785
1357 1362 1368 1374 1381 1388 1395 1401 1407 1415 1424 1432 1438 1443 1450 1457 1466 1475 1484 1492 1499 1505 1511 1518 1527 1536 1543 1548 1555 1566 1574 1578 1585 1590 1595 1598 1603 1608 1612 1617 1623 1628 1632 1638 1646 1653 1661 1669 1676 1687 1702 1713 1728 1753 1771 1780 1792 1806 1815 1822 1827 1833 1838 1843 1846 1851 1854 1857 1857 1857 1859 1858 1853 1847 1845 1840 1834 1828 1822 1815 1806 1798 1787 1777
1345 1351 1355 1360 1368 1376 1381 1387 1393 1399 1408 1419 1424 1429 1436 1446 1454 1464 1474 1483 1489 1495 1502 1508 1516 1525 1535 1541 1549 1559 1568 1573 1580 1587 1591 1594 1598 1604 1609 1614 1621 1626 1628 1632 1639 1645 1657 1664 1671 1682 1696 1709 1725 1742 1759 1774 1783 1793 1804 1811 1816 1821 1826 1830 1833 1836 1839 1841 1843 1845 1847 1845 1842 1839 1836 1832 1828 1822 1816 1808 1799 1791 1781 1771
1334 1339 1345 1349 1356 1364 1370 1376 1380 1385 1391 1401 1409 1417 1425 1433 1441 1449 1458 1470 1480 1488 1495 1501 1509 1518 1528 1537 1544 1553 1563 1570 1575 1581 1586 1590 1596 1601 1607 1612 1618 1622 1624 1626 1631 1642 1650 1657 1663 1673 1687 1699 1713 1728 1745 1762 1772 1782 1793 1801 1808 1810 1813 1816 1820 1822 1822 1825 1830 1831 1829 1829 1830 1827 1824 1823 1820 1815 1809 1802 1793 1782 1775 1767
1322 1328 1334 1339 1345 1350 1357 1363 1368 1373 1379 1387 1396 1406 1414 1421 1429 1438 1447 1458 1470 1481 1489 1496 1504 1514 1524 1534 1542 1550 1559 1567 1573 1578 1582 1586 1592 1597 1601 1606 1612 1615 1619 1622 1629 1638 1644 1647 1654 1669 1681 1693 1706 1719 1733 1746 1758 1767 1775 1785 1792 1797 1799 1801 1804 1807 1808 1811 1813 1815 1816 1816 1815 1812 1811 1811 1808 1802 1796 1790 1781 1775 1768 1761
1309 1316 1321 1327 1333 1339 1344 1349 1355 1360 1365 1374 1383 1393 1403 1412 1421 1431 1441 1452 1462 1471 1480 1489 1499 1509 1521 1531 1541 1550 1559 1565 1572 1577 1581 1584 1588 1592 1597 1602 1607 1610 1612 1616 1622 1632 1636 1638 1646 1661 1674 1684 1699 1712 1721 1733 1742 1749 1758 1768 1777 1782 1785 1787 1788 1789 1792 1795 1797 1799 1802 1805 1802 1800 1799 1799 1795 1789 1786 1781 1775 1770 1763 1754
