terrain/dems/whites/wash.grd
ncols        137
nrows        129
xllcorner    -71.322361111111
yllcorner    44.252361111111
cellsize 30
[rows 76 to 113 of 129, columns 0 to 83 of 137]
1295 1304 1309 1314 1318 1327 1332 1338 1344 1353 1358 1367 1375 1383 1394 1408 1418 1426 1436 1447 1457 1464 1473 1484 1495 1502 1515 1532 1543 1554 1558 1565 1569 1575 1579 1583 1586 1590 1595 1598 1602 1604 1606 1608 1614 1623 1630 1633 1642 1652 1663 1671 1684 1700 1709 1715 1727 1735 1745 1757 1764 1769 1772 1773 1774 1775 1775 1779 1782 1785 1787 1789 1789 1789 1790 1787 1784 1781 1777 1771 1768 1763 1755 1745
1283 1291 1297 1301 1307 1313 1323 1329 1338 1346 1356 1366 1375 1383 1391 1401 1413 1422 1432 1445 1454 1461 1470 1481 1492 1502 1514 1529 1542 1549 1556 1561 1566 1569 1576 1580 1584 1588 1592 1595 1598 1601 1603 1604 1609 1616 1622 1627 1635 1646 1656 1664 1677 1688 1697 1707 1715 1723 1730 1739 1748 1753 1759 1759 1759 1760 1764 1765 1770 1774 1777 1777 1777 1778 1779 1776 1773 1772 1768 1764 1760 1753 1745 1738
1272 1278 1285 1295 1302 1307 1318 1326 1334 1345 1357 1370 1378 1382 1389 1399 1410 1420 1431 1441 1451 1459 1467 1479 1488 1500 1513 1527 1540 1548 1552 1559 1563 1567 1572 1579 1583 1585 1588 1591 1594 1598 1600 1602 1604 1608 1612 1617 1625 1636 1646 1660 1670 1678 1685 1697 1708 1712 1717 1724 1731 1736 1740 1741 1743 1746 1749 1751 1755 1761 1763 1766 1767 1768 1768 1766 1763 1760 1757 1755 1751 1743 1736 1730
1264 1271 1279 1290 1301 1307 1314 1325 1333 1347 1360 1371 1377 1382 1391 1401 1411 1422 1432 1441 1450 1456 1466 1479 1490 1500 1512 1527 1543 1550 1555 1560 1566 1570 1572 1575 1577 1580 1583 1587 1590 1593 1595 1596 1598 1600 1603 1607 1612 1622 1636 1650 1661 1667 1673 1682 1693 1701 1706 1713 1717 1719 1721 1725 1728 1733 1736 1737 1740 1743 1746 1751 1755 1757 1757 1753 1752 1748 1746 1745 1741 1733 1727 1722
1260 1267 1278 1290 1301 1310 1319 1328 1337 1351 1364 1371 1377 1385 1395 1405 1415 1423 1433 1441 1448 1457 1469 1481 1491 1503 1511 1529 1540 1546 1555 1559 1566 1570 1572 1572 1576 1578 1581 1583 1585 1587 1590 1592 1593 1594 1596 1599 1604 1611 1626 1641 1649 1655 1660 1666 1674 1683 1693 1700 1705 1708 1710 1712 1715 1721 1726 1727 1728 1732 1736 1741 1746 1746 1746 1745 1743 1739 1737 1736 1733 1727 1719 1714
1260 1269 1282 1293 1305 1313 1328 1337 1345 1355 1366 1372 1378 1387 1400 1410 1418 1426 1433 1440 1450 1462 1474 1485 1493 1501 1507 1521 1531 1541 1553 1558 1563 1570 1569 1570 1573 1576 1578 1579 1580 1583 1586 1589 1589 1589 1591 1593 1597 1603 1614 1630 1636 1641 1647 1652 1659 1665 1673 1682 1690 1695 1700 1702 1705 1709 1712 1713 1717 1722 1727 1730 1734 1736 1737 1736 1735 1733 1731 1730 1727 1723 1716 1712
1264 1275 1289 1303 1311 1326 1341 1349 1353 1362 1369 1374 1381 1394 1405 1413 1419 1424 1436 1447 1461 1471 1479 1487 1497 1505 1514 1526 1531 1541 1552 1555 1562 1564 1563 1561 1565 1572 1575 1577 1579 1580 1582 1582 1582 1583 1587 1589 1594 1599 1604 1614 1622 1627 1633 1641 1647 1653 1658 1663 1671 1681 1687 1691 1695 1699 1702 1704 1707 1712 1715 1715 1718 1724 1728 1728 1727 1726 1725 1725 1722 1717 1711 1708
1264 1280 1297 1308 1318 1334 1347 1353 1360 1368 1373 1381 1393 1400 1406 1413 1417 1426 1442 1457 1467 1477 1485 1491 1497 1506 1523 1538 1540 1546 1548 1551 1552 1553 1549 1551 1556 1563 1568 1571 1574 1574 1573 1574 1574 1575 1581 1586 1590 1592 1597 1603 1610 1616 1622 1630 1637 1643 1647 1652 1660 1668 1675 1679 1683 1689 1693 1698 1701 1701 1702 1704 1707 1711 1716 1717 1718 1718 1718 1718 1716 1712 1707 1704
1257 1278 1298 1308 1318 1331 1346 1355 1364 1371 1383 1390 1400 1404 1410 1416 1423 1431 1449 1461 1468 1479 1489 1491 1491 1496 1521 1540 1540 1543 1544 1544 1542 1537 1535 1539 1544 1547 1550 1556 1561 1564 1563 1560 1561 1568 1574 1580 1583 1585 1588 1591 1599 1606 1613 1620 1626 1631 1635 1642 1649 1656 1662 1669 1672 1677 1684 1689 1691 1692 1694 1697 1699 1701 1702 1706 1708 1710 1710 1709 1708 1706 1702 1699
1245 1273 1297 1308 1317 1338 1352 1364 1370 1383 1390 1396 1408 1413 1419 1426 1433 1441 1446 1454 1471 1487 1498 1497 1498 1500 1505 1521 1524 1528 1533 1533 1529 1521 1521 1526 1532 1531 1529 1535 1543 1549 1544 1537 1538 1547 1561 1568 1573 1576 1579 1582 1588 1596 1602 1608 1614 1618 1624 1629 1637 1643 1652 1659 1664 1668 1671 1677 1679 1682 1686 1690 1692 1694 1695 1697 1701 1703 1703 1701 1700 1698 1696 1694
1238 1265 1290 1302 1311 1328 1346 1357 1370 1379 1390 1401 1418 1422 1430 1436 1437 1438 1441 1451 1467 1486 1496 1496 1496 1495 1504 1510 1508 1511 1513 1513 1509 1504 1501 1506 1508 1511 1515 1513 1520 1526 1524 1520 1521 1528 1540 1550 1556 1561 1570 1576 1581 1589 1591 1595 1600 1605 1608 1615 1622 1630 1638 1648 1655 1661 1665 1667 1671 1674 1676 1681 1685 1689 1691 1694 1695 1697 1695 1693 1692 1691 1691 1689
1228 1255 1279 1289 1295 1307 1323 1337 1352 1365 1377 1395 1412 1421 1432 1437 1437 1436 1440 1447 1460 1468 1476 1479 1479 1484 1492 1494 1493 1495 1496 1496 1489 1485 1483 1483 1484 1485 1485 1490 1495 1501 1504 1505 1505 1507 1517 1531 1538 1543 1555 1563 1569 1575 1579 1580 1585 1589 1596 1601 1609 1616 1626 1634 1644 1652 1657 1661 1664 1667 1669 1674 1678 1683 1686 1688 1689 1691 1690 1690 1688 1688 1687 1686
1221 1238 1258 1272 1280 1291 1308 1321 1337 1354 1365 1372 1392 1406 1419 1428 1431 1435 1437 1443 1445 1448 1457 1460 1460 1462 1468 1468 1473 1473 1472 1472 1468 1465 1463 1464 1461 1460 1458 1461 1472 1482 1484 1485 1483 1481 1491 1510 1524 1531 1535 1543 1551 1561 1566 1570 1572 1578 1586 1595 1601 1610 1619 1628 1635 1642 1649 1654 1658 1660 1664 1669 1675 1679 1682 1683 1685 1686 1686 1686 1687 1687 1685 1684
1210 1223 1239 1254 1268 1283 1299 1312 1328 1345 1355 1366 1375 1388 1399 1415 1421 1427 1428 1431 1425 1427 1435 1440 1440 1441 1444 1448 1447 1445 1443 1442 1440 1438 1440 1440 1440 1441 1439 1442 1449 1453 1459 1459 1459 1455 1456 1478 1506 1514 1522 1530 1539 1546 1557 1562 1567 1571 1576 1589 1600 1607 1619 1625 1630 1636 1643 1649 1652 1655 1660 1666 1670 1674 1678 1680 1681 1682 1682 1682 1684 1684 1684 1682
1201 1211 1224 1240 1252 1267 1284 1298 1313 1328 1342 1353 1366 1370 1375 1389 1407 1408 1413 1409 1397 1401 1405 1410 1417 1415 1418 1423 1424 1419 1414 1411 1410 1410 1409 1411 1405 1416 1424 1421 1426 1423 1426 1432 1429 1434 1436 1444 1466 1501 1515 1522 1529 1535 1546 1556 1562 1565 1572 1579 1594 1601 1610 1617 1624 1631 1637 1643 1647 1651 1656 1660 1665 1669 1672 1674 1677 1679 1680 1681 1681 1682 1681 1680
1193 1204 1213 1223 1232 1246 1262 1278 1291 1303 1321 1336 1345 1350 1356 1362 1370 1379 1382 1382 1373 1376 1376 1377 1382 1390 1394 1398 1398 1395 1390 1387 1387 1387 1387 1388 1383 1384 1394 1398 1395 1398 1406 1410 1414 1418 1424 1430 1448 1478 1504 1513 1519 1523 1535 1552 1559 1564 1570 1582 1594 1597 1605 1615 1621 1627 1633 1639 1644 1649 1652 1657 1662 1666 1669 1671 1674 1676 1677 1677 1678 1679 1680 1680
1187 1195 1201 1211 1220 1225 1239 1258 1271 1284 1303 1315 1320 1327 1336 1343 1344 1338 1350 1348 1351 1351 1352 1350 1354 1362 1372 1376 1374 1371 1371 1370 1371 1372 1370 1367 1365 1366 1367 1369 1368 1372 1382 1395 1396 1405 1410 1417 1421 1431 1474 1501 1508 1513 1525 1543 1556 1564 1571 1581 1588 1598 1608 1615 1619 1623 1629 1635 1640 1645 1651 1655 1660 1664 1667 1670 1672 1673 1673 1674 1675 1676 1678 1678
1178 1182 1188 1195 1205 1211 1218 1230 1246 1266 1286 1291 1291 1300 1312 1321 1323 1325 1326 1327 1329 1327 1329 1332 1333 1339 1342 1346 1350 1351 1354 1357 1356 1356 1352 1351 1351 1352 1350 1353 1354 1358 1362 1374 1380 1384 1391 1400 1414 1421 1439 1491 1496 1507 1522 1540 1555 1565 1570 1576 1588 1600 1609 1615 1618 1621 1626 1632 1639 1644 1649 1654 1658 1662 1665 1668 1671 1672 1672 1672 1672 1673 1674 1674
1170 1174 1179 1186 1190 1195 1199 1208 1222 1243 1263 1267 1265 1274 1280 1292 1308 1311 1313 1305 1303 1304 1309 1313 1315 1316 1317 1324 1328 1332 1334 1339 1343 1342 1340 1340 1340 1341 1342 1344 1345 1349 1355 1362 1367 1372 1382 1397 1408 1423 1438 1486 1497 1510 1522 1540 1556 1563 1569 1581 1592 1602 1611 1617 1620 1623 1627 1631 1636 1642 1646 1650 1656 1661 1664 1668 1670 1672 1672 1671 1671 1671 1672 1673
1168 1172 1176 1180 1182 1182 1184 1192 1201 1216 1230 1239 1246 1252 1256 1262 1271 1286 1285 1285 1285 1284 1290 1295 1296 1299 1303 1309 1314 1316 1321 1325 1328 1331 1334 1334 1334 1335 1335 1336 1340 1344 1350 1357 1363 1370 1381 1389 1402 1421 1444 1486 1502 1515 1525 1542 1555 1563 1571 1583 1596 1605 1614 1620 1624 1627 1630 1632 1636 1641 1645 1648 1654 1660 1664 1666 1669 1669 1669 1669 1669 1669 1670 1671
1168 1172 1174 1176 1176 1178 1182 1183 1188 1196 1206 1214 1226 1236 1239 1243 1248 1251 1260 1267 1270 1272 1277 1278 1284 1288 1292 1299 1305 1309 1313 1317 1321 1323 1327 1332 1331 1331 1332 1334 1339 1343 1349 1355 1363 1373 1381 1389 1405 1425 1445 1466 1494 1517 1528 1542 1564 1577 1580 1591 1602 1610 1618 1625 1628 1629 1632 1635 1638 1642 1645 1649 1655 1659 1662 1664 1666 1667 1667 1667 1668 1667 1667 1668
1168 1170 1170 1170 1175 1180 1183 1185 1185 1189 1194 1200 1212 1223 1227 1230 1233 1236 1243 1249 1253 1259 1263 1268 1272 1278 1285 1291 1298 1302 1307 1312 1316 1320 1323 1327 1329 1330 1332 1336 1339 1345 1353 1361 1368 1378 1386 1397 1418 1439 1452 1462 1483 1525 1535 1545 1566 1588 1596 1604 1611 1618 1622 1627 1629 1630 1634 1638 1642 1646 1649 1652 1656 1659 1660 1662 1664 1666 1666 1666 1666 1665 1663 1663
1167 1169 1168 1172 1175 1178 1182 1185 1187 1188 1192 1196 1200 1210 1216 1219 1220 1222 1228 1237 1241 1245 1252 1258 1265 1274 1280 1287 1295 1301 1307 1311 1317 1321 1324 1329 1333 1336 1340 1343 1349 1355 1364 1373 1381 1386 1391 1408 1429 1449 1463 1477 1516 1529 1540 1554 1571 1586 1597 1608 1616 1619 1623 1628 1631 1632 1636 1641 1646 1651 1652 1654 1656 1658 1660 1661 1662 1662 1663 1664 1663 1661 1660 1659
1164 1168 1171 1173 1176 1176 1179 1183 1184 1185 1189 1192 1196 1201 1207 1210 1212 1215 1220 1225 1231 1238 1245 1253 1263 1272 1281 1290 1300 1308 1315 1321 1326 1332 1335 1339 1342 1343 1348 1354 1361 1367 1372 1378 1385 1395 1411 1422 1442 1461 1469 1483 1517 1532 1551 1564 1572 1584 1596 1607 1617 1623 1627 1631 1634 1638 1642 1646 1649 1652 1655 1655 1657 1658 1659 1660 1660 1660 1659 1660 1660 1658 1656 1655
1162 1167 1172 1176 1178 1178 1178 1178 1177 1179 1182 1188 1190 1193 1197 1203 1207 1210 1214 1221 1227 1235 1247 1257 1266 1275 1285 1296 1308 1320 1325 1331 1337 1342 1347 1352 1355 1363 1369 1371 1379 1379 1382 1394 1402 1420 1437 1449 1458 1472 1482 1499 1520 1538 1554 1568 1577 1589 1603 1614 1624 1629 1632 1634 1638 1643 1647 1649 1652 1655 1657 1658 1660 1660 1659 1659 1658 1658 1657 1658 1656 1654 1652 1652
1162 1169 1173 1178 1179 1179 1179 1178 1178 1179 1182 1186 1189 1191 1194 1199 1201 1204 1208 1215 1221 1231 1246 1260 1272 1285 1293 1310 1329 1339 1344 1353 1359 1360 1370 1375 1386 1393 1398 1403 1402 1411 1411 1428 1434 1445 1456 1468 1475 1489 1500 1520 1536 1553 1563 1572 1585 1599 1612 1623 1630 1635 1638 1641 1645 1649 1649 1651 1654 1656 1658 1659 1661 1661 1661 1659 1658 1658 1657 1655 1653 1652 1650 1649
1164 1169 1175 1177 1179 1180 1180 1181 1182 1183 1184 1187 1190 1192 1195 1196 1196 1198 1205 1212 1218 1226 1244 1264 1280 1295 1306 1318 1340 1349 1360 1376 1395 1395 1395 1404 1410 1415 1418 1428 1435 1449 1453 1458 1460 1469 1482 1489 1494 1503 1520 1536 1551 1560 1565 1578 1594 1609 1619 1625 1632 1639 1644 1648 1650 1652 1653 1654 1655 1657 1659 1661 1662 1661 1661 1660 1658 1657 1655 1653 1651 1650 1648 1646
1169 1173 1176 1178 1180 1180 1181 1182 1183 1184 1186 1190 1192 1192 1192 1193 1194 1198 1205 1212 1221 1230 1246 1269 1290 1303 1316 1342 1369 1379 1388 1398 1412 1425 1433 1439 1441 1440 1445 1454 1467 1477 1478 1477 1486 1499 1504 1509 1518 1525 1542 1555 1561 1568 1580 1594 1610 1619 1625 1629 1634 1640 1647 1651 1654 1655 1656 1657 1658 1659 1660 1662 1662 1662 1661 1659 1658 1655 1653 1651 1649 1646 1644 1642
1175 1178 1180 1182 1183 1184 1184 1185 1186 1187 1190 1194 1195 1195 1195 1196 1199 1203 1210 1218 1224 1237 1255 1274 1290 1315 1343 1366 1380 1395 1408 1423 1443 1454 1462 1468 1471 1475 1476 1486 1496 1503 1502 1503 1518 1529 1529 1539 1544 1551 1561 1570 1581 1592 1598 1609 1618 1626 1631 1634 1639 1644 1649 1654 1655 1657 1658 1659 1659 1660 1661 1662 1662 1661 1659 1658 1656 1654 1651 1649 1647 1644 1641 1638
1180 1184 1186 1186 1187 1188 1190 1190 1190 1192 1193 1195 1197 1199 1200 1202 1205 1211 1218 1223 1230 1241 1257 1275 1294 1343 1358 1369 1384 1400 1420 1437 1459 1473 1478 1483 1490 1496 1504 1509 1517 1523 1530 1529 1550 1551 1559 1563 1568 1573 1577 1585 1597 1606 1614 1621 1626 1633 1638 1643 1647 1650 1653 1656 1658 1660 1661 1662 1662 1662 1662 1663 1661 1659 1658 1655 1654 1653 1649 1646 1643 1641 1638 1634
1183 1187 1188 1188 1188 1189 1191 1191 1193 1193 1195 1198 1200 1204 1207 1210 1213 1217 1224 1231 1239 1252 1266 1282 1311 1351 1366 1377 1392 1413 1432 1448 1468 1483 1492 1497 1503 1509 1513 1522 1530 1537 1545 1550 1563 1567 1573 1580 1583 1586 1591 1596 1603 1612 1622 1630 1637 1639 1644 1650 1654 1655 1658 1659 1661 1663 1663 1664 1663 1662 1661 1661 1660 1658 1655 1654 1652 1650 1647 1644 1641 1638 1634 1630
1184 1187 1188 1189 1189 1189 1190 1190 1190 1192 1196 1200 1204 1208 1215 1222 1225 1226 1231 1238 1248 1259 1276 1289 1317 1351 1364 1381 1400 1418 1439 1455 1472 1496 1507 1517 1528 1536 1535 1542 1550 1556 1561 1566 1572 1577 1582 1589 1593 1599 1603 1608 1612 1620 1631 1638 1640 1643 1646 1650 1655 1658 1659 1661 1663 1664 1665 1664 1663 1662 1660 1658 1656 1655 1654 1651 1649 1646 1642 1638 1636 1634 1630 1625
1187 1188 1190 1191 1193 1194 1192 1191 1192 1196 1201 1206 1209 1214 1221 1227 1230 1234 1240 1252 1263 1272 1288 1303 1329 1349 1366 1386 1403 1420 1443 1469 1488 1511 1525 1538 1549 1555 1555 1559 1566 1570 1577 1580 1584 1587 1590 1595 1602 1607 1611 1615 1620 1627 1635 1641 1645 1649 1653 1655 1658 1661 1662 1664 1666 1668 1667 1666 1665 1664 1661 1657 1655 1653 1652 1650 1647 1642 1636 1633 1630 1627 1624 1620
1195 1198 1198 1200 1201 1203 1201 1201 1200 1208 1214 1218 1220 1225 1231 1235 1240 1245 1253 1269 1278 1287 1298 1315 1333 1346 1363 1380 1402 1425 1451 1475 1500 1519 1535 1549 1560 1566 1569 1571 1578 1583 1588 1589 1591 1595 1601 1605 1610 1613 1616 1621 1627 1635 1642 1648 1653 1659 1662 1664 1667 1668 1668 1669 1670 1671 1669 1667 1666 1666 1663 1659 1655 1652 1649 1646 1643 1638 1633 1629 1625 1621 1618 1615
1213 1215 1216 1216 1218 1219 1219 1219 1221 1225 1230 1233 1236 1239 1243 1248 1254 1260 1270 1280 1288 1298 1310 1323 1336 1352 1364 1381 1403 1429 1457 1478 1497 1515 1533 1549 1564 1570 1575 1579 1587 1594 1598 1597 1600 1604 1608 1612 1615 1619 1623 1630 1638 1644 1649 1653 1659 1664 1667 1670 1672 1672 1671 1670 1669 1668 1667 1665 1665 1665 1662 1658 1653 1648 1644 1640 1636 1632 1628 1625 1621 1615 1613 1610
1232 1234 1237 1238 1237 1236 1238 1238 1242 1246 1250 1254 1256 1258 1258 1263 1268 1275 1282 1290 1299 1310 1319 1332 1346 1360 1372 1388 1410 1433 1455 1475 1490 1507 1528 1547 1563 1577 1583 1589 1595 1599 1603 1608 1609 1611 1614 1617 1621 1625 1629 1636 1644 1649 1653 1657 1661 1664 1668 1671 1673 1672 1670 1669 1667 1665 1662 1662 1662 1660 1658 1654 1648 1643 1640 1636 1632 1628 1624 1620 1616 1612 1609 1607
1249 1250 1253 1254 1254 1256 1261 1266 1268 1269 1272 1275 1278 1277 1279 1285 1292 1297 1302 1306 1311 1319 1327 1342 1358 1373 1385 1402 1417 1437 1456 1472 1488 1504 1525 1545 1562 1578 1588 1593 1599 1603 1609 1612 1615 1617 1620 1624 1627 1631 1635 1642 1647 1651 1654 1657 1659 1662 1665 1667 1668 1670 1670 1668 1666 1663 1662 1660 1657 1653 1649 1647 1641 1637 1635 1633 1629 1624 1619 1615 1610 1607 1606 1604
1272 1271 1272 1275 1275 1279 1287 1290 1290 1290 1292 1297 1299 1303 1307 1310 1317 1325 1323 1326 1327 1337 1341 1352 1374 1386 1397 1407 1423 1441 1459 1474 1489 1505 1525 1543 1559 1576 1589 1595 1600 1606 1610 1614 1619 1623 1626 1628 1631 1636 1642 1646 1649 1652 1654 1656 1658 1658 1659 1660 1661 1663 1663 1662 1662 1660 1659 1659 1655 1647 1644 1641 1635 1630 1627 1626 1623 1617 1613 1608 1604 1603 1602 1601
