terrain/dems/misc/everest.grd
ncols        162
nrows        118
xllcorner    86.904027777778
yllcorner    27.967361111111
cellsize 30
[rows 76 to 113 of 118, columns 0 to 83 of 162]
6501 6547 6555 6576 6610 6644 6654 6666 6716 6771 6815 6867 6915 6945 6966 6999 7027 7046 7071 7077 7099 7123 7143 7157 7183 7216 7231 7265 7285 7306 7350 7374 7392 7403 7429 7456 7486 7517 7558 7572 7595 7625 7643 7676 7708 7719 7735 7751 7764 7774 7792 7824 7836 7869 7896 7923 7938 7960 7970 7983 7990 7987 8000 8005 8012 8020 8026 8020 8027 8027 8005 7995 8002 8009 8013 8023 8033 8045 8043 8037 8018 8003 7994 7985
6497 6525 6548 6569 6588 6618 6636 6663 6717 6765 6811 6853 6907 6912 6960 6984 7016 7036 7042 7077 7100 7130 7146 7165 7182 7208 7234 7259 7280 7301 7309 7358 7390 7403 7418 7444 7484 7518 7555 7584 7609 7619 7632 7659 7681 7702 7729 7752 7763 7766 7796 7817 7837 7864 7885 7924 7940 7958 7964 7963 7964 7967 7972 7987 7983 7997 7998 7998 7997 7995 7991 7980 7986 7988 7994 8012 8011 8016 8013 8002 7982 7969 7958 7948
6500 6523 6545 6561 6585 6604 6632 6659 6713 6764 6794 6839 6875 6909 6936 6969 6993 7019 7046 7076 7103 7130 7157 7175 7195 7217 7237 7259 7280 7293 7299 7358 7389 7403 7416 7433 7484 7521 7548 7584 7609 7624 7634 7648 7666 7692 7703 7728 7753 7758 7788 7821 7835 7854 7874 7900 7918 7952 7959 7951 7948 7944 7951 7965 7976 7983 7984 7986 7986 7984 7975 7970 7964 7968 7984 7978 7977 7976 7972 7961 7952 7940 7936 7934
6508 6532 6550 6564 6591 6609 6627 6656 6697 6744 6790 6824 6858 6879 6934 6958 6994 7012 7052 7089 7117 7144 7169 7195 7215 7224 7238 7258 7274 7282 7306 7341 7381 7403 7419 7427 7455 7508 7537 7571 7593 7611 7617 7636 7645 7667 7690 7705 7730 7749 7791 7817 7840 7849 7867 7884 7901 7915 7948 7942 7945 7951 7945 7955 7965 7972 7973 7973 7978 7969 7964 7963 7953 7960 7953 7952 7955 7955 7953 7945 7928 7911 7905 7901
6527 6538 6562 6574 6594 6608 6629 6654 6695 6742 6777 6800 6848 6869 6908 6954 6985 7006 7055 7083 7113 7152 7196 7211 7218 7230 7242 7249 7271 7282 7316 7337 7381 7391 7415 7413 7431 7468 7528 7559 7573 7598 7603 7620 7633 7643 7677 7702 7699 7746 7773 7819 7843 7855 7861 7873 7874 7900 7911 7923 7937 7940 7932 7935 7953 7968 7962 7958 7956 7955 7955 7945 7949 7950 7945 7943 7945 7946 7941 7929 7911 7896 7886 7881
6538 6551 6565 6589 6597 6615 6626 6653 6683 6725 6750 6801 6826 6856 6911 6950 6985 7020 7040 7080 7092 7153 7202 7212 7227 7236 7252 7257 7256 7280 7319 7341 7361 7381 7383 7410 7419 7435 7503 7524 7554 7576 7591 7607 7629 7636 7641 7676 7704 7742 7780 7821 7835 7848 7853 7859 7865 7872 7897 7904 7927 7931 7927 7925 7931 7945 7947 7948 7937 7932 7933 7936 7941 7948 7950 7939 7933 7922 7904 7885 7873 7863 7859 7862
6559 6565 6573 6584 6610 6620 6641 6646 6687 6721 6751 6789 6823 6858 6907 6953 6987 7020 7034 7061 7094 7129 7209 7214 7226 7227 7245 7257 7261 7276 7291 7325 7342 7363 7377 7389 7409 7423 7434 7497 7523 7582 7585 7597 7614 7627 7636 7668 7726 7743 7783 7800 7827 7837 7835 7834 7839 7858 7873 7893 7916 7925 7915 7911 7922 7930 7929 7925 7927 7920 7920 7920 7934 7941 7943 7940 7925 7897 7875 7866 7861 7855 7850 7850
6569 6575 6577 6592 6618 6620 6651 6673 6686 6721 6754 6789 6829 6864 6911 6928 6963 7018 7044 7065 7098 7127 7157 7220 7220 7227 7234 7251 7251 7271 7283 7298 7325 7332 7340 7376 7393 7406 7435 7453 7491 7567 7581 7583 7600 7627 7643 7661 7721 7743 7765 7786 7795 7807 7813 7818 7834 7836 7853 7876 7894 7920 7913 7903 7907 7916 7924 7926 7927 7924 7920 7926 7925 7923 7927 7920 7896 7871 7859 7857 7851 7847 7844 7836
6581 6583 6587 6604 6615 6624 6665 6680 6704 6736 6761 6792 6820 6860 6898 6931 6969 7005 7037 7060 7066 7093 7139 7170 7220 7219 7227 7235 7244 7256 7275 7290 7298 7323 7333 7339 7385 7407 7413 7459 7472 7526 7561 7583 7597 7617 7638 7651 7688 7732 7752 7768 7776 7799 7805 7818 7823 7835 7856 7867 7889 7896 7900 7901 7895 7900 7917 7926 7927 7934 7925 7916 7907 7902 7898 7886 7860 7847 7845 7849 7846 7844 7834 7822
6583 6591 6602 6603 6620 6645 6679 6710 6723 6753 6771 6787 6812 6838 6895 6925 6950 6998 7024 7049 7062 7087 7123 7146 7171 7199 7220 7231 7236 7244 7259 7274 7303 7317 7324 7340 7358 7400 7403 7447 7465 7513 7557 7570 7596 7610 7623 7639 7664 7724 7744 7756 7765 7776 7801 7814 7827 7834 7852 7868 7879 7888 7887 7884 7890 7898 7911 7918 7930 7929 7926 7903 7895 7885 7873 7865 7841 7823 7821 7826 7830 7833 7829 7789
6592 6604 6603 6608 6632 6669 6708 6725 6737 6752 6774 6795 6814 6845 6897 6928 6956 6990 7020 7042 7055 7089 7107 7128 7167 7201 7214 7228 7230 7241 7256 7275 7297 7322 7321 7346 7365 7385 7398 7408 7442 7481 7556 7556 7585 7602 7618 7633 7648 7676 7719 7738 7752 7770 7800 7818 7830 7839 7846 7862 7874 7880 7885 7890 7893 7897 7907 7909 7920 7922 7918 7898 7884 7877 7861 7840 7829 7816 7811 7817 7811 7809 7791 7751
6594 6604 6619 6611 6645 6680 6719 6728 6738 6760 6790 6808 6828 6852 6890 6923 6956 6977 7015 7029 7050 7070 7088 7134 7153 7179 7207 7231 7236 7241 7265 7283 7304 7319 7331 7354 7371 7386 7392 7406 7425 7479 7519 7552 7581 7604 7617 7631 7643 7670 7710 7737 7755 7774 7797 7814 7835 7846 7839 7850 7871 7881 7891 7896 7895 7900 7906 7905 7908 7912 7903 7889 7872 7862 7846 7822 7814 7805 7795 7796 7795 7777 7750 7737
6596 6620 6614 6621 6656 6691 6728 6740 6751 6773 6794 6802 6835 6852 6885 6911 6946 6973 7016 7023 7039 7071 7095 7115 7147 7153 7186 7208 7229 7243 7260 7282 7291 7318 7328 7349 7369 7381 7389 7407 7432 7473 7522 7547 7580 7606 7626 7636 7645 7670 7705 7740 7753 7772 7770 7809 7835 7833 7839 7852 7872 7872 7882 7888 7891 7898 7899 7899 7896 7897 7888 7881 7870 7855 7839 7821 7801 7787 7776 7769 7767 7750 7735 7728
6609 6615 6625 6646 6672 6703 6730 6737 6759 6791 6796 6805 6835 6856 6879 6897 6928 6968 7014 7025 7046 7068 7090 7108 7122 7146 7162 7180 7210 7225 7241 7255 7281 7300 7317 7342 7354 7367 7381 7401 7439 7475 7525 7556 7583 7608 7627 7643 7650 7690 7725 7749 7770 7773 7777 7808 7824 7831 7836 7851 7867 7871 7882 7885 7883 7878 7876 7875 7877 7878 7878 7875 7865 7852 7835 7816 7794 7779 7762 7748 7735 7727 7721 7719
6617 6629 6643 6672 6690 6723 6733 6741 6757 6794 6803 6810 6832 6864 6884 6886 6926 6975 7009 7025 7043 7075 7079 7098 7111 7125 7153 7168 7182 7212 7218 7233 7250 7285 7306 7327 7341 7358 7382 7398 7415 7436 7486 7559 7582 7611 7631 7654 7672 7702 7737 7761 7774 7774 7789 7807 7829 7834 7847 7853 7862 7874 7876 7878 7876 7870 7865 7858 7857 7868 7869 7864 7857 7851 7832 7806 7794 7772 7752 7732 7714 7709 7712 7689
6628 6645 6645 6676 6695 6717 6727 6742 6764 6790 6805 6821 6837 6858 6872 6880 6933 6967 6989 7003 7034 7064 7074 7085 7108 7118 7127 7158 7176 7189 7211 7216 7244 7276 7294 7306 7335 7358 7380 7399 7416 7442 7487 7533 7569 7590 7635 7654 7679 7706 7744 7775 7782 7788 7812 7831 7829 7852 7855 7857 7862 7868 7871 7872 7874 7868 7860 7855 7857 7854 7849 7850 7850 7846 7831 7805 7785 7765 7739 7720 7704 7692 7682 7674
6630 6649 6654 6686 6698 6718 6729 6748 6761 6788 6817 6823 6834 6853 6867 6883 6910 6966 6977 7008 7022 7033 7057 7072 7101 7110 7118 7132 7150 7190 7191 7219 7241 7261 7288 7310 7332 7362 7387 7399 7411 7428 7478 7527 7554 7570 7614 7642 7682 7721 7735 7777 7778 7808 7836 7847 7858 7859 7865 7865 7863 7867 7864 7863 7859 7857 7858 7856 7853 7845 7838 7835 7840 7830 7822 7795 7769 7750 7726 7705 7693 7676 7668 7664
6619 6644 6664 6679 6695 6716 6737 6764 6777 6811 6819 6832 6846 6847 6857 6874 6908 6941 6977 7001 7010 7029 7049 7074 7078 7095 7101 7119 7128 7153 7191 7210 7228 7243 7282 7312 7364 7383 7396 7405 7408 7428 7478 7515 7544 7570 7609 7640 7684 7718 7723 7745 7783 7820 7849 7872 7876 7878 7875 7871 7868 7865 7866 7859 7853 7860 7858 7856 7849 7842 7835 7830 7825 7816 7807 7779 7756 7732 7702 7689 7672 7667 7658 7641
6609 6639 6666 6671 6683 6710 6743 6772 6783 6816 6834 6843 6853 6854 6867 6885 6901 6939 6974 7008 7016 7029 7047 7071 7080 7083 7091 7106 7117 7137 7175 7197 7224 7234 7267 7308 7358 7391 7403 7402 7406 7426 7476 7516 7550 7575 7609 7646 7677 7695 7720 7743 7790 7836 7876 7882 7886 7885 7883 7880 7876 7868 7868 7867 7865 7860 7856 7854 7853 7846 7835 7829 7822 7809 7795 7770 7742 7718 7695 7674 7669 7662 7645 7636
6584 6604 6639 6669 6681 6707 6736 6768 6803 6824 6857 6885 6881 6874 6875 6882 6907 6925 6977 7011 7021 7039 7048 7058 7064 7070 7072 7095 7108 7126 7175 7186 7214 7223 7264 7304 7362 7391 7403 7407 7410 7426 7483 7524 7554 7586 7611 7643 7660 7676 7715 7741 7792 7834 7884 7886 7891 7886 7888 7888 7887 7881 7874 7868 7862 7858 7854 7853 7856 7848 7836 7829 7819 7810 7790 7764 7742 7723 7702 7681 7672 7663 7648 7632
6533 6592 6619 6649 6675 6700 6735 6786 6808 6869 6898 6891 6891 6886 6895 6902 6916 6929 6992 7022 7037 7051 7054 7048 7050 7050 7069 7077 7082 7118 7149 7188 7214 7217 7265 7303 7342 7375 7398 7412 7421 7448 7499 7527 7544 7592 7619 7635 7660 7682 7720 7758 7791 7843 7884 7898 7905 7900 7897 7896 7893 7885 7880 7874 7866 7859 7857 7855 7858 7847 7840 7829 7821 7814 7795 7770 7745 7728 7713 7689 7679 7671 7657 7643
6510 6551 6595 6628 6664 6701 6747 6813 6872 6916 6919 6917 6922 6916 6909 6917 6928 6953 7017 7054 7057 7047 7047 7040 7036 7042 7041 7065 7070 7085 7152 7194 7217 7241 7284 7305 7339 7367 7396 7420 7449 7481 7508 7541 7557 7604 7615 7630 7660 7685 7727 7780 7803 7863 7881 7910 7916 7912 7907 7902 7896 7890 7886 7882 7875 7868 7864 7863 7860 7850 7846 7839 7825 7819 7805 7766 7753 7735 7718 7706 7692 7680 7666 7657
6515 6541 6575 6612 6657 6713 6775 6860 6922 6940 6963 6957 6962 6937 6928 6932 6953 6987 7059 7065 7062 7048 7039 7027 7026 7034 7040 7036 7067 7088 7129 7196 7241 7260 7290 7309 7338 7366 7389 7427 7462 7487 7512 7547 7584 7619 7634 7650 7669 7717 7752 7800 7827 7869 7899 7916 7920 7920 7913 7909 7900 7897 7895 7895 7890 7885 7880 7876 7867 7857 7855 7848 7834 7826 7814 7790 7768 7755 7729 7719 7709 7691 7685 7672
6522 6546 6580 6617 6669 6729 6817 6925 6935 6969 6985 6989 6987 6973 6962 6969 6985 7037 7074 7072 7067 7050 7025 7027 7025 7031 7035 7043 7069 7103 7136 7201 7254 7267 7285 7313 7342 7366 7394 7431 7461 7494 7516 7563 7616 7636 7649 7673 7709 7742 7772 7793 7832 7883 7897 7916 7921 7920 7922 7916 7915 7910 7910 7904 7901 7900 7896 7888 7875 7867 7860 7859 7851 7830 7826 7814 7793 7773 7753 7740 7718 7716 7691 7680
6519 6545 6575 6612 6681 6751 6815 6911 6975 6998 7009 7006 6998 6979 6974 7007 7043 7081 7076 7078 7054 7037 7023 7017 7017 7028 7034 7058 7064 7096 7147 7190 7256 7259 7280 7321 7344 7365 7390 7428 7472 7501 7546 7589 7617 7648 7670 7709 7728 7758 7792 7820 7847 7890 7898 7920 7922 7924 7927 7926 7925 7920 7922 7920 7921 7921 7911 7898 7890 7888 7887 7881 7860 7849 7834 7820 7821 7800 7765 7754 7733 7720 7709 7681
6512 6519 6573 6606 6708 6753 6878 6950 6995 7007 7013 7018 7001 7006 7034 7107 7105 7090 7089 7084 7047 7018 7000 7001 7018 7031 7033 7065 7092 7125 7155 7192 7238 7278 7294 7320 7350 7375 7410 7458 7486 7551 7569 7600 7614 7642 7673 7722 7738 7763 7790 7825 7856 7901 7906 7920 7926 7922 7924 7926 7926 7933 7932 7929 7936 7924 7918 7907 7904 7903 7897 7890 7877 7862 7835 7824 7816 7807 7778 7761 7747 7722 7715 7695
6509 6512 6573 6652 6745 6829 6877 6952 7004 7007 7020 7026 7045 7059 7113 7108 7111 7106 7098 7079 7045 7006 6994 7000 7013 7037 7064 7091 7127 7157 7176 7219 7239 7294 7326 7342 7352 7387 7422 7452 7499 7544 7565 7574 7596 7615 7671 7723 7736 7759 7790 7813 7850 7900 7919 7928 7927 7926 7923 7923 7928 7930 7935 7934 7932 7933 7916 7913 7912 7909 7902 7897 7876 7859 7843 7832 7822 7808 7793 7780 7751 7739 7713 7691
6517 6565 6614 6694 6775 6828 6890 6944 6999 7007 7016 7037 7063 7099 7114 7140 7146 7122 7108 7084 7036 6997 6991 6987 7028 7058 7097 7137 7180 7178 7197 7233 7274 7300 7325 7344 7364 7396 7434 7462 7498 7524 7551 7568 7570 7593 7645 7725 7737 7754 7776 7812 7861 7897 7922 7924 7935 7929 7924 7917 7930 7941 7944 7942 7939 7933 7924 7917 7912 7910 7901 7896 7874 7862 7850 7840 7822 7814 7797 7785 7751 7737 7712 7695
6563 6602 6650 6705 6776 6838 6898 6940 6970 7000 7015 7044 7064 7095 7145 7141 7139 7137 7104 7093 7020 7003 6988 6984 7038 7078 7133 7179 7180 7202 7221 7236 7276 7306 7329 7356 7380 7422 7453 7467 7500 7522 7553 7568 7574 7591 7649 7702 7736 7756 7774 7816 7864 7898 7930 7929 7931 7926 7920 7925 7927 7943 7946 7946 7944 7935 7922 7914 7901 7903 7902 7889 7872 7861 7853 7843 7818 7798 7782 7768 7749 7718 7704 7690
6601 6635 6665 6724 6787 6848 6899 6920 6974 6978 7008 7014 7067 7097 7140 7144 7146 7123 7094 7062 7026 7001 6988 6988 7033 7086 7145 7179 7201 7219 7240 7257 7282 7311 7342 7360 7397 7446 7463 7472 7502 7538 7575 7574 7591 7608 7642 7704 7736 7761 7784 7818 7871 7920 7927 7934 7930 7926 7920 7925 7931 7945 7953 7958 7944 7939 7923 7896 7898 7895 7889 7877 7863 7851 7839 7823 7778 7774 7761 7753 7725 7702 7697 7689
6636 6658 6702 6746 6826 6852 6885 6894 6897 6976 6980 7015 7052 7102 7117 7139 7134 7112 7083 7042 7011 7001 6994 6997 7038 7097 7148 7185 7212 7246 7253 7285 7293 7325 7357 7376 7417 7440 7470 7487 7521 7554 7577 7596 7610 7629 7682 7724 7753 7775 7798 7830 7868 7927 7934 7931 7932 7924 7920 7927 7937 7945 7952 7945 7939 7928 7913 7901 7892 7887 7873 7856 7842 7829 7805 7784 7764 7738 7730 7728 7701 7686 7681 7676
6668 6694 6745 6774 6822 6832 6852 6879 6897 6900 6956 6987 7030 7093 7115 7133 7124 7103 7073 7041 7009 7001 6993 7015 7032 7095 7141 7191 7211 7246 7270 7288 7320 7341 7365 7383 7433 7456 7490 7512 7546 7578 7595 7606 7628 7671 7716 7739 7755 7781 7808 7826 7869 7908 7925 7934 7932 7929 7917 7918 7928 7933 7938 7941 7929 7921 7910 7902 7892 7877 7859 7839 7822 7811 7791 7766 7743 7718 7707 7712 7695 7676 7667 7652
6739 6758 6776 6796 6817 6819 6833 6844 6874 6889 6907 6961 6998 7059 7111 7134 7128 7105 7074 7042 7016 7008 7003 7014 7043 7089 7148 7178 7213 7259 7277 7303 7324 7349 7370 7412 7446 7488 7509 7538 7579 7601 7612 7625 7661 7706 7735 7746 7763 7783 7804 7820 7859 7901 7921 7932 7927 7918 7916 7918 7914 7912 7934 7928 7927 7926 7915 7902 7883 7872 7849 7818 7806 7790 7768 7749 7723 7708 7699 7690 7685 7660 7653 7640
6774 6780 6794 6813 6815 6808 6815 6835 6837 6868 6896 6931 6992 7057 7100 7124 7124 7103 7074 7045 7020 7011 7010 7022 7055 7091 7141 7188 7235 7253 7284 7308 7341 7350 7381 7427 7480 7490 7519 7557 7585 7615 7624 7637 7686 7729 7753 7768 7779 7793 7812 7835 7857 7894 7919 7924 7925 7923 7916 7910 7911 7915 7919 7920 7919 7919 7912 7902 7885 7851 7829 7809 7789 7781 7764 7745 7718 7696 7693 7684 7665 7649 7639 7617
6809 6812 6813 6814 6803 6805 6819 6828 6832 6863 6894 6937 6945 7058 7107 7123 7128 7111 7066 7046 7044 7024 7024 7049 7089 7111 7135 7199 7248 7269 7293 7331 7347 7374 7409 7459 7492 7503 7522 7564 7583 7620 7637 7661 7702 7739 7756 7767 7785 7807 7826 7845 7857 7889 7915 7925 7921 7923 7919 7918 7912 7916 7919 7917 7916 7916 7906 7899 7875 7854 7831 7812 7794 7776 7761 7744 7721 7698 7687 7681 7667 7644 7628 7609
6829 6825 6833 6817 6814 6814 6813 6813 6854 6861 6894 6934 6945 7105 7126 7138 7128 7117 7085 7059 7053 7051 7051 7065 7099 7139 7176 7204 7254 7283 7320 7341 7358 7404 7444 7469 7507 7527 7544 7567 7600 7617 7665 7671 7715 7740 7749 7774 7808 7827 7852 7860 7873 7892 7910 7919 7918 7932 7933 7922 7917 7919 7920 7914 7909 7915 7905 7895 7874 7858 7840 7819 7803 7782 7762 7750 7727 7707 7692 7676 7665 7649 7629 7608
6862 6857 6857 6841 6826 6820 6818 6831 6858 6891 6939 6943 7060 7106 7143 7146 7149 7121 7108 7082 7071 7064 7062 7102 7122 7148 7189 7216 7284 7295 7345 7360 7394 7442 7473 7506 7520 7542 7571 7585 7598 7635 7673 7709 7725 7737 7749 7785 7826 7854 7866 7875 7882 7901 7912 7922 7927 7936 7935 7934 7930 7927 7915 7920 7915 7921 7914 7893 7870 7860 7846 7833 7802 7780 7760 7752 7736 7719 7699 7682 7669 7651 7634 7610
6893 6896 6875 6864 6850 6855 6849 6846 6882 6926 6975 7057 7098 7135 7178 7171 7166 7148 7127 7105 7077 7078 7101 7110 7125 7161 7195 7279 7290 7328 7363 7389 7440 7457 7482 7520 7545 7555 7575 7587 7624 7659 7709 7726 7730 7745 7768 7778 7841 7867 7871 7881 7897 7912 7919 7927 7937 7938 7939 7939 7940 7941 7934 7937 7930 7920 7920 7904 7887 7869 7853 7840 7811 7777 7762 7752 7744 7727 7704 7690 7678 7662 7638 7605
