terrain/dems/misc/everest.grd
ncols        162
nrows        118
xllcorner    86.904027777778
yllcorner    27.967361111111
cellsize 30
[rows 0 to 37 of 118, columns 0 to 83 of 162]
7237 7261 7276 7284 7309 7350 7364 7378 7401 7414 7432 7454 7473 7501 7542 7563 7584 7610 7620 7622 7630 7641 7651 7663 7685 7702 7760 7790 7804 7822 7847 7888 7921 7955 7975 7998 8030 8059 8085 8111 8140 8171 8216 8249 8265 8269 8265 8262 8259 8256 8256 8264 8275 8269 8256 8240 8232 8225 8208 8192 8176 8160 8142 8124 8103 8086 8064 8048 8025 8009 7995 7980 7959 7938 7914 7894 7867 7842 7828 7821 7805 7785 7773 7759
7213 7237 7257 7271 7289 7337 7353 7362 7379 7404 7424 7442 7460 7473 7513 7551 7565 7582 7599 7610 7613 7628 7638 7643 7665 7689 7735 7766 7779 7798 7829 7881 7896 7920 7946 7976 8006 8037 8061 8078 8123 8161 8202 8246 8264 8273 8274 8272 8277 8285 8281 8280 8288 8291 8278 8260 8249 8238 8225 8207 8188 8172 8154 8132 8114 8099 8084 8065 8044 8030 8024 8008 7979 7951 7932 7911 7886 7860 7847 7840 7825 7800 7791 7781
7202 7223 7249 7256 7274 7325 7343 7355 7366 7396 7413 7433 7448 7452 7480 7509 7531 7548 7573 7587 7598 7611 7625 7631 7648 7664 7702 7743 7764 7787 7814 7836 7864 7877 7917 7950 7977 8011 8036 8055 8111 8166 8196 8208 8269 8295 8289 8298 8304 8308 8310 8300 8301 8297 8289 8272 8258 8247 8236 8221 8195 8182 8169 8143 8127 8118 8108 8092 8069 8053 8041 8022 7993 7970 7953 7937 7899 7874 7863 7854 7840 7823 7812 7801
7180 7220 7241 7251 7267 7294 7328 7344 7358 7370 7389 7410 7431 7444 7460 7481 7496 7521 7549 7571 7586 7588 7606 7619 7635 7649 7673 7712 7740 7769 7790 7812 7837 7859 7892 7927 7951 7990 8014 8039 8088 8139 8183 8203 8261 8306 8314 8328 8329 8334 8327 8322 8318 8305 8290 8277 8264 8253 8243 8228 8206 8194 8185 8165 8144 8137 8128 8112 8095 8072 8050 8033 8018 7995 7978 7957 7926 7893 7873 7864 7856 7845 7828 7812
7160 7201 7226 7245 7264 7290 7314 7329 7343 7355 7361 7385 7412 7431 7452 7471 7481 7509 7527 7542 7567 7572 7581 7601 7621 7637 7654 7675 7702 7738 7764 7790 7817 7843 7868 7909 7948 7972 7994 8022 8047 8080 8134 8186 8199 8254 8269 8297 8320 8354 8349 8342 8328 8316 8299 8287 8273 8261 8248 8235 8216 8205 8198 8185 8168 8153 8139 8127 8113 8088 8058 8043 8033 8018 7995 7972 7948 7922 7897 7881 7873 7863 7849 7825
7156 7182 7199 7218 7254 7279 7295 7304 7315 7331 7348 7366 7389 7419 7433 7449 7464 7486 7506 7518 7537 7554 7566 7582 7601 7616 7638 7650 7669 7704 7746 7775 7800 7831 7862 7888 7915 7942 7969 7996 8018 8030 8026 8093 8190 8204 8244 8261 8308 8367 8367 8363 8354 8337 8317 8301 8286 8273 8258 8245 8232 8218 8208 8201 8186 8166 8149 8140 8128 8108 8074 8060 8049 8034 8004 7986 7972 7955 7930 7906 7887 7877 7862 7842
7141 7165 7180 7198 7235 7264 7270 7278 7287 7308 7334 7347 7373 7402 7410 7424 7442 7460 7477 7494 7515 7536 7554 7566 7582 7595 7609 7628 7657 7685 7725 7765 7796 7817 7844 7864 7882 7905 7932 7968 7994 8003 8050 8079 8126 8180 8207 8249 8284 8325 8379 8383 8375 8362 8342 8320 8301 8289 8275 8257 8246 8236 8223 8212 8201 8173 8158 8148 8136 8119 8096 8083 8067 8050 8025 8004 7993 7981 7960 7931 7906 7895 7884 7862
7122 7143 7164 7177 7223 7247 7253 7258 7267 7287 7306 7331 7359 7384 7392 7406 7424 7440 7457 7477 7501 7518 7532 7552 7566 7581 7590 7611 7643 7677 7715 7747 7769 7792 7815 7836 7859 7881 7922 7953 7984 7992 8035 8047 8091 8144 8181 8213 8264 8322 8385 8383 8379 8372 8360 8347 8322 8305 8294 8278 8260 8245 8233 8224 8208 8185 8169 8164 8152 8126 8110 8102 8080 8063 8047 8035 8014 7998 7985 7939 7918 7910 7905 7894
7088 7115 7142 7156 7175 7209 7214 7238 7245 7259 7279 7311 7340 7362 7376 7393 7409 7428 7445 7461 7480 7503 7515 7537 7550 7558 7570 7598 7627 7652 7682 7713 7730 7754 7794 7820 7848 7875 7906 7934 7958 7986 7986 7985 8078 8112 8143 8192 8212 8299 8379 8375 8374 8382 8384 8373 8348 8322 8304 8292 8276 8264 8243 8230 8214 8195 8184 8180 8172 8149 8126 8113 8095 8074 8063 8052 8038 8022 8008 7984 7932 7925 7921 7911
7060 7086 7110 7145 7151 7159 7168 7213 7226 7230 7252 7288 7307 7335 7372 7379 7394 7417 7438 7447 7463 7485 7502 7520 7535 7543 7557 7574 7599 7619 7645 7680 7709 7741 7785 7813 7840 7867 7884 7909 7938 7979 7982 7991 8068 8097 8105 8141 8196 8366 8372 8370 8372 8389 8401 8398 8370 8341 8315 8299 8291 8277 8255 8241 8229 8213 8197 8190 8185 8170 8152 8137 8112 8097 8077 8069 8059 8043 8030 8013 7977 7948 7938 7928
7039 7051 7078 7109 7130 7125 7138 7175 7207 7218 7230 7259 7269 7318 7363 7362 7376 7394 7423 7441 7451 7471 7486 7498 7517 7527 7542 7561 7572 7609 7633 7667 7696 7726 7766 7794 7823 7848 7870 7896 7925 7951 7974 7986 7994 8080 8098 8112 8161 8217 8262 8357 8354 8379 8406 8410 8393 8366 8347 8332 8308 8294 8270 8258 8246 8232 8216 8202 8194 8184 8174 8156 8140 8123 8109 8092 8078 8061 8043 8028 8002 7976 7957 7953
7016 7026 7054 7075 7093 7093 7122 7154 7184 7200 7217 7234 7235 7267 7325 7343 7353 7372 7397 7432 7441 7455 7470 7485 7497 7507 7513 7537 7564 7605 7626 7656 7685 7711 7735 7765 7786 7808 7854 7866 7901 7926 7954 7973 7989 8001 8068 8082 8089 8185 8247 8341 8341 8360 8395 8402 8406 8392 8386 8369 8348 8318 8293 8279 8264 8251 8230 8217 8199 8194 8191 8177 8160 8148 8136 8117 8094 8079 8065 8048 8023 8002 7985 7979
6988 7016 7034 7049 7048 7075 7095 7135 7159 7182 7194 7201 7184 7216 7264 7318 7333 7356 7381 7411 7435 7446 7461 7477 7491 7495 7503 7519 7534 7577 7619 7647 7677 7695 7710 7731 7728 7771 7803 7837 7867 7907 7928 7953 7975 7991 8028 8059 8077 8099 8211 8328 8327 8339 8353 8374 8388 8403 8401 8387 8369 8346 8321 8303 8291 8275 8261 8239 8226 8210 8210 8206 8190 8173 8158 8139 8120 8101 8090 8075 8043 8020 8002 8000
6970 7002 7023 7018 7048 7066 7093 7111 7135 7172 7177 7177 7178 7193 7248 7297 7322 7342 7355 7384 7408 7434 7449 7466 7480 7487 7495 7507 7523 7540 7566 7621 7647 7664 7683 7702 7725 7766 7794 7827 7875 7894 7905 7925 7950 7980 8008 8036 8078 8116 8175 8230 8310 8317 8336 8346 8369 8401 8412 8404 8392 8371 8348 8327 8314 8297 8278 8268 8254 8251 8239 8228 8215 8203 8185 8165 8149 8133 8117 8097 8067 8034 8027 8025
6972 6990 6993 6995 7013 7045 7071 7100 7132 7149 7171 7175 7177 7181 7213 7287 7315 7330 7347 7363 7385 7414 7434 7443 7456 7474 7488 7495 7507 7531 7541 7570 7609 7631 7669 7693 7726 7764 7801 7828 7863 7890 7883 7902 7931 7977 8007 8030 8072 8097 8141 8195 8246 8277 8321 8341 8352 8395 8415 8423 8411 8400 8382 8364 8342 8313 8291 8282 8276 8274 8264 8258 8236 8221 8209 8192 8173 8155 8139 8117 8090 8064 8056 8059
6949 6958 6981 6991 7007 7027 7058 7094 7123 7138 7170 7175 7175 7172 7205 7280 7297 7318 7332 7353 7370 7392 7416 7426 7439 7458 7477 7489 7498 7504 7525 7566 7596 7630 7657 7690 7731 7763 7794 7823 7840 7858 7867 7894 7919 7947 7983 8011 8046 8059 8107 8154 8181 8224 8270 8281 8327 8356 8388 8420 8421 8417 8413 8394 8373 8359 8325 8305 8293 8286 8282 8272 8259 8249 8233 8214 8195 8176 8154 8122 8106 8090 8083 8080
6942 6952 6976 6989 7009 7021 7052 7100 7116 7121 7163 7173 7179 7189 7223 7248 7276 7294 7311 7324 7350 7375 7396 7417 7427 7441 7458 7477 7490 7496 7512 7554 7587 7618 7641 7657 7710 7738 7772 7798 7816 7827 7847 7876 7900 7920 7943 7959 8012 8050 8070 8134 8163 8213 8225 8250 8276 8314 8353 8385 8430 8433 8431 8418 8400 8388 8367 8332 8315 8309 8303 8291 8278 8267 8260 8237 8224 8201 8175 8126 8110 8107 8100 8092
6933 6945 6971 6984 7008 7020 7065 7093 7105 7124 7153 7157 7181 7205 7226 7243 7261 7281 7299 7312 7329 7356 7380 7402 7416 7431 7437 7457 7477 7490 7504 7540 7575 7598 7623 7650 7683 7721 7733 7752 7799 7816 7830 7856 7875 7892 7908 7941 7985 8003 8061 8109 8136 8154 8203 8203 8217 8280 8318 8367 8402 8446 8447 8438 8432 8417 8402 8372 8342 8338 8325 8308 8296 8286 8268 8255 8242 8224 8192 8152 8139 8128 8122 8103
6924 6935 6956 6970 6993 7042 7059 7089 7098 7122 7144 7160 7182 7206 7219 7231 7252 7269 7292 7301 7318 7343 7369 7382 7404 7422 7426 7445 7468 7484 7496 7526 7558 7581 7611 7640 7683 7706 7715 7729 7776 7802 7824 7842 7857 7881 7892 7918 7949 7965 8004 8067 8107 8124 8140 8177 8204 8215 8287 8337 8372 8413 8457 8449 8446 8434 8422 8407 8381 8365 8353 8330 8318 8308 8294 8273 8261 8242 8219 8188 8163 8141 8132 8134
6920 6926 6946 6959 6986 7034 7049 7053 7067 7112 7132 7155 7185 7199 7209 7220 7239 7256 7270 7286 7306 7328 7347 7364 7384 7408 7429 7444 7462 7479 7496 7518 7546 7572 7586 7614 7637 7663 7665 7710 7742 7772 7811 7834 7853 7839 7858 7899 7932 7953 7983 8037 8076 8109 8125 8139 8181 8223 8261 8311 8337 8413 8429 8455 8461 8451 8441 8434 8404 8384 8368 8354 8337 8324 8310 8294 8275 8257 8233 8211 8190 8174 8162 8169
6927 6921 6920 6962 6991 7007 7019 7043 7070 7106 7128 7146 7168 7191 7205 7214 7225 7246 7260 7272 7287 7312 7334 7351 7366 7394 7425 7447 7461 7469 7482 7509 7507 7560 7568 7590 7619 7631 7649 7680 7725 7753 7788 7819 7839 7839 7852 7889 7909 7935 7966 7996 8057 8083 8112 8131 8185 8205 8217 8284 8318 8351 8426 8447 8474 8480 8473 8461 8443 8396 8377 8357 8345 8336 8320 8304 8288 8268 8252 8241 8208 8195 8173 8177
6924 6936 6946 6964 6996 7013 7030 7048 7080 7103 7118 7134 7149 7177 7196 7208 7219 7238 7252 7264 7278 7300 7315 7345 7366 7384 7415 7441 7457 7460 7474 7487 7496 7548 7567 7589 7612 7643 7650 7675 7716 7745 7771 7792 7798 7824 7849 7876 7895 7913 7934 7967 8027 8054 8092 8128 8175 8202 8227 8251 8295 8340 8394 8436 8484 8493 8498 8495 8473 8436 8399 8376 8356 8344 8332 8325 8309 8288 8273 8268 8228 8220 8201 8191
6910 6944 6957 6972 6997 7015 7035 7051 7065 7092 7106 7123 7137 7153 7174 7194 7217 7229 7242 7255 7271 7290 7303 7330 7359 7390 7411 7427 7443 7467 7476 7487 7493 7536 7588 7600 7612 7635 7647 7679 7713 7734 7753 7765 7796 7816 7837 7857 7869 7889 7930 7960 7985 8042 8094 8121 8156 8204 8228 8249 8251 8303 8339 8400 8452 8497 8504 8502 8483 8464 8437 8408 8380 8360 8352 8343 8329 8301 8289 8284 8246 8233 8232 8220
6897 6917 6937 6958 6980 6999 7027 7038 7046 7069 7083 7102 7121 7129 7152 7173 7202 7219 7229 7245 7265 7279 7292 7327 7356 7388 7409 7414 7430 7465 7480 7506 7505 7528 7587 7614 7601 7619 7637 7667 7709 7734 7730 7735 7787 7810 7819 7833 7858 7872 7913 7951 7974 8006 8076 8095 8142 8190 8231 8244 8251 8264 8324 8368 8422 8473 8500 8501 8497 8495 8485 8453 8421 8390 8376 8364 8336 8321 8369 8304 8301 8254 8234 8241
6890 6902 6921 6940 6959 6989 7019 7031 7032 7041 7063 7078 7105 7123 7140 7160 7181 7210 7225 7245 7264 7273 7283 7316 7360 7386 7401 7406 7421 7452 7477 7499 7518 7527 7529 7568 7585 7600 7626 7644 7691 7730 7715 7724 7762 7789 7801 7820 7844 7868 7893 7925 7951 7981 8050 8082 8119 8161 8224 8236 8248 8262 8290 8337 8399 8445 8475 8511 8515 8522 8512 8487 8463 8428 8402 8384 8364 8345 8363 8367 8309 8299 8302 8307
6884 6895 6920 6939 6953 6981 7016 7027 7027 7034 7054 7087 7102 7118 7138 7156 7176 7205 7228 7248 7259 7269 7278 7308 7362 7383 7395 7416 7431 7450 7454 7479 7501 7516 7540 7562 7574 7591 7622 7630 7629 7669 7692 7702 7724 7758 7785 7806 7830 7869 7895 7916 7938 7967 8001 8054 8088 8147 8178 8224 8238 8250 8276 8292 8350 8400 8463 8507 8534 8535 8526 8510 8479 8454 8432 8411 8390 8367 8373 8365 8363 8355 8345 8342
6873 6891 6934 6959 6959 6979 7006 7020 7023 7039 7068 7094 7109 7109 7129 7154 7183 7201 7225 7240 7252 7258 7283 7307 7372 7374 7384 7415 7440 7445 7456 7471 7493 7501 7528 7559 7562 7583 7616 7630 7634 7655 7665 7678 7702 7725 7750 7782 7817 7877 7904 7918 7928 7948 7994 8013 8059 8118 8138 8162 8205 8224 8237 8267 8314 8363 8415 8489 8528 8542 8544 8532 8504 8470 8458 8454 8441 8390 8419 8391 8379 8373 8380 8382
6855 6894 6927 6950 6960 6975 6986 7004 7002 7043 7084 7118 7130 7152 7162 7179 7193 7205 7218 7237 7253 7255 7291 7318 7335 7362 7371 7397 7425 7437 7449 7472 7490 7495 7518 7547 7562 7583 7614 7618 7637 7644 7656 7666 7679 7703 7741 7766 7808 7880 7905 7920 7933 7943 7981 8008 8029 8075 8110 8137 8165 8197 8223 8229 8259 8341 8379 8450 8492 8524 8553 8551 8527 8504 8488 8486 8480 8464 8422 8441 8424 8392 8397 8417
6853 6876 6922 6947 6957 6967 6979 7009 7010 7051 7093 7125 7134 7163 7165 7179 7190 7199 7209 7237 7247 7281 7296 7324 7329 7346 7374 7390 7414 7432 7450 7470 7486 7491 7517 7549 7565 7586 7616 7627 7634 7642 7649 7658 7668 7693 7738 7768 7809 7876 7906 7923 7923 7943 7968 7990 8011 8052 8074 8104 8150 8162 8200 8220 8249 8303 8361 8411 8451 8491 8531 8562 8544 8525 8516 8514 8495 8480 8487 8492 8464 8442 8450 8453
6844 6873 6909 6931 6951 6965 6977 7013 7014 7068 7095 7116 7132 7154 7175 7186 7189 7200 7211 7230 7250 7270 7302 7328 7332 7355 7378 7390 7406 7429 7444 7466 7480 7495 7516 7543 7561 7578 7596 7611 7631 7640 7642 7649 7677 7703 7720 7768 7808 7863 7886 7897 7918 7935 7953 7969 7995 8013 8044 8088 8103 8150 8186 8224 8252 8293 8327 8376 8409 8471 8503 8538 8540 8545 8546 8528 8508 8481 8523 8523 8524 8506 8493 8492
6846 6870 6890 6929 6953 6967 6982 7012 7035 7067 7103 7113 7116 7142 7161 7174 7191 7201 7217 7240 7258 7272 7314 7320 7331 7363 7378 7387 7403 7424 7434 7442 7471 7491 7515 7534 7552 7575 7591 7615 7623 7635 7647 7668 7689 7700 7720 7770 7800 7855 7861 7889 7911 7925 7935 7951 7971 7999 8026 8069 8097 8121 8179 8219 8240 8287 8315 8346 8380 8427 8477 8506 8551 8556 8565 8570 8520 8549 8559 8555 8535 8529 8533 8523
6852 6875 6885 6930 6950 6963 6986 7009 7045 7069 7098 7103 7112 7122 7151 7179 7199 7216 7233 7252 7272 7293 7306 7317 7329 7355 7376 7387 7405 7422 7431 7442 7462 7489 7506 7519 7535 7582 7581 7611 7615 7636 7650 7666 7689 7700 7730 7766 7800 7842 7857 7892 7906 7919 7935 7947 7971 7995 8024 8053 8092 8112 8175 8223 8234 8267 8308 8328 8360 8416 8472 8509 8543 8561 8577 8589 8586 8586 8587 8589 8565 8550 8550 8541
6852 6880 6912 6951 6947 6970 6991 7011 7047 7074 7096 7102 7102 7126 7153 7193 7213 7235 7248 7260 7287 7298 7309 7319 7334 7353 7374 7387 7405 7421 7432 7449 7468 7486 7500 7512 7515 7554 7572 7590 7613 7628 7647 7662 7682 7695 7719 7764 7794 7836 7856 7881 7897 7912 7930 7943 7970 7991 8014 8049 8085 8113 8168 8200 8229 8273 8310 8332 8358 8400 8439 8493 8541 8549 8581 8594 8605 8602 8605 8607 8595 8583 8575 8574
6848 6891 6924 6944 6946 6969 6991 7007 7045 7072 7088 7098 7106 7127 7158 7199 7232 7245 7253 7263 7280 7295 7309 7324 7337 7353 7373 7383 7397 7416 7438 7455 7468 7484 7497 7514 7518 7523 7566 7587 7609 7617 7639 7649 7678 7682 7711 7739 7784 7823 7847 7860 7886 7910 7929 7945 7973 7990 7999 8055 8077 8117 8153 8205 8229 8279 8308 8322 8349 8358 8414 8491 8521 8548 8585 8603 8621 8621 8629 8637 8638 8604 8605 8601
6862 6895 6925 6946 6953 6965 6992 7015 7042 7069 7095 7110 7124 7139 7152 7198 7230 7244 7255 7271 7283 7293 7310 7329 7337 7351 7372 7382 7393 7412 7436 7461 7465 7487 7500 7514 7521 7549 7565 7577 7589 7610 7622 7649 7649 7668 7708 7736 7776 7813 7822 7848 7876 7909 7932 7943 7958 7973 8001 8052 8082 8104 8142 8183 8216 8241 8283 8306 8337 8350 8406 8470 8494 8511 8561 8587 8618 8632 8649 8661 8650 8641 8627 8634
6877 6902 6918 6937 6944 6970 6988 7007 7053 7072 7092 7132 7133 7148 7162 7190 7225 7243 7259 7276 7286 7291 7305 7326 7338 7349 7371 7387 7396 7410 7431 7453 7462 7489 7506 7513 7527 7551 7558 7579 7589 7610 7624 7638 7642 7658 7707 7746 7770 7793 7820 7850 7859 7907 7924 7936 7949 7975 8002 8052 8073 8102 8143 8177 8224 8239 8277 8295 8318 8356 8366 8414 8466 8505 8511 8592 8628 8645 8653 8663 8675 8678 8664 8668
6889 6901 6918 6932 6953 6981 7002 7020 7052 7090 7103 7124 7125 7137 7162 7177 7212 7241 7256 7269 7281 7289 7300 7314 7338 7350 7366 7378 7393 7405 7425 7448 7458 7481 7504 7513 7536 7554 7555 7574 7590 7612 7617 7625 7635 7654 7703 7739 7771 7781 7804 7842 7853 7875 7919 7939 7954 7980 8017 8050 8079 8103 8148 8183 8212 8234 8252 8296 8315 8342 8361 8378 8437 8474 8518 8574 8631 8642 8663 8672 8685 8687 8691 8684
6889 6911 6925 6931 6962 6995 7022 7060 7080 7087 7099 7117 7126 7138 7156 7173 7199 7238 7250 7261 7276 7287 7296 7311 7331 7348 7359 7379 7394 7408 7425 7446 7461 7480 7498 7528 7545 7535 7563 7567 7580 7593 7604 7622 7628 7666 7697 7721 7750 7773 7797 7820 7845 7859 7895 7935 7960 7999 8034 8050 8078 8112 8137 8157 8196 8226 8252 8301 8296 8323 8357 8375 8398 8443 8524 8559 8592 8639 8666 8677 8693 8702 8707 8710
