terrain/dems/misc/everest.grd
ncols        162
nrows        118
xllcorner    86.904027777778
yllcorner    27.967361111111
cellsize 30
[rows 38 to 75 of 118, columns 0 to 83 of 162]
6910 6921 6934 6956 6961 6985 7030 7054 7069 7084 7095 7113 7126 7143 7156 7173 7194 7228 7245 7257 7272 7285 7293 7305 7319 7336 7354 7381 7403 7418 7432 7447 7467 7485 7508 7512 7526 7538 7549 7558 7576 7592 7608 7626 7657 7673 7686 7707 7729 7752 7778 7808 7831 7849 7893 7930 7961 8003 8033 8052 8075 8106 8137 8156 8170 8200 8231 8272 8296 8300 8327 8354 8392 8423 8488 8564 8595 8636 8660 8679 8694 8705 8721 8732
6907 6921 6942 6959 6966 6976 7021 7050 7059 7075 7090 7103 7118 7132 7153 7171 7189 7212 7236 7248 7267 7280 7289 7298 7310 7324 7337 7361 7409 7425 7427 7443 7459 7484 7500 7515 7534 7541 7550 7564 7579 7594 7612 7632 7656 7675 7685 7705 7724 7737 7756 7784 7811 7843 7887 7918 7961 8005 8031 8051 8077 8108 8140 8157 8170 8189 8207 8236 8266 8287 8316 8346 8379 8418 8464 8497 8558 8591 8664 8675 8697 8705 8729 8744
6902 6923 6939 6956 6960 6968 7002 7036 7059 7073 7086 7095 7103 7115 7129 7158 7177 7191 7205 7232 7257 7276 7289 7298 7307 7317 7326 7358 7361 7406 7430 7449 7458 7469 7486 7508 7530 7544 7554 7576 7586 7599 7611 7626 7654 7673 7687 7705 7720 7732 7742 7764 7781 7813 7843 7899 7948 7994 8020 8044 8070 8104 8123 8149 8169 8176 8193 8223 8250 8280 8312 8348 8376 8403 8446 8482 8544 8587 8609 8671 8682 8703 8711 8740
6887 6910 6935 6952 6957 6960 6990 7016 7043 7065 7082 7086 7094 7107 7127 7146 7167 7181 7191 7211 7250 7248 7258 7275 7300 7318 7335 7346 7356 7396 7420 7446 7453 7458 7472 7503 7522 7536 7552 7568 7592 7596 7609 7626 7655 7671 7687 7701 7709 7728 7737 7752 7771 7805 7846 7897 7946 7988 8014 8037 8069 8102 8118 8140 8156 8175 8187 8214 8247 8280 8315 8344 8366 8408 8421 8470 8514 8543 8591 8606 8674 8681 8693 8736
6867 6884 6914 6941 6949 6950 6969 6992 7018 7042 7052 7070 7085 7103 7116 7148 7176 7182 7171 7181 7211 7222 7246 7266 7293 7311 7329 7343 7356 7383 7411 7437 7451 7459 7474 7480 7497 7518 7540 7564 7581 7596 7602 7628 7650 7676 7685 7703 7714 7731 7743 7757 7768 7805 7847 7897 7944 7991 8016 8034 8054 8102 8120 8132 8138 8161 8180 8203 8239 8279 8300 8338 8363 8381 8410 8465 8509 8513 8548 8577 8601 8653 8675 8694
6848 6866 6892 6911 6928 6940 6956 6968 6991 7023 7037 7048 7073 7102 7112 7123 7143 7160 7165 7172 7177 7223 7242 7262 7295 7312 7313 7328 7349 7373 7405 7435 7456 7463 7468 7475 7488 7513 7535 7555 7571 7600 7617 7627 7644 7666 7679 7699 7712 7726 7745 7753 7778 7811 7847 7888 7942 7982 8007 8023 8054 8068 8102 8123 8128 8141 8165 8200 8235 8261 8301 8339 8370 8383 8398 8440 8474 8510 8520 8545 8584 8623 8646 8683
6865 6873 6886 6899 6907 6922 6945 6958 6966 6987 7001 7004 7026 7065 7085 7111 7125 7142 7150 7156 7169 7214 7241 7275 7283 7306 7316 7331 7353 7369 7400 7432 7458 7465 7468 7477 7494 7518 7540 7571 7586 7605 7616 7632 7642 7658 7684 7700 7715 7724 7738 7762 7787 7821 7849 7891 7941 7977 7998 8020 8049 8073 8098 8117 8126 8139 8164 8201 8214 8247 8284 8316 8341 8373 8396 8450 8481 8503 8512 8528 8543 8566 8628 8647
6865 6866 6882 6886 6897 6914 6937 6948 6961 6963 6981 6995 7020 7041 7072 7099 7113 7124 7131 7151 7179 7208 7238 7277 7278 7292 7322 7335 7354 7385 7393 7440 7463 7468 7476 7486 7502 7525 7545 7570 7594 7611 7628 7637 7652 7664 7678 7700 7720 7732 7756 7774 7799 7827 7849 7875 7928 7975 7985 8008 8052 8083 8114 8129 8123 8149 8162 8179 8211 8246 8273 8302 8337 8371 8410 8446 8479 8501 8505 8517 8535 8550 8568 8623
6874 6868 6874 6888 6904 6921 6938 6945 6956 6962 6980 6993 7009 7037 7066 7092 7110 7115 7125 7153 7167 7201 7226 7252 7268 7294 7323 7343 7360 7378 7413 7440 7462 7470 7483 7501 7522 7542 7562 7585 7610 7629 7643 7645 7648 7660 7682 7717 7726 7750 7779 7803 7826 7841 7872 7872 7930 7973 7991 8007 8037 8079 8109 8129 8146 8144 8156 8171 8208 8242 8273 8309 8341 8373 8404 8442 8473 8477 8501 8523 8533 8545 8567 8600
6883 6885 6885 6895 6918 6937 6943 6948 6958 6974 6977 7000 7017 7034 7058 7092 7107 7119 7144 7149 7164 7192 7208 7216 7261 7282 7312 7337 7363 7378 7412 7441 7457 7478 7486 7501 7525 7561 7588 7607 7617 7636 7647 7650 7655 7673 7703 7729 7745 7760 7784 7818 7843 7856 7874 7915 7942 7971 7997 8020 8043 8086 8104 8130 8148 8158 8169 8174 8215 8252 8287 8316 8354 8378 8406 8429 8449 8468 8495 8515 8539 8558 8563 8592
6892 6895 6901 6919 6926 6934 6942 6955 6961 6973 6989 7017 7030 7045 7078 7097 7118 7142 7151 7158 7164 7180 7195 7206 7247 7282 7314 7341 7359 7378 7408 7434 7468 7480 7499 7527 7559 7576 7610 7609 7635 7645 7659 7684 7677 7703 7726 7743 7752 7763 7799 7836 7858 7882 7896 7927 7950 7973 8004 8027 8064 8083 8110 8127 8145 8159 8176 8180 8209 8259 8286 8322 8354 8378 8407 8419 8444 8458 8491 8516 8535 8561 8575 8600
6898 6914 6924 6929 6939 6944 6962 6981 6994 7008 7030 7050 7067 7076 7090 7111 7127 7143 7156 7166 7170 7177 7207 7231 7249 7288 7314 7344 7358 7379 7400 7435 7468 7489 7512 7539 7559 7598 7606 7619 7648 7661 7683 7688 7711 7730 7760 7767 7769 7775 7803 7851 7878 7899 7923 7941 7965 7993 8016 8035 8058 8089 8104 8130 8145 8162 8177 8181 8205 8249 8287 8334 8358 8379 8398 8421 8438 8457 8490 8513 8534 8557 8574 8597
6905 6916 6932 6939 6952 6964 6984 6997 7013 7029 7044 7062 7083 7089 7113 7130 7145 7153 7164 7161 7174 7185 7203 7237 7253 7298 7321 7346 7361 7379 7403 7427 7459 7492 7505 7531 7557 7600 7610 7621 7641 7667 7682 7703 7728 7766 7764 7769 7781 7791 7803 7847 7879 7912 7932 7958 7984 8006 8020 8041 8067 8086 8106 8130 8142 8167 8178 8190 8213 8255 8300 8334 8364 8374 8391 8420 8435 8445 8471 8509 8536 8560 8574 8584
6911 6925 6938 6952 6959 6978 6993 7009 7034 7058 7070 7083 7092 7108 7120 7128 7150 7173 7178 7184 7189 7203 7234 7253 7282 7323 7325 7360 7367 7389 7409 7423 7444 7470 7504 7528 7559 7574 7592 7613 7645 7679 7700 7714 7741 7769 7774 7785 7796 7800 7814 7854 7889 7916 7942 7965 7994 8014 8029 8049 8073 8091 8114 8144 8168 8184 8194 8208 8223 8251 8300 8326 8352 8370 8393 8415 8434 8441 8465 8488 8527 8554 8576 8578
6914 6931 6950 6959 6966 6985 7004 7024 7051 7071 7081 7098 7114 7129 7134 7151 7173 7190 7200 7220 7243 7254 7260 7282 7295 7322 7338 7355 7375 7398 7419 7435 7449 7472 7500 7528 7555 7569 7576 7606 7647 7680 7704 7727 7754 7778 7788 7799 7805 7806 7829 7864 7897 7922 7947 7969 7994 8018 8043 8049 8072 8084 8122 8149 8185 8188 8209 8218 8231 8267 8288 8323 8351 8370 8390 8409 8429 8444 8465 8485 8513 8540 8554 8571
6918 6942 6948 6966 6985 6998 7032 7055 7067 7080 7097 7111 7128 7142 7151 7160 7181 7200 7219 7241 7267 7267 7285 7294 7320 7334 7351 7373 7394 7410 7426 7439 7455 7478 7497 7527 7559 7562 7566 7602 7646 7673 7715 7744 7771 7784 7802 7814 7817 7830 7849 7888 7914 7932 7949 7977 8008 8030 8041 8046 8061 8084 8132 8161 8191 8194 8216 8230 8258 8277 8298 8325 8357 8371 8387 8417 8445 8462 8484 8495 8511 8532 8555 8566
6930 6947 6960 6990 7004 7022 7043 7064 7082 7101 7113 7127 7139 7141 7154 7170 7188 7208 7234 7257 7271 7285 7295 7316 7329 7344 7365 7379 7401 7426 7440 7452 7468 7492 7501 7537 7554 7560 7572 7613 7641 7685 7723 7750 7776 7797 7814 7818 7836 7851 7870 7885 7908 7926 7945 7972 8005 8024 8034 8043 8060 8104 8141 8172 8188 8201 8226 8238 8256 8272 8298 8338 8362 8370 8386 8419 8446 8462 8483 8504 8520 8533 8555 8563
6942 6968 6989 7013 7026 7046 7062 7072 7094 7114 7126 7138 7144 7151 7163 7178 7196 7222 7249 7258 7274 7288 7308 7324 7339 7357 7370 7392 7412 7434 7452 7465 7484 7507 7536 7554 7567 7577 7601 7625 7668 7698 7722 7741 7772 7789 7812 7827 7829 7843 7859 7885 7911 7925 7946 7974 7999 8020 8033 8058 8075 8118 8145 8176 8199 8210 8227 8245 8267 8279 8312 8348 8361 8369 8389 8417 8447 8463 8479 8510 8525 8537 8554 8562
6966 6998 7015 7039 7050 7066 7076 7094 7114 7126 7136 7142 7154 7154 7165 7189 7211 7237 7254 7274 7289 7302 7316 7334 7349 7360 7379 7398 7409 7431 7445 7473 7492 7520 7556 7569 7587 7599 7615 7656 7684 7706 7711 7731 7754 7778 7803 7823 7825 7844 7868 7893 7924 7931 7958 7985 8003 8024 8048 8080 8117 8143 8171 8182 8205 8221 8237 8244 8262 8284 8321 8354 8361 8371 8387 8414 8440 8459 8480 8513 8523 8542 8548 8555
7003 7016 7032 7050 7067 7077 7100 7106 7117 7124 7135 7145 7161 7167 7185 7200 7239 7258 7270 7286 7297 7309 7320 7339 7356 7373 7379 7400 7421 7434 7459 7485 7503 7542 7567 7587 7596 7613 7632 7663 7688 7704 7716 7733 7744 7766 7805 7816 7840 7864 7886 7923 7937 7953 7968 7991 8009 8042 8064 8112 8131 8154 8175 8201 8211 8231 8246 8247 8278 8314 8341 8355 8365 8378 8389 8413 8435 8446 8476 8509 8520 8528 8545 8542
7018 7024 7043 7057 7076 7089 7101 7108 7116 7123 7143 7158 7173 7180 7201 7235 7263 7271 7286 7289 7302 7317 7330 7346 7363 7381 7397 7411 7430 7459 7475 7497 7527 7563 7584 7599 7608 7626 7640 7659 7674 7690 7700 7724 7747 7768 7806 7814 7848 7893 7905 7925 7943 7958 7980 7992 8021 8047 8077 8114 8126 8148 8179 8197 8219 8229 8252 8257 8273 8308 8345 8363 8365 8377 8394 8412 8426 8443 8457 8481 8508 8518 8522 8510
7022 7028 7046 7060 7087 7096 7107 7115 7124 7137 7153 7167 7179 7196 7224 7248 7269 7283 7293 7300 7312 7327 7341 7359 7371 7389 7406 7421 7443 7462 7488 7512 7545 7576 7590 7603 7610 7626 7634 7641 7657 7677 7703 7721 7740 7783 7802 7831 7861 7891 7905 7921 7940 7956 7975 7997 8018 8044 8070 8110 8135 8157 8184 8202 8213 8232 8247 8260 8275 8311 8346 8359 8366 8400 8405 8415 8430 8438 8447 8459 8469 8477 8477 8469
7002 7026 7032 7049 7088 7100 7107 7115 7124 7134 7150 7172 7195 7212 7232 7250 7273 7293 7300 7314 7326 7338 7354 7371 7386 7401 7414 7435 7451 7469 7491 7519 7542 7578 7586 7593 7604 7619 7627 7638 7654 7676 7703 7731 7760 7788 7811 7845 7874 7895 7903 7914 7930 7952 7977 8000 8029 8059 8075 8113 8146 8161 8182 8210 8219 8236 8266 8273 8295 8312 8351 8357 8373 8395 8405 8419 8434 8435 8440 8449 8450 8450 8457 8459
6959 6975 6996 7028 7047 7082 7093 7106 7111 7117 7140 7170 7193 7211 7228 7255 7278 7297 7300 7313 7331 7351 7362 7379 7406 7419 7432 7449 7463 7476 7503 7525 7545 7573 7590 7593 7605 7615 7627 7637 7654 7669 7703 7736 7764 7791 7822 7851 7867 7897 7911 7927 7933 7944 7977 8015 8043 8080 8095 8116 8138 8158 8180 8211 8224 8248 8262 8283 8299 8314 8327 8354 8356 8371 8396 8408 8417 8441 8439 8433 8417 8417 8404 8395
6919 6941 6960 6992 7027 7044 7069 7091 7098 7103 7115 7139 7169 7189 7209 7228 7258 7282 7301 7308 7328 7347 7360 7384 7402 7415 7426 7452 7464 7482 7505 7529 7545 7563 7580 7587 7606 7615 7624 7637 7646 7667 7702 7742 7745 7790 7816 7849 7871 7899 7909 7926 7931 7942 7976 8017 8041 8076 8093 8111 8134 8151 8167 8190 8214 8244 8265 8291 8301 8312 8320 8323 8339 8359 8369 8378 8415 8417 8409 8410 8371 8349 8337 8333
6892 6912 6940 6966 6978 7013 7039 7062 7077 7089 7100 7122 7150 7167 7181 7203 7234 7256 7276 7293 7322 7329 7345 7357 7390 7402 7412 7432 7453 7467 7478 7508 7526 7546 7563 7573 7591 7601 7624 7629 7629 7654 7695 7742 7752 7787 7813 7836 7874 7896 7899 7924 7924 7945 7978 8018 8038 8056 8071 8099 8116 8134 8154 8183 8202 8237 8260 8281 8298 8302 8305 8308 8322 8330 8334 8336 8345 8345 8328 8320 8306 8300 8286 8285
6865 6882 6906 6928 6968 6980 6995 7036 7056 7072 7087 7099 7115 7147 7152 7166 7195 7229 7254 7276 7299 7315 7327 7339 7356 7373 7384 7395 7424 7444 7462 7475 7496 7515 7537 7557 7578 7594 7614 7616 7628 7651 7693 7735 7764 7793 7819 7833 7857 7880 7892 7912 7918 7933 7971 8007 8015 8032 8058 8072 8103 8125 8157 8187 8208 8228 8244 8263 8285 8288 8289 8303 8314 8322 8316 8320 8318 8313 8310 8296 8284 8271 8276 8267
6820 6835 6869 6900 6928 6946 6969 6995 7015 7034 7059 7084 7093 7118 7134 7151 7169 7194 7232 7255 7273 7283 7294 7308 7311 7322 7354 7367 7389 7417 7437 7453 7464 7487 7510 7530 7559 7578 7593 7612 7630 7661 7686 7728 7758 7789 7801 7827 7837 7857 7888 7904 7913 7926 7958 7985 8010 8021 8043 8070 8092 8116 8161 8187 8208 8221 8233 8238 8253 8266 8280 8284 8296 8309 8307 8299 8291 8285 8291 8290 8275 8246 8231 8237
6792 6801 6823 6862 6890 6913 6936 6963 6990 7011 7034 7044 7074 7092 7117 7121 7146 7153 7184 7220 7237 7262 7258 7262 7274 7293 7317 7353 7363 7382 7406 7438 7445 7467 7487 7496 7517 7561 7590 7605 7627 7655 7682 7709 7756 7777 7783 7808 7826 7842 7880 7911 7919 7926 7948 7977 8003 8024 8049 8073 8094 8116 8153 8178 8201 8214 8225 8226 8234 8255 8270 8274 8285 8288 8284 8283 8282 8281 8288 8267 8247 8225 8190 8190
6755 6770 6782 6810 6831 6873 6900 6930 6967 6986 7008 7026 7044 7077 7092 7101 7116 7129 7130 7156 7207 7203 7208 7216 7257 7266 7294 7330 7348 7365 7375 7404 7418 7449 7481 7490 7499 7515 7578 7605 7626 7655 7684 7709 7731 7769 7789 7800 7815 7825 7875 7914 7931 7929 7947 7971 7997 8014 8045 8076 8094 8120 8147 8162 8194 8206 8215 8230 8228 8240 8248 8253 8255 8251 8260 8271 8273 8267 8260 8243 8224 8195 8177 8170
6697 6711 6758 6775 6817 6829 6861 6904 6935 6964 6982 7000 7024 7057 7074 7083 7094 7104 7110 7115 7131 7141 7177 7203 7222 7241 7263 7302 7341 7353 7365 7379 7415 7423 7463 7489 7496 7512 7536 7600 7617 7646 7653 7713 7728 7749 7775 7787 7801 7814 7882 7919 7929 7930 7949 7968 7985 8018 8044 8068 8084 8106 8129 8147 8166 8189 8212 8214 8220 8224 8230 8230 8235 8220 8220 8214 8225 8234 8229 8218 8185 8173 8157 8162
6684 6694 6716 6754 6771 6812 6832 6867 6895 6935 6958 6978 6994 7047 7066 7082 7083 7078 7085 7091 7106 7125 7135 7174 7213 7235 7245 7277 7323 7340 7352 7368 7384 7410 7461 7486 7502 7512 7541 7579 7617 7638 7652 7679 7717 7735 7759 7768 7788 7796 7844 7882 7922 7921 7937 7955 7978 8009 8032 8055 8075 8091 8108 8124 8144 8166 8183 8190 8196 8206 8208 8198 8195 8197 8183 8179 8175 8195 8174 8168 8167 8155 8149 8150
6655 6677 6693 6728 6751 6775 6807 6847 6875 6891 6946 6961 6972 6997 7042 7072 7081 7076 7078 7080 7095 7101 7126 7148 7193 7223 7244 7282 7316 7339 7346 7361 7382 7405 7450 7486 7514 7536 7547 7583 7608 7640 7663 7681 7711 7736 7753 7766 7780 7803 7836 7859 7894 7915 7917 7945 7966 7988 8004 8040 8061 8076 8095 8109 8121 8136 8162 8169 8168 8164 8160 8164 8157 8151 8165 8162 8173 8172 8170 8164 8158 8142 8134 8139
6619 6646 6674 6699 6720 6751 6783 6811 6862 6871 6893 6941 6965 6988 7027 7043 7072 7075 7085 7082 7089 7095 7122 7147 7188 7223 7249 7284 7300 7332 7345 7361 7379 7413 7455 7488 7515 7535 7543 7577 7611 7640 7656 7684 7703 7733 7752 7764 7774 7799 7835 7851 7870 7900 7914 7933 7958 7983 8002 8029 8061 8075 8085 8088 8094 8112 8136 8153 8153 8141 8131 8129 8132 8140 8154 8148 8163 8164 8159 8155 8144 8119 8113 8119
6596 6624 6640 6678 6690 6703 6740 6785 6821 6856 6868 6910 6963 6983 7016 7042 7054 7080 7085 7091 7095 7104 7109 7146 7178 7226 7251 7274 7295 7327 7336 7358 7389 7436 7470 7496 7513 7533 7545 7570 7604 7640 7652 7680 7696 7726 7741 7758 7761 7771 7823 7845 7866 7890 7910 7925 7946 7978 7995 8021 8059 8070 8072 8079 8084 8095 8113 8126 8119 8103 8109 8101 8100 8103 8119 8116 8140 8150 8147 8140 8123 8098 8093 8091
6561 6590 6617 6656 6667 6679 6705 6739 6798 6819 6872 6909 6941 6967 7013 7041 7060 7078 7088 7094 7100 7102 7116 7141 7180 7220 7246 7266 7291 7307 7326 7358 7407 7436 7472 7495 7510 7530 7544 7554 7592 7637 7651 7680 7692 7715 7734 7736 7759 7769 7818 7858 7872 7895 7910 7916 7952 7980 8001 8018 8046 8063 8070 8077 8079 8085 8084 8086 8080 8074 8069 8061 8061 8079 8089 8090 8121 8115 8109 8100 8074 8075 8074 8075
6545 6578 6597 6630 6650 6670 6685 6704 6751 6805 6855 6891 6931 6967 7009 7031 7055 7082 7089 7100 7104 7107 7115 7136 7174 7212 7244 7266 7289 7310 7331 7365 7412 7434 7467 7486 7510 7526 7542 7550 7585 7623 7652 7686 7695 7709 7727 7734 7758 7770 7813 7859 7875 7894 7906 7919 7956 7973 7994 8001 8018 8039 8049 8056 8053 8058 8076 8080 8077 8065 8043 8031 8034 8049 8057 8071 8085 8094 8089 8073 8062 8053 8051 8050
6535 6560 6577 6590 6642 6646 6663 6691 6734 6796 6834 6872 6936 6966 6997 7021 7041 7060 7078 7098 7097 7119 7138 7160 7184 7220 7247 7271 7295 7316 7344 7376 7400 7417 7443 7468 7489 7523 7546 7563 7596 7622 7647 7686 7712 7726 7735 7752 7765 7765 7819 7840 7866 7889 7901 7925 7958 7959 7982 7990 8004 8011 8025 8034 8034 8039 8052 8079 8072 8044 8034 8019 8018 8027 8039 8042 8061 8068 8066 8059 8046 8037 8031 8024
