terrain/dems/misc/kilimanjaro.grd
ncols        692
nrows        631
xllcorner    37.254583333333
yllcorner    -3.155138888889
cellsize 30
[rows 38 to 75 of 631, columns 504 to 587 of 692]
3763 3757 3752 3749 3744 3743 3741 3735 3729 3723 3720 3717 3714 3714 3715 3709 3704 3701 3697 3695 3694 3692 3683 3679 3670 3663 3661 3658 3651 3646 3645 3646 3645 3642 3638 3636 3637 3636 3633 3633 3636 3632 3629 3625 3620 3619 3620 3622 3627 3629 3630 3633 3638 3640 3641 3642 3643 3645 3646 3649 3648 3644 3644 3645 3643 3642 3643 3644 3647 3650 3650 3648 3649 3652 3654 3651 3647 3646 3645 3644 3644 3643 3640 3640
3767 3764 3757 3752 3751 3751 3751 3747 3736 3729 3724 3724 3723 3720 3716 3714 3711 3713 3705 3699 3698 3696 3691 3687 3685 3675 3668 3663 3660 3651 3649 3651 3652 3651 3650 3646 3645 3644 3642 3640 3641 3641 3637 3633 3626 3624 3626 3631 3635 3638 3639 3640 3644 3650 3650 3647 3647 3648 3650 3651 3652 3654 3653 3655 3649 3649 3649 3649 3652 3654 3654 3654 3657 3659 3660 3657 3653 3650 3648 3650 3651 3650 3647 3647
3771 3767 3766 3761 3756 3756 3755 3753 3748 3742 3735 3731 3733 3728 3724 3721 3719 3720 3717 3705 3705 3703 3697 3691 3687 3683 3676 3670 3665 3661 3655 3661 3662 3662 3659 3657 3654 3649 3645 3642 3644 3646 3645 3641 3633 3629 3634 3641 3643 3644 3644 3645 3649 3655 3657 3654 3653 3653 3648 3650 3653 3656 3661 3663 3662 3660 3658 3655 3656 3659 3661 3662 3663 3664 3665 3663 3657 3652 3652 3655 3656 3654 3653 3653
3781 3777 3773 3769 3767 3766 3764 3762 3751 3745 3743 3741 3739 3736 3731 3727 3724 3725 3720 3714 3712 3707 3702 3699 3694 3688 3683 3678 3675 3672 3669 3670 3673 3670 3665 3662 3659 3656 3652 3648 3648 3651 3652 3650 3643 3637 3640 3645 3649 3651 3652 3653 3660 3664 3663 3661 3660 3654 3652 3657 3660 3659 3659 3665 3666 3665 3664 3662 3663 3667 3669 3669 3669 3668 3667 3666 3662 3657 3655 3657 3658 3657 3657 3656
3788 3785 3781 3776 3773 3774 3770 3766 3762 3755 3751 3748 3745 3748 3741 3732 3730 3728 3724 3721 3720 3717 3711 3707 3703 3696 3689 3685 3682 3679 3676 3675 3675 3672 3668 3666 3665 3664 3661 3657 3657 3659 3659 3658 3654 3649 3648 3653 3658 3659 3664 3668 3672 3673 3672 3671 3672 3666 3661 3667 3668 3664 3662 3665 3669 3670 3672 3673 3673 3674 3675 3675 3676 3675 3673 3670 3667 3663 3662 3661 3661 3662 3663 3661
3796 3791 3788 3785 3781 3776 3773 3770 3770 3770 3766 3757 3752 3753 3753 3746 3743 3739 3732 3729 3729 3727 3724 3719 3709 3703 3697 3692 3688 3683 3678 3677 3678 3676 3673 3673 3673 3673 3673 3668 3664 3665 3665 3661 3658 3653 3653 3661 3666 3670 3676 3679 3679 3679 3676 3675 3679 3680 3676 3673 3675 3676 3672 3672 3673 3674 3677 3679 3680 3680 3682 3683 3682 3680 3678 3675 3671 3668 3667 3666 3667 3668 3665 3663
3800 3796 3795 3793 3788 3785 3782 3778 3776 3775 3773 3769 3761 3765 3762 3757 3753 3749 3744 3743 3742 3734 3730 3723 3716 3710 3704 3699 3695 3690 3683 3684 3691 3688 3684 3682 3681 3678 3676 3671 3668 3670 3668 3664 3660 3658 3660 3669 3677 3676 3680 3683 3683 3681 3677 3675 3677 3680 3679 3679 3679 3679 3681 3682 3680 3680 3682 3684 3686 3689 3689 3688 3686 3683 3681 3678 3675 3674 3674 3672 3671 3672 3669 3664
3805 3800 3798 3797 3794 3790 3790 3788 3784 3780 3778 3780 3777 3770 3763 3760 3757 3755 3751 3748 3746 3741 3733 3727 3718 3718 3713 3707 3704 3700 3697 3696 3697 3697 3691 3690 3685 3680 3677 3675 3674 3675 3676 3671 3670 3663 3667 3674 3679 3683 3686 3687 3688 3691 3687 3683 3681 3680 3681 3683 3681 3680 3684 3686 3686 3690 3690 3689 3690 3692 3693 3692 3691 3689 3686 3683 3681 3679 3680 3680 3677 3678 3670 3665
3810 3807 3802 3802 3803 3801 3800 3799 3796 3790 3785 3786 3785 3777 3769 3764 3763 3762 3759 3755 3751 3745 3736 3729 3724 3724 3722 3714 3710 3713 3707 3706 3704 3700 3696 3693 3689 3685 3684 3684 3686 3685 3682 3680 3675 3668 3664 3674 3681 3685 3691 3691 3692 3692 3692 3689 3685 3682 3686 3685 3684 3684 3686 3687 3688 3694 3697 3696 3697 3695 3695 3695 3695 3694 3690 3687 3684 3682 3683 3684 3683 3681 3674 3669
3813 3813 3809 3810 3815 3811 3807 3804 3803 3804 3801 3795 3790 3784 3779 3774 3771 3767 3763 3760 3757 3751 3741 3736 3734 3729 3728 3722 3718 3717 3714 3711 3711 3711 3705 3700 3694 3693 3693 3694 3695 3696 3690 3687 3686 3678 3675 3678 3685 3690 3694 3694 3691 3689 3689 3690 3688 3688 3688 3688 3686 3690 3692 3692 3693 3697 3700 3699 3700 3702 3701 3699 3693 3692 3692 3691 3688 3687 3686 3685 3687 3685 3676 3675
3826 3829 3826 3825 3826 3819 3814 3816 3818 3813 3807 3803 3797 3790 3786 3783 3780 3774 3768 3764 3761 3756 3748 3743 3739 3734 3730 3728 3721 3722 3719 3714 3716 3719 3716 3709 3705 3700 3699 3697 3695 3695 3693 3690 3685 3678 3679 3682 3690 3696 3696 3696 3694 3692 3692 3693 3691 3689 3692 3694 3697 3699 3701 3701 3701 3703 3705 3704 3706 3707 3706 3704 3699 3693 3694 3694 3694 3694 3693 3689 3688 3688 3684 3678
3835 3839 3837 3834 3832 3825 3822 3829 3825 3819 3812 3806 3800 3795 3793 3788 3784 3780 3773 3768 3763 3758 3754 3751 3745 3739 3735 3730 3725 3726 3726 3722 3721 3725 3722 3716 3714 3707 3702 3699 3696 3696 3696 3689 3686 3684 3685 3690 3696 3700 3698 3697 3700 3700 3701 3702 3699 3696 3698 3703 3704 3708 3709 3709 3706 3707 3708 3708 3708 3709 3706 3707 3705 3699 3697 3696 3696 3698 3701 3694 3688 3689 3685 3683
3838 3839 3839 3837 3833 3828 3830 3831 3827 3821 3816 3811 3804 3797 3794 3791 3787 3783 3780 3778 3770 3761 3761 3760 3754 3749 3745 3738 3734 3735 3734 3729 3725 3725 3725 3724 3723 3717 3709 3710 3705 3702 3699 3695 3691 3689 3690 3695 3701 3702 3700 3700 3702 3704 3703 3705 3704 3700 3703 3706 3708 3712 3714 3713 3709 3710 3712 3711 3709 3710 3711 3711 3707 3700 3696 3699 3697 3698 3700 3697 3692 3690 3691 3685
3845 3842 3845 3847 3841 3839 3838 3834 3830 3827 3820 3814 3810 3803 3798 3798 3794 3789 3785 3782 3775 3768 3765 3764 3761 3755 3754 3749 3746 3742 3739 3735 3728 3722 3728 3730 3729 3724 3719 3717 3715 3710 3707 3700 3694 3691 3693 3700 3705 3706 3705 3704 3707 3710 3709 3710 3710 3709 3708 3711 3712 3717 3719 3717 3714 3716 3719 3719 3715 3715 3716 3716 3711 3704 3701 3700 3699 3698 3699 3698 3695 3694 3692 3688
3857 3854 3858 3859 3854 3850 3847 3842 3838 3833 3826 3819 3818 3811 3808 3807 3800 3793 3791 3787 3780 3776 3772 3769 3763 3757 3754 3755 3754 3750 3743 3743 3737 3733 3734 3734 3733 3732 3724 3720 3716 3714 3713 3706 3697 3694 3694 3702 3707 3710 3713 3715 3715 3714 3714 3713 3717 3719 3717 3715 3718 3722 3722 3721 3720 3722 3724 3723 3720 3718 3718 3717 3713 3711 3711 3707 3701 3698 3696 3696 3696 3696 3694 3689
3865 3864 3863 3862 3859 3857 3853 3850 3844 3837 3832 3829 3826 3821 3814 3809 3801 3796 3796 3792 3788 3785 3780 3776 3772 3764 3764 3763 3759 3755 3750 3746 3749 3748 3744 3736 3735 3735 3731 3725 3720 3716 3714 3711 3706 3702 3702 3705 3710 3712 3716 3723 3720 3717 3716 3719 3721 3722 3722 3721 3724 3725 3724 3725 3725 3725 3725 3725 3723 3720 3721 3720 3716 3715 3714 3711 3706 3700 3695 3697 3700 3701 3698 3696
3873 3870 3872 3866 3863 3863 3862 3857 3851 3844 3839 3832 3830 3826 3821 3814 3805 3800 3800 3799 3792 3787 3782 3779 3776 3773 3772 3769 3764 3757 3756 3752 3751 3752 3752 3746 3733 3732 3730 3726 3722 3718 3714 3711 3710 3709 3705 3708 3712 3714 3718 3723 3725 3723 3720 3724 3724 3724 3725 3726 3728 3731 3732 3730 3732 3731 3732 3732 3728 3725 3724 3723 3719 3717 3713 3707 3706 3701 3699 3701 3704 3705 3703 3698
3877 3876 3875 3871 3868 3869 3869 3864 3857 3850 3844 3837 3832 3829 3825 3820 3815 3810 3806 3801 3798 3794 3788 3782 3778 3775 3772 3768 3765 3762 3763 3762 3757 3756 3756 3752 3743 3737 3736 3733 3726 3720 3720 3718 3716 3713 3709 3709 3714 3718 3722 3725 3727 3727 3725 3726 3728 3731 3734 3732 3732 3733 3735 3735 3736 3736 3737 3735 3729 3728 3728 3727 3723 3722 3716 3708 3706 3707 3705 3706 3707 3708 3706 3702
3883 3882 3884 3878 3875 3873 3870 3865 3859 3854 3850 3846 3839 3833 3827 3821 3816 3813 3809 3801 3801 3799 3794 3788 3783 3779 3773 3768 3767 3766 3771 3769 3762 3757 3755 3753 3748 3741 3744 3742 3731 3726 3723 3722 3723 3721 3714 3713 3719 3724 3729 3731 3731 3732 3732 3729 3728 3732 3734 3735 3736 3738 3738 3737 3735 3737 3738 3736 3731 3730 3731 3731 3726 3724 3721 3713 3712 3714 3712 3710 3710 3712 3710 3703
3890 3891 3890 3885 3880 3879 3873 3867 3862 3857 3854 3853 3847 3837 3832 3829 3822 3817 3812 3807 3804 3803 3798 3790 3785 3788 3780 3774 3771 3770 3771 3771 3763 3758 3753 3753 3750 3744 3742 3743 3738 3729 3722 3722 3724 3722 3716 3713 3720 3728 3732 3734 3736 3738 3740 3737 3732 3732 3734 3735 3739 3742 3744 3742 3740 3740 3740 3739 3737 3732 3733 3733 3728 3726 3724 3720 3716 3714 3714 3713 3713 3712 3709 3705
3898 3898 3898 3893 3888 3884 3879 3872 3866 3861 3857 3856 3850 3844 3839 3835 3829 3821 3816 3811 3809 3807 3804 3797 3792 3791 3786 3779 3780 3776 3775 3771 3766 3761 3756 3754 3754 3749 3744 3743 3743 3736 3729 3726 3725 3723 3716 3714 3721 3730 3734 3736 3740 3744 3747 3748 3743 3739 3742 3745 3745 3746 3746 3745 3743 3740 3739 3740 3738 3736 3736 3737 3734 3729 3730 3729 3725 3718 3714 3716 3715 3713 3709 3709
3905 3905 3901 3897 3893 3890 3884 3876 3871 3865 3860 3857 3853 3848 3847 3841 3832 3825 3820 3815 3811 3810 3807 3802 3794 3795 3790 3789 3789 3785 3778 3777 3777 3768 3760 3759 3760 3760 3757 3751 3744 3740 3735 3732 3730 3729 3726 3725 3728 3734 3738 3740 3743 3747 3751 3753 3751 3749 3752 3753 3750 3750 3749 3748 3745 3741 3740 3745 3744 3737 3737 3740 3739 3736 3733 3731 3730 3724 3718 3721 3718 3716 3714 3714
3908 3907 3902 3899 3895 3892 3888 3880 3873 3867 3862 3860 3857 3853 3847 3840 3834 3830 3826 3823 3816 3813 3810 3805 3800 3797 3797 3796 3800 3795 3784 3780 3777 3770 3763 3765 3772 3769 3767 3763 3755 3746 3742 3739 3736 3735 3733 3733 3736 3740 3743 3745 3748 3753 3756 3759 3754 3753 3756 3756 3753 3752 3750 3748 3747 3744 3743 3748 3750 3746 3741 3741 3741 3741 3735 3732 3731 3728 3727 3730 3729 3728 3723 3724
3912 3911 3908 3904 3899 3894 3891 3886 3880 3874 3867 3864 3862 3855 3852 3844 3840 3838 3837 3835 3830 3822 3817 3810 3807 3804 3802 3801 3799 3798 3795 3788 3780 3774 3776 3774 3775 3774 3769 3765 3759 3750 3747 3746 3742 3740 3738 3737 3738 3743 3747 3751 3755 3759 3762 3765 3763 3756 3757 3758 3756 3754 3754 3755 3754 3752 3748 3747 3752 3751 3745 3742 3742 3741 3738 3736 3734 3731 3730 3732 3732 3732 3730 3729
3919 3917 3914 3910 3904 3897 3893 3888 3884 3881 3875 3870 3865 3857 3853 3851 3850 3848 3844 3840 3837 3831 3824 3819 3817 3813 3804 3801 3803 3802 3798 3793 3787 3783 3782 3777 3773 3771 3773 3768 3760 3753 3750 3750 3747 3746 3741 3741 3743 3746 3751 3755 3760 3762 3762 3768 3765 3762 3759 3757 3757 3758 3759 3760 3758 3757 3754 3752 3753 3754 3751 3746 3744 3740 3740 3740 3738 3734 3734 3735 3733 3731 3730 3728
3924 3921 3920 3916 3912 3903 3897 3892 3889 3886 3882 3876 3870 3865 3859 3855 3855 3851 3845 3841 3841 3837 3828 3824 3822 3818 3812 3804 3804 3808 3805 3798 3787 3785 3783 3779 3776 3774 3774 3774 3767 3761 3756 3754 3751 3750 3749 3746 3748 3751 3755 3759 3762 3763 3766 3770 3769 3766 3766 3763 3760 3759 3760 3761 3760 3759 3758 3753 3754 3754 3752 3750 3747 3742 3742 3743 3744 3741 3738 3738 3734 3732 3731 3731
3930 3927 3926 3920 3914 3907 3899 3895 3894 3891 3885 3881 3876 3873 3868 3863 3860 3855 3845 3842 3843 3839 3833 3828 3825 3826 3826 3825 3816 3810 3808 3802 3793 3788 3790 3786 3783 3782 3778 3776 3775 3771 3766 3762 3758 3756 3755 3751 3751 3756 3761 3764 3766 3768 3774 3778 3777 3773 3773 3771 3765 3759 3760 3761 3760 3761 3759 3754 3754 3755 3754 3752 3748 3746 3747 3750 3751 3749 3745 3742 3738 3735 3739 3737
3933 3932 3930 3926 3917 3910 3904 3900 3897 3893 3889 3884 3879 3873 3870 3865 3862 3857 3851 3851 3851 3843 3840 3839 3831 3830 3830 3827 3821 3815 3810 3804 3795 3792 3794 3794 3792 3788 3782 3777 3778 3777 3773 3768 3762 3757 3755 3756 3759 3765 3767 3770 3775 3777 3781 3782 3780 3777 3775 3774 3769 3763 3761 3761 3762 3762 3760 3757 3758 3758 3757 3754 3751 3754 3756 3755 3754 3753 3751 3747 3743 3742 3744 3746
3937 3936 3933 3928 3922 3916 3910 3905 3902 3900 3895 3891 3887 3879 3871 3866 3862 3859 3857 3860 3859 3850 3845 3842 3838 3832 3832 3830 3822 3819 3814 3808 3802 3798 3797 3798 3797 3794 3789 3783 3781 3781 3777 3773 3770 3763 3760 3764 3769 3773 3773 3775 3780 3783 3785 3785 3776 3772 3773 3773 3771 3771 3770 3769 3770 3767 3763 3764 3765 3764 3763 3763 3760 3762 3763 3762 3761 3759 3756 3755 3752 3747 3749 3754
3944 3942 3938 3934 3928 3922 3915 3910 3909 3906 3902 3898 3893 3885 3877 3872 3867 3865 3866 3864 3860 3859 3856 3849 3841 3839 3840 3834 3826 3823 3821 3813 3805 3803 3802 3800 3797 3795 3793 3791 3790 3786 3782 3779 3779 3777 3774 3772 3774 3777 3778 3779 3783 3787 3788 3786 3778 3769 3773 3775 3772 3772 3774 3775 3773 3770 3768 3770 3772 3769 3768 3770 3770 3769 3768 3767 3767 3764 3763 3762 3759 3756 3758 3760
3947 3946 3942 3939 3935 3929 3922 3913 3914 3907 3904 3903 3894 3886 3885 3884 3875 3871 3871 3867 3864 3865 3865 3859 3852 3848 3846 3839 3831 3828 3826 3818 3809 3807 3807 3802 3797 3796 3796 3795 3794 3793 3789 3787 3784 3782 3780 3780 3781 3783 3785 3786 3788 3792 3793 3790 3782 3776 3778 3782 3781 3775 3775 3778 3774 3770 3769 3770 3771 3771 3769 3768 3770 3771 3772 3771 3771 3770 3769 3769 3766 3760 3759 3761
3949 3948 3944 3942 3940 3937 3933 3923 3914 3909 3906 3903 3897 3890 3889 3885 3878 3875 3874 3872 3870 3872 3874 3868 3860 3856 3852 3847 3840 3834 3828 3825 3816 3813 3814 3810 3803 3800 3801 3803 3799 3798 3794 3794 3791 3784 3782 3784 3787 3793 3795 3793 3793 3795 3794 3791 3787 3782 3782 3785 3787 3782 3780 3778 3774 3769 3770 3772 3772 3773 3772 3772 3772 3774 3776 3777 3776 3777 3774 3774 3772 3768 3765 3764
3951 3947 3944 3946 3946 3944 3937 3926 3917 3912 3910 3906 3897 3892 3889 3887 3883 3881 3881 3880 3876 3875 3875 3872 3866 3863 3859 3851 3846 3842 3837 3832 3826 3819 3818 3815 3808 3808 3810 3809 3806 3801 3795 3794 3793 3785 3785 3788 3793 3798 3801 3801 3801 3798 3795 3792 3789 3787 3786 3787 3787 3784 3779 3777 3772 3770 3772 3776 3775 3774 3776 3777 3776 3777 3781 3783 3782 3781 3780 3777 3776 3772 3769 3768
3952 3954 3950 3947 3947 3947 3940 3931 3925 3921 3914 3910 3903 3894 3891 3890 3887 3885 3884 3883 3878 3877 3875 3872 3868 3865 3860 3854 3851 3847 3843 3836 3836 3828 3824 3820 3816 3815 3816 3813 3812 3811 3808 3804 3797 3793 3794 3795 3799 3803 3802 3801 3801 3799 3796 3795 3795 3791 3789 3789 3788 3784 3781 3777 3773 3774 3776 3780 3782 3779 3779 3779 3780 3782 3784 3787 3786 3784 3784 3783 3780 3777 3776 3774
3961 3961 3958 3951 3946 3946 3944 3934 3934 3929 3917 3913 3909 3903 3900 3898 3893 3885 3884 3883 3881 3880 3877 3871 3867 3865 3858 3853 3854 3852 3844 3837 3833 3833 3831 3826 3821 3819 3822 3821 3818 3815 3814 3813 3806 3797 3795 3796 3803 3808 3806 3803 3805 3806 3802 3799 3797 3795 3793 3791 3788 3783 3784 3784 3784 3782 3780 3780 3782 3782 3780 3781 3781 3783 3785 3786 3786 3786 3786 3785 3784 3784 3779 3780
3968 3966 3962 3954 3950 3945 3940 3937 3935 3935 3931 3924 3919 3911 3907 3907 3903 3895 3888 3886 3884 3882 3882 3874 3869 3865 3860 3857 3856 3854 3846 3838 3832 3831 3832 3833 3828 3823 3824 3826 3821 3815 3812 3810 3806 3802 3799 3799 3804 3809 3809 3808 3809 3809 3807 3808 3808 3800 3796 3795 3790 3785 3785 3786 3787 3786 3783 3782 3783 3784 3783 3781 3781 3783 3785 3786 3786 3788 3787 3786 3788 3788 3782 3779
3976 3973 3967 3959 3954 3949 3942 3940 3938 3940 3937 3931 3924 3918 3914 3912 3909 3904 3895 3894 3890 3885 3883 3877 3868 3868 3864 3862 3862 3858 3853 3847 3841 3838 3834 3833 3831 3825 3828 3828 3822 3817 3820 3817 3809 3806 3807 3809 3809 3811 3813 3810 3808 3806 3811 3813 3816 3810 3802 3796 3791 3788 3788 3787 3786 3787 3787 3788 3788 3789 3787 3783 3783 3783 3785 3785 3786 3788 3789 3788 3789 3791 3785 3783
3976 3973 3968 3958 3954 3953 3953 3950 3948 3945 3938 3931 3927 3923 3918 3914 3910 3906 3901 3896 3893 3887 3881 3878 3875 3872 3868 3866 3866 3863 3858 3857 3852 3850 3844 3840 3838 3838 3839 3838 3827 3826 3827 3826 3822 3817 3816 3819 3819 3821 3823 3818 3813 3812 3813 3813 3808 3811 3806 3797 3794 3793 3793 3793 3791 3791 3792 3792 3794 3795 3792 3789 3788 3788 3788 3789 3789 3790 3791 3792 3791 3789 3787 3788
