terrain/dems/misc/kilimanjaro.grd
ncols        692
nrows        631
xllcorner    37.254583333333
yllcorner    -3.155138888889
cellsize 30
[rows 304 to 341 of 631, columns 504 to 587 of 692]
4358 4352 4346 4341 4334 4329 4327 4326 4325 4324 4320 4316 4313 4309 4305 4302 4298 4292 4287 4281 4274 4270 4267 4260 4251 4240 4232 4222 4215 4212 4206 4195 4191 4185 4172 4162 4154 4147 4142 4135 4128 4121 4120 4117 4111 4102 4097 4095 4094 4092 4088 4081 4074 4071 4067 4065 4064 4063 4061 4057 4050 4044 4041 4041 4037 4031 4027 4021 4022 4017 4013 4011 4011 4011 4006 3999 3993 3994 3991 3984 3980 3976 3972 3968
4364 4356 4348 4341 4335 4328 4323 4321 4315 4311 4311 4309 4308 4306 4303 4300 4297 4287 4280 4272 4266 4262 4259 4256 4250 4241 4229 4224 4218 4211 4203 4196 4192 4187 4179 4167 4158 4149 4143 4139 4131 4124 4119 4113 4107 4099 4095 4091 4088 4086 4081 4075 4067 4063 4058 4056 4056 4057 4057 4057 4055 4049 4041 4036 4037 4033 4028 4023 4017 4012 4008 4003 4002 4000 3996 3990 3986 3984 3981 3975 3971 3967 3961 3956
4367 4359 4348 4344 4339 4330 4320 4310 4304 4302 4301 4301 4302 4304 4302 4301 4298 4287 4276 4269 4263 4257 4253 4247 4248 4242 4232 4225 4219 4211 4205 4201 4196 4191 4182 4171 4160 4152 4146 4141 4134 4124 4119 4112 4105 4099 4095 4092 4087 4085 4080 4075 4068 4059 4052 4048 4047 4050 4054 4053 4051 4048 4040 4036 4036 4035 4028 4017 4010 4011 4009 4005 4000 3995 3991 3986 3983 3980 3975 3970 3966 3961 3956 3952
4366 4357 4350 4345 4340 4328 4315 4305 4300 4300 4298 4296 4296 4295 4296 4295 4290 4280 4275 4268 4261 4253 4249 4246 4242 4237 4230 4226 4221 4217 4213 4207 4201 4195 4183 4171 4162 4157 4150 4145 4136 4128 4121 4113 4107 4101 4099 4097 4091 4089 4088 4083 4074 4060 4046 4041 4043 4045 4046 4047 4047 4044 4040 4035 4034 4032 4025 4017 4012 4011 4009 4007 4003 3996 3992 3988 3982 3978 3976 3975 3971 3964 3960 3957
4362 4354 4347 4344 4336 4325 4316 4306 4300 4296 4294 4291 4286 4286 4285 4283 4277 4274 4273 4268 4259 4253 4248 4242 4236 4231 4228 4225 4222 4219 4217 4210 4200 4194 4185 4174 4167 4163 4158 4150 4141 4130 4125 4120 4110 4102 4100 4099 4094 4090 4090 4088 4073 4058 4043 4036 4038 4040 4037 4039 4044 4039 4034 4032 4032 4030 4022 4016 4014 4012 4009 4006 4003 3998 3993 3990 3986 3978 3975 3975 3971 3966 3963 3961
4359 4351 4346 4338 4329 4323 4319 4311 4297 4291 4289 4286 4282 4279 4277 4275 4272 4268 4269 4262 4254 4252 4246 4238 4232 4228 4225 4220 4217 4216 4214 4207 4200 4194 4189 4185 4176 4169 4162 4156 4148 4137 4129 4122 4112 4100 4102 4099 4094 4089 4085 4083 4075 4057 4040 4033 4035 4036 4034 4033 4036 4033 4027 4025 4029 4026 4018 4011 4009 4007 4002 4002 4001 3995 3994 3989 3986 3983 3980 3975 3969 3962 3959 3959
4361 4354 4345 4334 4326 4318 4315 4309 4296 4286 4284 4282 4277 4270 4266 4268 4269 4265 4260 4253 4248 4244 4240 4234 4229 4224 4220 4215 4212 4209 4207 4201 4196 4192 4190 4191 4184 4171 4162 4157 4151 4139 4133 4127 4116 4106 4102 4100 4092 4081 4079 4079 4071 4059 4048 4040 4038 4036 4033 4029 4024 4021 4018 4018 4019 4020 4016 4008 4004 4000 3995 3996 3995 3994 3993 3990 3984 3983 3982 3977 3969 3959 3955 3955
4355 4351 4339 4330 4323 4315 4309 4304 4296 4281 4273 4273 4269 4262 4260 4260 4260 4257 4251 4247 4244 4238 4232 4228 4223 4215 4207 4208 4207 4204 4202 4198 4195 4191 4186 4185 4185 4172 4166 4161 4153 4143 4137 4132 4121 4109 4105 4099 4092 4083 4078 4076 4071 4063 4053 4044 4043 4040 4036 4030 4023 4019 4019 4013 4014 4016 4014 4009 4004 3999 3995 3993 3993 3992 3992 3989 3985 3982 3980 3975 3967 3959 3955 3954
4348 4343 4337 4327 4322 4312 4306 4300 4291 4281 4275 4270 4266 4258 4254 4252 4248 4246 4246 4243 4237 4232 4228 4223 4215 4208 4203 4201 4200 4197 4194 4192 4192 4187 4181 4179 4178 4173 4167 4165 4159 4151 4145 4134 4124 4115 4108 4105 4093 4091 4084 4078 4073 4068 4062 4055 4049 4046 4046 4038 4031 4027 4023 4018 4013 4011 4008 4006 4003 3998 3996 3993 3990 3990 3989 3985 3983 3982 3977 3972 3968 3965 3961 3956
4341 4337 4333 4327 4321 4315 4306 4298 4294 4287 4283 4277 4267 4257 4251 4246 4241 4238 4238 4235 4230 4226 4224 4219 4212 4207 4203 4198 4194 4191 4187 4185 4184 4181 4177 4175 4173 4169 4166 4164 4161 4157 4152 4143 4134 4127 4122 4114 4105 4098 4092 4084 4078 4072 4067 4061 4055 4050 4047 4045 4036 4027 4024 4020 4015 4009 4005 4003 4000 3995 3991 3989 3986 3985 3985 3981 3979 3979 3977 3973 3969 3967 3964 3959
4328 4326 4324 4324 4320 4313 4308 4304 4299 4294 4289 4279 4265 4258 4249 4242 4236 4232 4230 4228 4225 4220 4217 4210 4205 4202 4198 4193 4189 4184 4181 4177 4175 4173 4168 4166 4165 4163 4159 4158 4160 4157 4151 4147 4142 4135 4128 4122 4112 4101 4091 4088 4083 4076 4070 4064 4060 4056 4053 4044 4037 4028 4023 4019 4014 4010 4007 4005 4002 3995 3989 3984 3982 3981 3979 3978 3976 3976 3976 3973 3969 3966 3964 3960
4312 4315 4315 4317 4316 4311 4308 4307 4302 4295 4286 4274 4264 4257 4252 4244 4235 4226 4224 4223 4220 4214 4208 4202 4199 4197 4191 4189 4182 4177 4175 4171 4168 4166 4163 4157 4154 4153 4149 4149 4152 4153 4151 4149 4147 4140 4134 4125 4116 4103 4091 4090 4090 4085 4076 4074 4070 4061 4054 4048 4041 4036 4027 4023 4016 4012 4009 4008 4006 4000 3990 3982 3979 3974 3973 3974 3974 3974 3974 3971 3967 3964 3961 3957
4298 4301 4303 4311 4311 4308 4305 4302 4299 4292 4281 4273 4265 4258 4253 4247 4239 4229 4220 4215 4214 4207 4201 4197 4195 4193 4187 4180 4177 4173 4170 4167 4164 4162 4159 4154 4150 4146 4146 4147 4148 4147 4145 4144 4140 4136 4134 4128 4119 4114 4103 4095 4092 4089 4086 4081 4073 4064 4056 4051 4046 4043 4038 4032 4026 4020 4014 4009 4007 4001 3991 3982 3976 3972 3967 3966 3967 3968 3969 3969 3966 3964 3960 3954
4283 4285 4293 4299 4300 4299 4300 4300 4295 4291 4285 4279 4273 4263 4255 4250 4243 4234 4225 4216 4212 4204 4195 4191 4188 4186 4181 4174 4170 4167 4164 4161 4159 4156 4151 4150 4144 4140 4139 4140 4139 4137 4135 4134 4131 4129 4130 4126 4122 4118 4112 4102 4097 4094 4089 4083 4073 4066 4059 4053 4049 4047 4045 4036 4030 4025 4018 4010 4005 3999 3992 3984 3980 3974 3968 3964 3962 3960 3960 3963 3963 3958 3954 3953
4277 4277 4277 4279 4281 4283 4289 4292 4291 4289 4286 4283 4279 4269 4256 4251 4244 4236 4228 4220 4216 4209 4199 4191 4187 4183 4177 4170 4165 4161 4158 4155 4151 4145 4143 4141 4138 4133 4131 4129 4130 4128 4126 4125 4123 4123 4125 4124 4118 4116 4112 4105 4102 4098 4092 4084 4075 4070 4062 4056 4052 4051 4047 4039 4032 4028 4020 4013 4005 3999 3992 3988 3985 3979 3971 3966 3961 3958 3957 3958 3958 3956 3955 3952
4264 4266 4267 4267 4267 4269 4276 4280 4280 4281 4281 4281 4279 4272 4260 4251 4247 4239 4229 4221 4216 4210 4203 4196 4189 4182 4176 4172 4166 4159 4154 4151 4143 4135 4132 4134 4130 4128 4126 4128 4130 4126 4122 4118 4117 4116 4115 4112 4112 4112 4110 4107 4103 4103 4094 4084 4079 4076 4070 4064 4059 4058 4049 4036 4032 4029 4022 4015 4009 4001 3994 3988 3986 3979 3973 3968 3961 3957 3954 3952 3951 3954 3952 3949
4249 4254 4254 4255 4256 4259 4263 4266 4267 4268 4270 4271 4274 4272 4262 4254 4249 4242 4233 4226 4217 4211 4203 4199 4190 4182 4179 4176 4169 4159 4157 4153 4142 4132 4129 4127 4125 4124 4121 4119 4124 4120 4115 4113 4112 4110 4106 4103 4106 4106 4105 4104 4102 4100 4092 4083 4080 4078 4073 4067 4061 4059 4051 4039 4034 4029 4022 4015 4008 4001 3993 3986 3981 3979 3976 3973 3962 3958 3952 3947 3946 3946 3943 3941
4239 4240 4242 4244 4245 4247 4250 4254 4254 4255 4257 4260 4263 4265 4264 4260 4252 4247 4240 4234 4227 4218 4210 4204 4193 4181 4181 4179 4171 4163 4157 4152 4144 4137 4134 4127 4121 4118 4114 4112 4113 4114 4108 4103 4104 4104 4101 4099 4100 4099 4098 4099 4099 4094 4085 4080 4078 4075 4072 4068 4062 4056 4053 4046 4045 4038 4025 4015 4007 3999 3991 3982 3979 3978 3975 3972 3969 3963 3955 3942 3940 3939 3934 3933
4236 4233 4238 4237 4234 4234 4235 4237 4240 4241 4244 4246 4251 4253 4257 4256 4252 4247 4241 4237 4232 4225 4217 4213 4203 4192 4185 4181 4175 4168 4154 4151 4143 4136 4132 4124 4115 4111 4110 4106 4107 4107 4104 4099 4096 4098 4098 4093 4092 4090 4090 4091 4091 4086 4080 4078 4075 4071 4068 4065 4061 4056 4050 4045 4044 4040 4026 4017 4008 3999 3992 3984 3978 3976 3972 3968 3967 3964 3957 3945 3939 3936 3931 3928
4237 4234 4233 4229 4224 4222 4221 4223 4228 4232 4233 4236 4241 4244 4246 4250 4250 4246 4240 4236 4231 4225 4219 4213 4207 4200 4194 4185 4176 4168 4159 4150 4143 4132 4128 4120 4114 4112 4109 4105 4103 4102 4099 4097 4095 4094 4091 4086 4083 4082 4081 4083 4085 4079 4076 4074 4071 4067 4063 4059 4058 4052 4048 4040 4038 4035 4028 4021 4014 4006 3997 3990 3980 3973 3969 3966 3963 3962 3959 3949 3944 3943 3935 3928
4243 4239 4232 4224 4219 4212 4209 4213 4216 4216 4218 4224 4231 4233 4236 4240 4243 4240 4237 4234 4227 4224 4218 4208 4203 4199 4191 4180 4173 4166 4158 4150 4139 4130 4125 4119 4110 4106 4106 4100 4097 4095 4096 4095 4092 4090 4089 4082 4080 4079 4077 4077 4078 4072 4067 4063 4062 4061 4056 4051 4048 4045 4042 4036 4031 4030 4026 4019 4013 4006 4000 3995 3986 3976 3970 3966 3961 3958 3955 3949 3947 3946 3941 3929
4247 4242 4235 4225 4218 4211 4202 4203 4206 4203 4203 4209 4215 4218 4221 4228 4231 4234 4235 4230 4224 4221 4215 4205 4198 4191 4182 4173 4168 4162 4154 4143 4134 4126 4124 4119 4108 4102 4100 4096 4093 4091 4090 4092 4089 4087 4085 4081 4077 4075 4074 4073 4070 4064 4058 4054 4053 4051 4047 4043 4041 4040 4038 4032 4028 4027 4023 4017 4010 4003 3998 3995 3988 3980 3971 3966 3962 3955 3952 3950 3948 3948 3944 3934
4254 4248 4238 4229 4226 4218 4209 4200 4197 4196 4195 4198 4201 4204 4209 4215 4221 4225 4227 4226 4222 4215 4210 4203 4198 4188 4175 4169 4165 4157 4150 4133 4128 4126 4123 4118 4108 4100 4097 4094 4088 4084 4085 4087 4087 4084 4082 4079 4074 4071 4070 4069 4065 4059 4054 4051 4051 4046 4039 4037 4036 4035 4032 4026 4020 4020 4018 4014 4010 4003 3998 3993 3987 3981 3968 3966 3961 3958 3956 3954 3951 3947 3942 3937
4267 4256 4242 4232 4227 4225 4220 4209 4197 4193 4193 4191 4191 4195 4200 4205 4210 4213 4216 4219 4221 4218 4211 4201 4198 4190 4178 4174 4168 4159 4150 4139 4127 4124 4124 4115 4106 4100 4094 4090 4086 4079 4078 4081 4081 4079 4077 4075 4072 4070 4069 4065 4059 4056 4054 4053 4049 4041 4033 4030 4029 4026 4021 4017 4011 4007 4006 4007 4008 4002 3996 3989 3986 3980 3971 3965 3961 3955 3955 3951 3950 3945 3939 3933
4274 4265 4245 4240 4230 4226 4221 4213 4201 4195 4191 4184 4183 4185 4187 4192 4199 4204 4208 4212 4214 4215 4209 4200 4194 4188 4179 4175 4174 4160 4153 4148 4137 4125 4119 4115 4108 4100 4091 4087 4083 4075 4073 4076 4077 4075 4074 4071 4069 4070 4069 4065 4059 4055 4053 4051 4050 4039 4030 4026 4023 4018 4013 4011 4008 4000 3997 3997 3998 3996 3990 3985 3981 3979 3977 3969 3960 3952 3947 3945 3946 3943 3935 3931
4280 4270 4261 4252 4243 4233 4220 4210 4201 4196 4191 4183 4176 4175 4176 4180 4188 4197 4201 4206 4209 4211 4208 4198 4192 4185 4180 4174 4169 4163 4156 4147 4141 4131 4119 4114 4110 4104 4094 4085 4080 4074 4069 4068 4069 4068 4068 4067 4066 4065 4065 4064 4058 4053 4050 4046 4046 4043 4032 4023 4021 4017 4011 4009 4008 4001 3991 3985 3984 3986 3985 3981 3978 3976 3973 3969 3964 3956 3948 3942 3941 3936 3930 3926
4284 4274 4270 4263 4251 4235 4222 4210 4202 4196 4194 4185 4174 4169 4170 4173 4178 4185 4189 4200 4204 4208 4208 4203 4197 4188 4180 4174 4165 4162 4158 4147 4139 4132 4122 4113 4108 4104 4096 4085 4079 4075 4070 4065 4063 4063 4062 4064 4063 4059 4057 4057 4054 4049 4046 4042 4041 4039 4033 4026 4021 4015 4011 4007 4005 3996 3987 3979 3977 3977 3977 3977 3974 3973 3969 3966 3963 3957 3951 3942 3931 3923 3918 3915
4284 4278 4272 4263 4253 4240 4224 4219 4208 4200 4192 4184 4173 4161 4161 4165 4170 4174 4179 4187 4194 4199 4203 4202 4197 4189 4179 4171 4163 4158 4155 4148 4136 4127 4122 4113 4107 4102 4095 4086 4079 4073 4069 4061 4058 4058 4058 4058 4058 4056 4053 4051 4049 4046 4041 4038 4036 4032 4027 4025 4021 4016 4014 4005 3997 3991 3984 3979 3976 3974 3970 3967 3967 3965 3963 3963 3960 3953 3949 3943 3930 3916 3904 3900
4281 4275 4269 4262 4254 4244 4232 4221 4213 4198 4190 4186 4175 4163 4156 4156 4161 4167 4172 4180 4184 4192 4198 4199 4195 4188 4177 4169 4162 4156 4150 4145 4136 4125 4119 4114 4107 4103 4095 4089 4081 4073 4066 4059 4053 4051 4049 4048 4049 4048 4047 4045 4045 4043 4038 4031 4032 4026 4022 4019 4016 4015 4012 4000 3990 3986 3981 3976 3973 3967 3963 3962 3962 3959 3957 3957 3955 3950 3945 3941 3927 3908 3899 3895
4274 4270 4266 4263 4260 4250 4237 4227 4216 4202 4192 4184 4174 4163 4158 4155 4156 4157 4162 4169 4177 4185 4192 4196 4194 4189 4179 4171 4164 4155 4148 4143 4139 4129 4121 4113 4107 4102 4096 4088 4081 4076 4068 4059 4052 4048 4045 4042 4042 4042 4041 4039 4037 4034 4028 4026 4027 4026 4019 4014 4007 4006 4004 3996 3988 3984 3979 3975 3970 3967 3959 3958 3957 3954 3952 3949 3948 3945 3942 3935 3920 3903 3893 3888
4268 4265 4263 4262 4258 4250 4240 4230 4219 4210 4199 4188 4174 4164 4157 4154 4153 4153 4157 4161 4167 4173 4179 4184 4186 4183 4177 4169 4166 4155 4150 4146 4138 4129 4123 4115 4105 4100 4096 4088 4082 4076 4069 4061 4052 4047 4043 4038 4037 4036 4036 4033 4029 4026 4022 4019 4026 4022 4015 4011 4006 4001 3999 3994 3993 3987 3981 3976 3972 3968 3961 3954 3951 3946 3944 3941 3939 3936 3931 3922 3911 3900 3884 3875
4264 4261 4257 4254 4250 4242 4239 4234 4222 4213 4205 4192 4176 4160 4154 4147 4144 4145 4148 4152 4156 4159 4164 4170 4176 4174 4171 4169 4165 4159 4151 4145 4136 4132 4122 4113 4105 4098 4093 4088 4082 4075 4067 4063 4055 4049 4043 4037 4032 4031 4029 4025 4022 4020 4018 4016 4016 4013 4008 4008 4005 3998 3992 3990 3990 3986 3979 3976 3972 3965 3958 3951 3945 3940 3936 3934 3931 3926 3917 3907 3896 3880 3868 3861
4254 4253 4248 4246 4240 4233 4231 4233 4228 4214 4202 4193 4184 4171 4162 4155 4147 4139 4139 4142 4145 4152 4158 4163 4166 4167 4167 4165 4162 4159 4151 4142 4135 4129 4118 4110 4108 4103 4094 4087 4082 4075 4067 4063 4059 4049 4043 4035 4027 4022 4020 4020 4017 4013 4009 4009 4008 4004 4001 4001 3998 3992 3988 3985 3983 3981 3979 3975 3968 3960 3951 3945 3942 3938 3933 3930 3926 3916 3904 3890 3879 3867 3858 3851
4246 4245 4243 4239 4235 4224 4223 4226 4227 4218 4204 4193 4186 4177 4168 4156 4144 4135 4132 4136 4141 4145 4153 4157 4159 4159 4158 4158 4156 4154 4149 4140 4133 4128 4117 4112 4110 4104 4095 4086 4080 4074 4067 4063 4057 4050 4040 4029 4023 4013 4009 4011 4008 4004 4002 4002 3999 3994 3993 3994 3993 3986 3984 3980 3978 3978 3976 3974 3969 3962 3951 3944 3941 3937 3931 3926 3919 3906 3888 3876 3866 3858 3852 3843
4241 4241 4238 4235 4229 4220 4217 4218 4220 4220 4209 4198 4188 4180 4169 4155 4140 4131 4126 4130 4132 4136 4143 4147 4148 4148 4148 4148 4147 4147 4145 4137 4130 4127 4120 4112 4111 4102 4093 4086 4078 4072 4066 4059 4052 4046 4039 4026 4022 4017 4008 4002 4000 3999 3997 3997 3991 3986 3985 3985 3983 3980 3976 3974 3971 3969 3969 3969 3969 3963 3951 3941 3936 3932 3927 3923 3910 3894 3879 3868 3860 3849 3843 3836
4239 4235 4233 4230 4224 4215 4212 4214 4216 4217 4212 4202 4191 4184 4173 4160 4143 4131 4124 4123 4124 4127 4131 4136 4138 4138 4136 4136 4138 4139 4138 4133 4128 4126 4119 4112 4108 4102 4094 4088 4080 4074 4065 4058 4050 4044 4038 4030 4023 4022 4013 4007 4002 3994 3990 3988 3985 3981 3977 3974 3972 3966 3966 3965 3962 3961 3962 3963 3964 3958 3948 3938 3933 3929 3926 3920 3908 3887 3871 3861 3851 3841 3835 3825
4236 4232 4230 4224 4215 4207 4205 4208 4208 4209 4208 4202 4193 4182 4170 4158 4145 4131 4120 4115 4118 4121 4122 4123 4125 4127 4127 4125 4126 4129 4129 4125 4121 4119 4116 4109 4102 4096 4092 4084 4077 4072 4064 4059 4054 4044 4040 4029 4022 4022 4018 4011 4007 4000 3992 3986 3980 3974 3970 3968 3963 3958 3957 3956 3954 3953 3953 3954 3952 3946 3940 3936 3933 3928 3922 3913 3897 3879 3865 3854 3844 3832 3819 3808
4234 4232 4230 4223 4213 4205 4202 4199 4198 4200 4201 4198 4192 4181 4173 4162 4151 4138 4124 4116 4112 4113 4112 4111 4111 4114 4113 4112 4112 4114 4118 4116 4113 4112 4108 4104 4098 4092 4088 4080 4070 4066 4064 4062 4056 4047 4038 4031 4023 4020 4021 4014 4009 4003 3997 3991 3985 3980 3976 3972 3961 3954 3952 3949 3946 3944 3943 3943 3942 3937 3933 3931 3926 3919 3911 3900 3888 3873 3861 3848 3838 3825 3810 3798
