terrain/dems/misc/kilimanjaro.grd
ncols        692
nrows        631
xllcorner    37.254583333333
yllcorner    -3.155138888889
cellsize 30
[rows 190 to 227 of 631, columns 504 to 587 of 692]
4319 4315 4314 4309 4306 4300 4297 4295 4292 4284 4274 4270 4264 4259 4257 4254 4251 4248 4244 4238 4235 4235 4231 4226 4221 4214 4207 4203 4201 4190 4181 4176 4172 4166 4158 4157 4159 4154 4150 4149 4140 4132 4126 4125 4126 4128 4122 4114 4110 4100 4095 4093 4091 4087 4082 4077 4074 4069 4068 4067 4062 4056 4054 4051 4044 4041 4033 4031 4031 4027 4017 4009 4004 3998 3991 3983 3979 3978 3976 3972 3968 3967 3966 3959
4323 4321 4319 4314 4309 4305 4302 4299 4293 4284 4276 4268 4262 4257 4255 4257 4250 4244 4241 4236 4234 4234 4231 4224 4221 4211 4203 4200 4197 4189 4180 4175 4172 4172 4168 4162 4162 4155 4150 4148 4143 4134 4134 4133 4130 4127 4121 4113 4106 4100 4094 4092 4088 4087 4084 4082 4077 4071 4068 4067 4066 4061 4056 4050 4045 4039 4034 4030 4031 4028 4013 4009 4006 4000 3994 3989 3988 3985 3982 3974 3969 3970 3970 3965
4328 4324 4325 4319 4312 4308 4305 4300 4292 4282 4276 4270 4262 4256 4255 4255 4251 4244 4239 4232 4230 4232 4226 4221 4217 4211 4205 4199 4194 4187 4182 4178 4174 4173 4170 4165 4160 4152 4147 4147 4141 4136 4135 4134 4129 4126 4125 4117 4108 4105 4101 4094 4089 4087 4085 4083 4080 4073 4071 4073 4073 4067 4058 4052 4045 4038 4035 4034 4034 4027 4015 4009 4006 4002 4000 3997 3994 3992 3988 3980 3975 3972 3980 3976
4330 4327 4325 4320 4314 4310 4306 4300 4291 4282 4275 4270 4265 4260 4257 4257 4254 4249 4240 4231 4227 4225 4220 4217 4212 4210 4204 4197 4190 4184 4181 4178 4177 4171 4165 4161 4158 4153 4148 4146 4144 4138 4134 4131 4127 4127 4126 4121 4113 4109 4108 4105 4100 4094 4089 4087 4085 4082 4078 4076 4076 4072 4063 4055 4047 4039 4036 4040 4042 4035 4024 4012 4010 4010 4008 4005 4006 4011 4000 3993 3991 3988 3987 3984
4332 4324 4324 4324 4321 4314 4307 4300 4290 4281 4274 4271 4266 4262 4259 4258 4256 4250 4242 4231 4227 4222 4215 4210 4209 4207 4204 4198 4189 4183 4181 4178 4176 4173 4167 4161 4158 4156 4150 4147 4145 4140 4134 4129 4125 4125 4127 4123 4118 4113 4111 4110 4109 4104 4099 4094 4093 4090 4084 4080 4077 4074 4068 4060 4054 4047 4043 4042 4043 4040 4033 4027 4022 4017 4012 4008 4012 4018 4012 4003 4002 4001 3995 3993
4336 4329 4327 4328 4325 4316 4305 4299 4291 4284 4277 4272 4267 4262 4256 4255 4253 4248 4243 4235 4228 4221 4213 4211 4210 4208 4205 4202 4197 4191 4186 4181 4176 4174 4172 4167 4160 4156 4151 4145 4145 4145 4140 4139 4139 4137 4132 4126 4121 4119 4116 4115 4114 4109 4105 4100 4095 4094 4093 4084 4077 4077 4073 4065 4060 4059 4055 4050 4048 4046 4044 4039 4033 4026 4020 4018 4019 4023 4017 4013 4011 4006 4002 4000
4347 4340 4333 4332 4326 4315 4305 4297 4290 4285 4280 4273 4270 4265 4259 4256 4253 4247 4242 4237 4230 4222 4214 4211 4210 4209 4203 4203 4200 4193 4190 4183 4178 4175 4172 4169 4163 4158 4156 4149 4149 4150 4148 4148 4148 4146 4140 4132 4130 4130 4127 4123 4119 4114 4107 4103 4098 4097 4096 4090 4084 4082 4079 4074 4066 4062 4063 4061 4058 4054 4050 4045 4043 4040 4032 4030 4031 4025 4019 4015 4011 4007 4003 4001
4349 4344 4338 4336 4332 4317 4307 4299 4292 4286 4280 4274 4270 4268 4263 4260 4256 4249 4243 4237 4230 4224 4220 4212 4214 4213 4209 4206 4202 4196 4190 4186 4182 4180 4175 4168 4164 4162 4160 4158 4157 4156 4151 4151 4151 4149 4145 4140 4139 4139 4133 4128 4124 4119 4115 4110 4105 4101 4100 4096 4091 4092 4090 4087 4081 4072 4067 4067 4066 4061 4059 4054 4052 4050 4045 4038 4034 4025 4018 4017 4013 4007 4003 3998
4353 4347 4343 4340 4333 4322 4309 4300 4295 4288 4281 4275 4271 4268 4264 4259 4255 4250 4243 4238 4236 4230 4226 4221 4219 4219 4215 4212 4208 4202 4196 4192 4188 4186 4184 4178 4173 4172 4171 4169 4167 4165 4162 4159 4155 4153 4152 4148 4146 4143 4137 4131 4128 4124 4121 4115 4113 4109 4106 4104 4100 4096 4096 4095 4091 4083 4074 4073 4072 4068 4063 4059 4055 4049 4045 4041 4036 4026 4019 4017 4013 4007 4000 3995
4361 4355 4346 4342 4335 4325 4314 4302 4297 4290 4282 4279 4277 4270 4263 4259 4255 4249 4242 4239 4239 4238 4233 4229 4225 4223 4220 4217 4214 4210 4207 4201 4197 4191 4190 4189 4186 4182 4180 4177 4174 4173 4171 4169 4162 4158 4156 4154 4152 4150 4147 4139 4134 4131 4130 4128 4122 4116 4112 4111 4105 4102 4103 4102 4097 4091 4084 4079 4080 4071 4064 4061 4058 4051 4044 4042 4039 4032 4022 4018 4011 4006 4002 3998
4379 4371 4360 4347 4335 4329 4323 4311 4304 4291 4281 4279 4280 4277 4270 4264 4261 4257 4251 4246 4245 4243 4240 4237 4233 4229 4223 4222 4222 4216 4214 4209 4204 4200 4196 4194 4192 4188 4187 4183 4181 4178 4175 4175 4174 4168 4165 4161 4156 4155 4155 4149 4144 4141 4138 4138 4132 4123 4119 4118 4117 4115 4115 4109 4102 4097 4091 4088 4086 4080 4073 4069 4063 4058 4049 4044 4042 4035 4025 4019 4014 4009 4007 4000
4382 4382 4378 4362 4339 4329 4327 4316 4310 4301 4290 4282 4279 4282 4276 4271 4268 4266 4263 4258 4254 4249 4243 4242 4239 4238 4233 4230 4228 4223 4220 4217 4216 4215 4214 4207 4201 4197 4195 4190 4185 4184 4180 4180 4181 4177 4173 4169 4164 4159 4159 4157 4156 4151 4147 4144 4140 4132 4126 4125 4124 4124 4122 4112 4105 4101 4096 4094 4090 4081 4077 4072 4067 4061 4056 4049 4044 4039 4028 4024 4020 4014 4009 4002
4381 4381 4380 4367 4347 4330 4323 4321 4312 4307 4300 4290 4285 4287 4286 4280 4275 4275 4272 4270 4267 4261 4255 4251 4251 4251 4249 4249 4242 4235 4229 4226 4228 4226 4221 4217 4212 4207 4205 4198 4194 4191 4188 4184 4184 4183 4178 4175 4169 4166 4165 4162 4159 4152 4150 4149 4143 4137 4132 4129 4127 4126 4124 4114 4104 4104 4100 4096 4089 4082 4079 4075 4067 4064 4059 4055 4049 4043 4035 4027 4024 4015 4011 4007
4376 4372 4368 4354 4336 4325 4322 4319 4312 4304 4299 4297 4294 4290 4292 4288 4282 4278 4278 4279 4279 4276 4271 4267 4265 4261 4259 4258 4254 4245 4236 4232 4235 4232 4224 4219 4215 4211 4208 4205 4200 4198 4195 4190 4188 4186 4183 4180 4174 4167 4166 4165 4162 4156 4153 4153 4150 4144 4138 4133 4129 4126 4123 4115 4107 4104 4102 4097 4093 4084 4083 4079 4073 4067 4061 4056 4051 4046 4035 4030 4027 4020 4013 4009
4352 4354 4349 4338 4328 4315 4304 4305 4302 4299 4295 4289 4285 4286 4287 4284 4278 4278 4279 4279 4278 4277 4274 4270 4267 4265 4262 4262 4257 4247 4240 4238 4238 4235 4226 4222 4218 4212 4212 4209 4204 4201 4200 4198 4193 4187 4185 4184 4178 4170 4167 4168 4167 4162 4153 4155 4154 4149 4143 4138 4132 4128 4126 4120 4111 4109 4105 4102 4097 4089 4083 4081 4076 4071 4064 4058 4053 4047 4039 4032 4027 4022 4015 4013
4333 4333 4332 4328 4323 4307 4298 4294 4293 4291 4286 4279 4277 4276 4279 4272 4267 4269 4272 4271 4269 4267 4268 4267 4264 4263 4261 4259 4254 4245 4239 4241 4240 4233 4228 4230 4226 4218 4218 4217 4207 4203 4203 4203 4195 4187 4188 4190 4183 4173 4167 4169 4169 4163 4157 4156 4155 4151 4146 4143 4140 4133 4129 4125 4120 4115 4111 4105 4100 4094 4089 4085 4081 4076 4070 4060 4055 4050 4045 4035 4026 4019 4015 4016
4314 4316 4313 4312 4307 4297 4288 4288 4283 4281 4274 4270 4268 4267 4266 4263 4258 4258 4256 4258 4258 4257 4259 4259 4258 4256 4254 4254 4251 4243 4238 4238 4237 4231 4227 4230 4229 4223 4218 4211 4208 4207 4206 4205 4197 4186 4189 4189 4184 4177 4172 4170 4172 4163 4157 4158 4156 4151 4147 4145 4143 4138 4131 4127 4123 4121 4116 4109 4103 4099 4095 4089 4085 4079 4074 4065 4057 4053 4049 4044 4033 4026 4022 4022
4301 4298 4294 4290 4285 4277 4277 4275 4269 4265 4261 4258 4256 4254 4253 4250 4248 4246 4245 4246 4248 4246 4248 4248 4246 4245 4245 4244 4241 4237 4235 4233 4228 4227 4225 4226 4226 4222 4218 4213 4210 4215 4212 4206 4197 4190 4186 4187 4187 4182 4176 4171 4173 4168 4163 4161 4159 4153 4151 4146 4144 4139 4136 4132 4127 4122 4118 4113 4108 4103 4098 4092 4087 4082 4077 4071 4062 4057 4055 4049 4043 4036 4030 4028
4291 4281 4277 4271 4268 4267 4263 4261 4256 4250 4251 4250 4246 4243 4241 4237 4237 4236 4234 4233 4231 4230 4231 4231 4230 4228 4230 4228 4225 4226 4228 4227 4223 4220 4216 4213 4220 4215 4210 4206 4206 4208 4208 4202 4200 4193 4188 4192 4192 4186 4180 4177 4173 4169 4165 4163 4160 4158 4154 4150 4145 4143 4139 4137 4132 4127 4121 4115 4112 4109 4103 4096 4090 4085 4081 4076 4070 4063 4057 4053 4046 4042 4035 4031
4281 4270 4260 4256 4253 4252 4249 4245 4242 4241 4240 4239 4234 4230 4231 4229 4224 4221 4219 4216 4214 4213 4215 4215 4215 4214 4211 4210 4209 4211 4211 4209 4212 4209 4203 4198 4199 4198 4192 4193 4192 4191 4194 4194 4193 4191 4188 4186 4185 4183 4181 4179 4173 4168 4166 4164 4162 4159 4157 4153 4148 4144 4141 4136 4132 4130 4125 4119 4114 4112 4105 4100 4095 4088 4083 4078 4076 4066 4060 4056 4051 4046 4040 4030
4274 4262 4251 4247 4245 4244 4241 4236 4230 4228 4227 4227 4224 4221 4219 4216 4212 4207 4207 4204 4202 4202 4202 4203 4204 4202 4196 4193 4192 4193 4190 4188 4189 4191 4191 4187 4179 4178 4181 4183 4182 4180 4179 4181 4184 4180 4179 4176 4173 4176 4178 4170 4163 4162 4160 4158 4156 4157 4155 4151 4147 4144 4138 4134 4131 4129 4125 4119 4114 4109 4106 4101 4097 4091 4086 4082 4076 4069 4064 4062 4054 4050 4044 4036
4269 4253 4242 4243 4240 4236 4233 4229 4225 4223 4221 4219 4217 4212 4205 4201 4200 4199 4198 4197 4194 4192 4192 4191 4190 4187 4186 4184 4180 4178 4179 4177 4174 4175 4175 4172 4168 4166 4169 4170 4170 4168 4166 4165 4164 4163 4164 4164 4159 4161 4158 4155 4151 4148 4144 4145 4146 4147 4145 4140 4140 4138 4134 4132 4131 4128 4124 4120 4116 4110 4105 4102 4098 4095 4089 4081 4075 4068 4065 4065 4059 4052 4048 4042
4263 4253 4248 4241 4235 4231 4226 4225 4222 4219 4217 4216 4213 4207 4199 4195 4195 4195 4192 4188 4186 4184 4180 4177 4173 4173 4175 4172 4169 4167 4166 4165 4163 4162 4162 4158 4154 4154 4156 4156 4156 4156 4157 4154 4151 4150 4156 4153 4147 4143 4143 4143 4141 4137 4136 4134 4133 4132 4130 4130 4131 4131 4127 4128 4129 4125 4121 4121 4118 4112 4107 4102 4099 4095 4089 4082 4075 4069 4066 4065 4059 4054 4051 4047
4263 4255 4251 4242 4235 4230 4227 4225 4223 4219 4215 4212 4209 4203 4195 4192 4190 4190 4188 4184 4181 4180 4174 4163 4160 4160 4159 4158 4158 4155 4154 4153 4151 4150 4148 4145 4142 4140 4137 4137 4142 4148 4146 4143 4138 4135 4136 4140 4134 4131 4130 4131 4129 4126 4125 4124 4120 4120 4121 4120 4122 4122 4121 4122 4123 4122 4121 4120 4117 4110 4104 4100 4097 4091 4085 4081 4076 4070 4068 4067 4061 4053 4050 4048
4266 4258 4255 4248 4238 4232 4228 4225 4218 4217 4213 4209 4205 4199 4193 4190 4188 4187 4187 4182 4181 4181 4176 4163 4154 4155 4152 4148 4147 4146 4144 4139 4135 4135 4137 4134 4135 4133 4130 4129 4129 4132 4133 4130 4124 4120 4119 4119 4119 4118 4118 4115 4111 4110 4107 4104 4105 4106 4108 4108 4106 4106 4111 4113 4113 4114 4116 4116 4114 4111 4106 4102 4096 4092 4086 4078 4070 4066 4064 4064 4063 4053 4050 4048
4276 4267 4261 4257 4243 4234 4227 4223 4219 4214 4213 4207 4199 4193 4192 4191 4191 4191 4187 4183 4181 4180 4176 4162 4153 4150 4147 4146 4145 4146 4141 4133 4125 4125 4127 4126 4126 4127 4125 4122 4116 4116 4119 4118 4116 4113 4110 4108 4107 4107 4106 4103 4100 4099 4096 4093 4093 4095 4093 4093 4094 4095 4095 4098 4100 4103 4105 4106 4108 4106 4104 4102 4097 4091 4087 4079 4073 4068 4063 4061 4061 4057 4051 4046
4277 4269 4261 4253 4248 4239 4229 4225 4221 4217 4212 4207 4197 4189 4186 4185 4187 4187 4184 4181 4180 4177 4169 4159 4150 4147 4147 4146 4147 4147 4146 4136 4122 4119 4122 4116 4115 4117 4119 4116 4110 4108 4106 4107 4106 4105 4102 4099 4097 4094 4092 4093 4091 4086 4086 4085 4085 4082 4080 4080 4082 4082 4083 4086 4088 4091 4094 4095 4095 4096 4095 4096 4095 4089 4083 4078 4076 4074 4064 4060 4060 4056 4047 4041
4277 4268 4260 4251 4249 4243 4238 4235 4226 4215 4212 4208 4199 4191 4187 4184 4180 4179 4180 4181 4182 4179 4169 4162 4154 4150 4150 4149 4148 4142 4136 4132 4121 4114 4112 4112 4110 4110 4112 4115 4110 4104 4099 4097 4096 4091 4090 4090 4088 4084 4083 4084 4082 4079 4076 4075 4074 4073 4070 4068 4068 4069 4072 4075 4076 4077 4080 4082 4083 4084 4083 4084 4082 4079 4077 4073 4070 4068 4062 4057 4053 4049 4045 4038
4282 4271 4262 4255 4249 4243 4238 4236 4229 4216 4210 4206 4203 4200 4195 4190 4183 4181 4181 4182 4182 4180 4171 4162 4156 4151 4152 4150 4147 4137 4129 4127 4122 4115 4112 4113 4114 4113 4114 4114 4112 4108 4099 4094 4087 4082 4080 4081 4079 4077 4077 4077 4076 4072 4069 4066 4065 4065 4062 4058 4057 4061 4061 4062 4064 4066 4067 4068 4069 4067 4068 4067 4064 4064 4064 4062 4057 4052 4051 4052 4045 4039 4031 4026
4291 4276 4267 4262 4255 4247 4239 4231 4225 4218 4209 4206 4204 4204 4201 4197 4193 4189 4187 4184 4183 4176 4168 4161 4154 4150 4150 4148 4141 4133 4126 4123 4120 4118 4116 4115 4114 4114 4114 4115 4113 4109 4101 4094 4087 4081 4078 4076 4074 4072 4071 4067 4066 4066 4063 4060 4057 4058 4056 4051 4049 4050 4051 4052 4054 4058 4057 4058 4057 4057 4056 4053 4049 4048 4048 4047 4045 4040 4035 4032 4029 4025 4016 4010
4299 4286 4277 4270 4261 4248 4240 4230 4223 4217 4210 4207 4205 4203 4199 4195 4195 4194 4191 4188 4185 4177 4165 4157 4157 4157 4153 4153 4144 4136 4130 4123 4121 4123 4123 4118 4114 4113 4112 4112 4112 4108 4095 4090 4085 4081 4077 4075 4073 4070 4066 4061 4058 4059 4057 4055 4053 4051 4050 4048 4044 4043 4047 4047 4046 4045 4046 4046 4048 4048 4048 4045 4042 4038 4035 4034 4031 4026 4023 4022 4018 4011 4005 4001
4297 4284 4276 4268 4258 4248 4239 4231 4224 4219 4215 4210 4207 4205 4197 4193 4194 4195 4192 4185 4187 4182 4170 4159 4159 4163 4161 4156 4150 4139 4128 4121 4123 4126 4125 4122 4117 4113 4111 4109 4106 4099 4088 4083 4082 4079 4077 4074 4074 4072 4068 4064 4060 4058 4059 4057 4052 4048 4043 4045 4045 4043 4044 4044 4041 4040 4038 4038 4039 4036 4034 4034 4034 4028 4024 4023 4019 4017 4013 4008 4005 4002 3996 3993
4287 4275 4266 4260 4254 4248 4240 4233 4225 4222 4219 4216 4214 4212 4204 4197 4200 4193 4187 4189 4192 4185 4168 4162 4161 4164 4161 4159 4151 4139 4132 4126 4125 4129 4125 4120 4116 4112 4109 4105 4100 4092 4084 4080 4079 4079 4079 4076 4075 4075 4073 4070 4068 4069 4072 4069 4062 4054 4046 4043 4045 4044 4044 4043 4039 4037 4035 4033 4035 4033 4027 4025 4023 4020 4017 4013 4008 4008 4007 4001 4000 3996 3990 3982
4278 4268 4261 4256 4251 4246 4241 4236 4230 4227 4224 4220 4216 4215 4209 4203 4202 4198 4187 4188 4195 4187 4170 4163 4163 4165 4163 4159 4155 4144 4136 4133 4131 4129 4123 4115 4112 4110 4105 4101 4096 4089 4084 4082 4081 4081 4083 4079 4076 4078 4079 4077 4079 4083 4082 4080 4074 4067 4057 4047 4040 4040 4042 4042 4042 4039 4036 4030 4029 4029 4023 4015 4011 4012 4013 4009 4003 4003 4002 4001 3999 3996 3986 3979
4274 4267 4261 4256 4251 4247 4242 4236 4232 4230 4227 4222 4217 4211 4206 4200 4201 4199 4194 4192 4191 4180 4164 4158 4159 4165 4163 4161 4160 4155 4145 4137 4134 4134 4123 4114 4109 4107 4103 4098 4094 4090 4087 4084 4084 4084 4084 4082 4083 4086 4085 4084 4086 4089 4089 4085 4079 4072 4062 4052 4042 4037 4035 4037 4039 4038 4034 4029 4026 4027 4024 4014 4010 4009 4012 4012 4006 4002 4000 4000 4000 4000 3994 3988
4274 4264 4261 4257 4249 4244 4239 4235 4233 4231 4225 4222 4219 4213 4205 4199 4197 4197 4194 4192 4180 4168 4162 4158 4159 4162 4165 4162 4157 4158 4152 4145 4141 4137 4130 4121 4114 4110 4107 4103 4098 4096 4095 4095 4093 4091 4089 4093 4093 4093 4093 4091 4090 4092 4093 4091 4084 4073 4061 4054 4049 4040 4033 4036 4038 4033 4032 4028 4026 4027 4025 4019 4014 4013 4014 4016 4011 4008 4010 4011 4009 4006 4004 3998
4273 4265 4259 4255 4248 4238 4238 4234 4231 4227 4223 4220 4219 4216 4205 4197 4194 4193 4192 4189 4178 4166 4162 4160 4163 4166 4165 4162 4158 4156 4155 4151 4149 4147 4140 4131 4121 4117 4114 4112 4108 4104 4105 4105 4105 4101 4100 4102 4103 4104 4104 4104 4099 4095 4093 4092 4086 4074 4063 4063 4056 4047 4040 4040 4034 4027 4025 4024 4019 4018 4021 4016 4016 4015 4015 4015 4014 4012 4012 4015 4011 4007 4004 3999
4269 4264 4258 4253 4246 4241 4240 4237 4228 4220 4219 4218 4217 4215 4204 4194 4192 4191 4189 4184 4181 4171 4168 4167 4167 4168 4169 4166 4158 4158 4157 4154 4151 4151 4151 4145 4134 4130 4130 4125 4121 4118 4117 4117 4116 4118 4118 4114 4116 4117 4116 4113 4110 4105 4097 4090 4087 4074 4065 4063 4059 4052 4046 4039 4032 4026 4020 4017 4015 4014 4016 4018 4018 4016 4015 4015 4014 4012 4011 4010 4007 4004 4002 4000
