terrain/dems/misc/kilimanjaro.grd
ncols        692
nrows        631
xllcorner    37.254583333333
yllcorner    -3.155138888889
cellsize 30
[rows 494 to 531 of 631, columns 588 to 671 of 692]
2993 2991 2978 2964 2956 2955 2948 2953 2956 2949 2943 2940 2933 2930 2915 2909 2904 2902 2901 2899 2895 2891 2888 2879 2870 2869 2864 2851 2844 2845 2837 2831 2840 2832 2824 2818 2814 2811 2805 2798 2790 2786 2778 2770 2767 2763 2750 2736 2726 2701 2682 2688 2674 2670 2683 2698 2702 2700 2697 2694 2691 2689 2688 2682 2680 2683 2682 2675 2665 2650 2637 2635 2632 2627 2624 2620 2612 2602 2544 2518 2509 2514 2524 2535
2987 2986 2981 2965 2953 2945 2940 2942 2951 2944 2936 2929 2927 2922 2912 2908 2904 2894 2896 2894 2888 2885 2882 2874 2867 2866 2864 2848 2839 2842 2831 2821 2824 2829 2822 2813 2805 2801 2796 2790 2786 2781 2775 2769 2765 2762 2752 2740 2731 2703 2680 2677 2678 2671 2677 2694 2698 2694 2688 2684 2684 2681 2679 2669 2663 2667 2674 2671 2662 2651 2641 2632 2629 2624 2622 2620 2593 2570 2548 2532 2523 2528 2532 2546
2980 2976 2973 2967 2958 2942 2934 2934 2937 2931 2924 2927 2927 2921 2911 2910 2908 2899 2892 2886 2879 2880 2881 2869 2862 2863 2858 2848 2838 2830 2821 2808 2812 2819 2816 2808 2798 2790 2788 2788 2782 2778 2772 2766 2764 2759 2749 2741 2733 2713 2684 2674 2679 2680 2683 2690 2696 2691 2679 2676 2674 2669 2663 2657 2652 2653 2659 2663 2648 2642 2642 2636 2629 2625 2622 2619 2592 2573 2556 2544 2536 2537 2542 2549
2972 2968 2965 2962 2952 2938 2928 2928 2931 2927 2919 2924 2925 2916 2907 2903 2899 2892 2882 2876 2872 2874 2874 2866 2858 2856 2855 2844 2836 2820 2807 2802 2802 2806 2807 2801 2792 2787 2784 2781 2775 2768 2763 2759 2758 2753 2744 2739 2733 2715 2692 2675 2673 2679 2685 2680 2673 2673 2674 2671 2668 2663 2659 2658 2653 2652 2650 2648 2640 2632 2633 2633 2627 2622 2619 2609 2585 2573 2559 2549 2546 2543 2547 2551
2965 2959 2954 2951 2943 2924 2920 2919 2924 2925 2918 2909 2907 2904 2898 2892 2884 2878 2872 2868 2863 2859 2860 2858 2853 2848 2842 2835 2825 2812 2803 2797 2796 2797 2798 2794 2789 2785 2780 2771 2767 2756 2751 2752 2747 2740 2737 2736 2730 2715 2694 2679 2674 2677 2670 2659 2654 2663 2671 2669 2663 2658 2658 2657 2653 2651 2648 2644 2639 2633 2632 2630 2626 2620 2615 2608 2586 2574 2564 2555 2551 2550 2550 2554
2956 2949 2946 2943 2933 2919 2909 2907 2911 2917 2909 2899 2895 2892 2887 2882 2874 2870 2866 2862 2852 2848 2850 2851 2846 2840 2834 2827 2816 2809 2801 2795 2792 2789 2785 2787 2781 2778 2771 2762 2757 2754 2748 2743 2737 2728 2728 2728 2721 2702 2686 2680 2675 2667 2673 2654 2636 2654 2669 2667 2662 2657 2654 2651 2648 2646 2642 2637 2634 2633 2635 2632 2621 2616 2612 2605 2589 2574 2566 2560 2556 2554 2554 2556
2948 2941 2935 2927 2924 2914 2902 2896 2895 2897 2900 2897 2890 2883 2872 2865 2864 2862 2859 2855 2847 2840 2842 2845 2838 2833 2829 2822 2813 2806 2800 2791 2790 2779 2774 2774 2769 2764 2763 2753 2748 2746 2741 2737 2731 2723 2717 2711 2704 2696 2685 2675 2664 2653 2657 2662 2660 2665 2673 2669 2665 2659 2653 2649 2646 2640 2632 2628 2625 2623 2627 2625 2620 2614 2609 2600 2590 2579 2569 2564 2560 2558 2556 2556
2939 2933 2923 2922 2919 2911 2895 2881 2879 2878 2882 2880 2878 2869 2859 2854 2852 2845 2847 2848 2841 2834 2834 2834 2829 2825 2821 2814 2809 2804 2795 2786 2778 2770 2759 2762 2762 2760 2756 2747 2741 2737 2732 2729 2726 2716 2703 2700 2696 2690 2682 2667 2652 2639 2651 2661 2668 2674 2673 2670 2667 2661 2655 2649 2648 2643 2634 2626 2622 2621 2619 2618 2616 2614 2607 2597 2589 2580 2574 2567 2563 2560 2558 2556
2932 2927 2916 2918 2914 2900 2879 2871 2869 2866 2865 2867 2870 2867 2856 2850 2843 2837 2835 2834 2833 2829 2826 2824 2821 2817 2812 2808 2804 2798 2792 2779 2771 2757 2748 2747 2750 2752 2750 2740 2733 2729 2727 2723 2719 2713 2705 2699 2692 2682 2669 2657 2641 2634 2638 2647 2653 2664 2663 2663 2658 2656 2654 2650 2646 2646 2641 2634 2624 2620 2613 2611 2611 2609 2605 2599 2589 2582 2576 2570 2565 2562 2558 2555
2922 2917 2913 2908 2903 2895 2879 2863 2864 2862 2860 2862 2861 2855 2847 2839 2835 2830 2827 2823 2823 2821 2817 2813 2811 2808 2803 2801 2795 2789 2785 2778 2769 2758 2740 2733 2739 2741 2742 2739 2731 2722 2717 2718 2714 2711 2707 2701 2690 2679 2670 2654 2627 2626 2636 2635 2640 2647 2650 2648 2644 2643 2645 2644 2642 2645 2642 2632 2623 2617 2610 2603 2607 2604 2601 2598 2586 2584 2574 2569 2566 2561 2556 2553
2915 2908 2899 2901 2892 2889 2880 2875 2870 2864 2859 2854 2855 2847 2832 2827 2825 2824 2821 2818 2815 2814 2811 2807 2802 2801 2799 2796 2790 2782 2778 2778 2763 2743 2732 2727 2732 2736 2735 2735 2727 2715 2709 2709 2708 2705 2701 2696 2686 2684 2668 2658 2636 2626 2629 2626 2624 2634 2638 2639 2634 2632 2633 2635 2638 2640 2636 2619 2615 2614 2607 2602 2600 2600 2598 2596 2575 2578 2572 2568 2562 2557 2553 2549
2905 2897 2889 2886 2889 2880 2873 2868 2864 2859 2849 2847 2847 2840 2825 2818 2819 2816 2816 2811 2805 2804 2805 2803 2797 2792 2793 2790 2785 2779 2772 2765 2757 2740 2727 2727 2729 2727 2724 2719 2714 2709 2701 2697 2699 2698 2693 2684 2681 2679 2669 2654 2637 2620 2626 2620 2617 2618 2621 2623 2623 2620 2616 2621 2627 2628 2618 2607 2605 2606 2597 2592 2592 2592 2593 2584 2571 2572 2564 2561 2556 2552 2547 2543
2894 2887 2880 2874 2868 2866 2858 2854 2851 2843 2833 2833 2838 2830 2815 2813 2813 2808 2803 2802 2799 2795 2796 2791 2783 2780 2778 2776 2776 2769 2760 2757 2751 2741 2731 2728 2725 2715 2711 2703 2703 2698 2693 2691 2691 2690 2684 2674 2674 2673 2666 2657 2647 2631 2620 2622 2610 2603 2604 2608 2608 2605 2606 2609 2611 2608 2604 2597 2595 2594 2590 2586 2585 2583 2581 2576 2563 2560 2559 2554 2549 2545 2539 2536
2885 2876 2867 2865 2858 2852 2845 2842 2842 2834 2826 2824 2824 2820 2809 2805 2803 2801 2796 2791 2789 2789 2786 2779 2775 2771 2763 2761 2763 2758 2752 2744 2741 2740 2734 2728 2721 2710 2703 2697 2695 2695 2691 2688 2686 2681 2674 2668 2667 2666 2662 2655 2649 2639 2620 2613 2606 2597 2590 2591 2598 2596 2598 2601 2598 2593 2591 2590 2589 2588 2582 2580 2577 2575 2574 2570 2564 2558 2550 2546 2540 2535 2532 2527
2873 2866 2860 2853 2850 2844 2840 2837 2830 2822 2815 2812 2813 2811 2802 2793 2791 2789 2784 2779 2776 2779 2777 2770 2767 2762 2754 2753 2757 2753 2737 2729 2727 2728 2727 2725 2717 2708 2700 2695 2690 2688 2685 2685 2683 2676 2669 2663 2659 2654 2652 2649 2645 2638 2627 2615 2614 2607 2593 2585 2587 2589 2592 2594 2592 2588 2585 2583 2580 2580 2578 2575 2573 2569 2567 2566 2559 2553 2549 2539 2531 2526 2523 2520
2863 2856 2848 2842 2841 2841 2837 2834 2820 2806 2799 2795 2800 2803 2795 2784 2774 2771 2770 2766 2764 2763 2760 2757 2756 2753 2748 2743 2745 2741 2729 2719 2716 2715 2717 2713 2710 2709 2705 2694 2684 2682 2680 2680 2680 2672 2666 2659 2652 2648 2647 2644 2643 2644 2633 2618 2610 2605 2598 2586 2573 2575 2585 2587 2583 2582 2579 2573 2571 2571 2574 2574 2569 2562 2559 2556 2549 2542 2538 2528 2520 2510 2505 2512
2853 2844 2837 2833 2831 2829 2835 2824 2811 2800 2790 2785 2794 2792 2786 2776 2768 2764 2761 2755 2752 2744 2745 2748 2749 2747 2740 2732 2730 2733 2718 2714 2710 2707 2700 2695 2697 2697 2690 2684 2678 2674 2669 2670 2670 2664 2660 2658 2647 2645 2643 2637 2638 2643 2635 2618 2604 2595 2586 2578 2564 2559 2565 2571 2569 2575 2576 2570 2569 2568 2569 2570 2564 2557 2553 2550 2540 2533 2530 2525 2520 2515 2510 2503
2842 2833 2827 2821 2819 2817 2821 2815 2802 2792 2783 2780 2781 2782 2776 2772 2762 2756 2752 2747 2739 2729 2726 2731 2736 2731 2728 2725 2723 2722 2715 2708 2710 2703 2695 2687 2685 2684 2680 2676 2675 2666 2657 2653 2663 2657 2654 2651 2646 2641 2635 2627 2627 2636 2631 2621 2605 2595 2590 2583 2579 2547 2545 2554 2553 2564 2570 2568 2566 2563 2562 2560 2556 2550 2545 2540 2536 2531 2526 2521 2518 2514 2509 2503
2830 2822 2815 2809 2807 2804 2807 2798 2787 2779 2776 2773 2773 2774 2770 2763 2756 2751 2747 2741 2729 2718 2710 2712 2716 2716 2714 2715 2717 2716 2709 2707 2702 2695 2690 2684 2680 2680 2675 2671 2668 2661 2651 2648 2655 2658 2650 2647 2643 2640 2630 2625 2626 2625 2622 2619 2611 2596 2595 2585 2572 2549 2537 2548 2554 2551 2562 2561 2560 2558 2555 2554 2550 2541 2533 2533 2533 2530 2523 2517 2511 2508 2508 2504
2819 2811 2803 2798 2795 2792 2796 2789 2776 2769 2768 2767 2764 2764 2763 2755 2746 2737 2732 2731 2722 2708 2698 2697 2699 2703 2705 2702 2700 2701 2701 2696 2690 2683 2683 2681 2675 2675 2668 2661 2657 2649 2641 2642 2643 2647 2646 2642 2638 2635 2631 2623 2619 2613 2613 2614 2611 2602 2596 2584 2549 2537 2532 2535 2541 2540 2540 2548 2551 2550 2550 2548 2547 2535 2525 2525 2526 2527 2524 2513 2503 2501 2501 2500
2806 2799 2791 2786 2785 2781 2786 2783 2772 2763 2758 2760 2756 2754 2754 2747 2735 2724 2717 2719 2724 2700 2690 2691 2691 2694 2698 2694 2686 2688 2691 2688 2685 2680 2676 2673 2666 2660 2658 2656 2649 2644 2639 2637 2638 2639 2641 2635 2630 2630 2627 2619 2612 2605 2604 2607 2604 2598 2589 2573 2547 2531 2526 2522 2523 2526 2526 2536 2540 2541 2541 2540 2536 2529 2524 2524 2519 2515 2515 2514 2505 2494 2491 2490
2793 2786 2784 2778 2774 2772 2778 2774 2763 2755 2752 2752 2751 2745 2738 2729 2724 2717 2713 2710 2708 2697 2684 2686 2680 2680 2687 2684 2681 2682 2682 2680 2681 2678 2671 2664 2657 2654 2652 2650 2645 2638 2634 2633 2633 2636 2634 2625 2621 2623 2620 2613 2607 2601 2599 2596 2594 2591 2581 2561 2532 2527 2518 2510 2510 2513 2515 2520 2530 2532 2535 2532 2530 2526 2522 2518 2513 2510 2506 2502 2497 2493 2489 2488
2782 2776 2771 2766 2764 2763 2763 2760 2751 2745 2742 2742 2738 2733 2726 2719 2714 2711 2710 2704 2694 2688 2682 2671 2658 2662 2674 2671 2670 2670 2670 2666 2665 2663 2658 2656 2657 2657 2653 2645 2638 2629 2626 2626 2625 2625 2628 2618 2615 2615 2611 2604 2600 2598 2594 2586 2583 2583 2579 2568 2547 2525 2507 2500 2494 2491 2499 2506 2515 2524 2525 2522 2524 2523 2516 2511 2511 2513 2509 2499 2492 2492 2491 2488
2771 2768 2763 2757 2759 2755 2751 2746 2741 2739 2732 2728 2727 2724 2714 2708 2705 2701 2698 2694 2689 2683 2676 2664 2650 2653 2658 2655 2653 2655 2656 2652 2649 2645 2644 2646 2651 2650 2647 2641 2630 2621 2618 2619 2617 2619 2620 2616 2613 2612 2606 2601 2598 2595 2591 2583 2575 2571 2571 2567 2560 2553 2507 2490 2487 2486 2491 2498 2502 2504 2512 2510 2512 2512 2509 2506 2506 2508 2510 2498 2492 2490 2488 2485
2761 2758 2752 2750 2752 2748 2740 2735 2732 2725 2719 2713 2715 2712 2705 2699 2694 2689 2687 2687 2678 2669 2665 2655 2644 2643 2649 2644 2644 2646 2648 2644 2639 2639 2640 2640 2642 2640 2634 2633 2627 2619 2615 2610 2606 2609 2613 2610 2611 2611 2606 2599 2593 2589 2588 2582 2569 2565 2564 2559 2555 2549 2529 2496 2489 2495 2499 2496 2493 2496 2503 2506 2503 2502 2499 2498 2499 2500 2497 2491 2486 2484 2484 2480
2751 2747 2743 2744 2740 2741 2731 2724 2721 2715 2710 2703 2701 2707 2697 2686 2679 2672 2672 2673 2669 2660 2651 2642 2637 2639 2639 2636 2634 2635 2636 2634 2632 2633 2633 2632 2632 2629 2625 2622 2620 2617 2611 2601 2596 2597 2600 2604 2607 2604 2596 2592 2591 2586 2581 2573 2563 2559 2558 2553 2550 2539 2527 2514 2504 2507 2511 2506 2498 2492 2499 2500 2496 2493 2496 2497 2497 2496 2494 2482 2478 2479 2477 2471
2739 2736 2733 2732 2730 2727 2720 2715 2713 2707 2704 2702 2700 2696 2687 2677 2670 2666 2665 2662 2663 2659 2647 2636 2634 2635 2629 2626 2623 2622 2625 2623 2620 2621 2626 2626 2625 2623 2619 2617 2615 2613 2606 2596 2590 2593 2595 2600 2600 2596 2586 2585 2587 2585 2579 2569 2560 2556 2554 2550 2546 2540 2533 2529 2516 2507 2509 2512 2501 2490 2490 2489 2485 2487 2491 2495 2495 2494 2491 2484 2478 2479 2471 2468
2728 2725 2724 2723 2720 2720 2711 2707 2703 2698 2696 2694 2690 2680 2676 2675 2668 2663 2658 2654 2653 2652 2643 2630 2627 2618 2616 2615 2615 2616 2617 2616 2612 2612 2616 2614 2618 2617 2612 2609 2609 2605 2602 2587 2587 2591 2597 2598 2595 2590 2582 2581 2586 2584 2579 2569 2561 2555 2549 2545 2542 2532 2526 2520 2508 2498 2496 2489 2475 2472 2480 2480 2480 2487 2491 2492 2491 2489 2490 2488 2485 2478 2470 2466
2718 2717 2712 2717 2713 2709 2704 2700 2696 2690 2686 2679 2672 2670 2670 2672 2669 2657 2647 2643 2639 2632 2627 2625 2618 2609 2604 2602 2604 2608 2610 2609 2607 2607 2606 2606 2609 2613 2603 2602 2598 2592 2589 2584 2578 2583 2593 2594 2589 2583 2578 2576 2578 2579 2575 2564 2558 2550 2543 2539 2532 2521 2513 2510 2509 2492 2490 2478 2468 2465 2471 2476 2480 2491 2492 2490 2489 2488 2488 2490 2488 2482 2471 2462
2709 2707 2707 2712 2706 2699 2695 2693 2689 2687 2682 2674 2668 2670 2669 2662 2656 2644 2635 2627 2617 2614 2615 2615 2608 2600 2595 2594 2595 2598 2603 2603 2603 2602 2599 2600 2600 2598 2595 2595 2594 2585 2578 2570 2569 2574 2582 2585 2582 2578 2572 2569 2572 2575 2570 2561 2553 2546 2538 2532 2530 2522 2512 2507 2504 2495 2479 2469 2468 2463 2465 2464 2473 2484 2486 2487 2487 2486 2488 2489 2489 2485 2475 2465
2700 2700 2700 2699 2703 2693 2686 2684 2685 2680 2670 2664 2664 2661 2653 2647 2639 2635 2632 2622 2611 2607 2605 2598 2591 2592 2594 2590 2586 2590 2597 2599 2600 2598 2594 2594 2591 2587 2586 2586 2585 2580 2573 2566 2562 2567 2578 2578 2575 2570 2565 2563 2564 2564 2564 2560 2550 2544 2538 2530 2525 2522 2512 2499 2498 2491 2480 2468 2464 2463 2459 2458 2457 2471 2480 2485 2486 2487 2488 2489 2491 2488 2477 2463
2692 2694 2694 2694 2703 2687 2679 2675 2673 2666 2658 2654 2653 2648 2638 2632 2636 2638 2635 2626 2613 2603 2596 2590 2583 2584 2587 2581 2577 2586 2593 2588 2589 2590 2586 2583 2579 2579 2580 2577 2575 2572 2566 2560 2554 2560 2568 2568 2568 2565 2558 2556 2557 2556 2557 2553 2545 2540 2536 2526 2523 2526 2515 2502 2495 2491 2484 2472 2462 2455 2459 2461 2464 2471 2481 2484 2484 2484 2486 2489 2491 2486 2476 2466
2684 2686 2686 2686 2684 2682 2677 2670 2666 2662 2652 2647 2644 2639 2633 2627 2626 2631 2629 2620 2614 2603 2591 2584 2581 2579 2576 2574 2576 2583 2581 2579 2580 2581 2579 2574 2569 2568 2569 2568 2568 2563 2558 2555 2549 2546 2558 2558 2557 2555 2551 2548 2547 2550 2554 2552 2543 2532 2528 2527 2523 2521 2517 2501 2493 2495 2487 2472 2453 2442 2446 2458 2466 2471 2478 2479 2479 2479 2480 2481 2481 2477 2475 2466
2676 2677 2676 2678 2676 2673 2673 2663 2657 2653 2649 2643 2633 2627 2628 2627 2619 2620 2617 2611 2607 2600 2585 2579 2578 2574 2572 2571 2572 2573 2575 2572 2569 2567 2566 2565 2562 2561 2562 2562 2561 2558 2550 2553 2549 2545 2548 2551 2551 2547 2544 2540 2539 2540 2544 2545 2539 2530 2528 2522 2514 2512 2508 2497 2491 2490 2486 2473 2454 2431 2437 2451 2460 2467 2470 2470 2467 2472 2474 2476 2474 2472 2471 2468
2668 2668 2667 2667 2665 2660 2654 2649 2645 2641 2634 2632 2625 2618 2614 2610 2607 2609 2606 2599 2602 2594 2585 2579 2574 2569 2564 2568 2564 2564 2562 2562 2563 2562 2560 2556 2558 2559 2560 2558 2556 2554 2550 2547 2546 2539 2534 2538 2543 2547 2546 2538 2534 2531 2535 2540 2533 2532 2530 2518 2507 2505 2502 2493 2491 2486 2484 2479 2459 2438 2437 2445 2445 2458 2464 2463 2459 2461 2465 2467 2470 2470 2470 2470
2660 2659 2657 2656 2652 2651 2646 2641 2638 2628 2620 2619 2619 2613 2607 2604 2600 2596 2593 2592 2594 2595 2588 2577 2570 2565 2561 2558 2558 2557 2556 2555 2556 2557 2556 2552 2551 2555 2558 2556 2551 2553 2549 2546 2542 2537 2531 2529 2539 2542 2537 2526 2521 2519 2527 2533 2530 2529 2528 2517 2504 2502 2496 2491 2487 2482 2474 2468 2459 2440 2439 2437 2437 2446 2460 2463 2457 2455 2458 2460 2464 2468 2468 2466
2652 2650 2648 2646 2643 2639 2634 2630 2622 2611 2613 2614 2612 2608 2603 2596 2592 2588 2586 2584 2589 2590 2587 2578 2567 2562 2558 2552 2550 2550 2550 2549 2547 2548 2551 2546 2543 2544 2548 2546 2546 2545 2545 2544 2539 2538 2533 2527 2532 2531 2519 2511 2509 2512 2520 2529 2528 2526 2522 2513 2503 2497 2493 2484 2479 2474 2464 2458 2452 2444 2435 2435 2433 2440 2453 2459 2456 2453 2454 2456 2459 2465 2465 2462
2644 2642 2639 2635 2632 2629 2622 2618 2612 2594 2600 2611 2609 2602 2594 2586 2581 2581 2580 2578 2578 2582 2582 2577 2568 2562 2555 2548 2542 2540 2543 2546 2545 2545 2548 2542 2535 2534 2538 2544 2546 2543 2540 2537 2529 2527 2531 2528 2515 2496 2508 2506 2505 2508 2515 2522 2526 2525 2519 2514 2506 2498 2490 2480 2473 2468 2460 2449 2445 2436 2427 2428 2430 2438 2447 2453 2451 2448 2450 2453 2456 2461 2462 2457
