terrain/dems/misc/matterhorn.grd
ncols        103
nrows        59
xllcorner    7.642916666667
yllcorner    45.969027777778
cellsize 30
[rows 0 to 37 of 59, columns 0 to 83 of 103]
3067 3072 3075 3081 3086 3090 3095 3100 3102 3103 3102 3102 3103 3102 3102 3102 3104 3108 3123 3153 3165 3190 3203 3211 3212 3214 3214 3217 3216 3220 3225 3230 3233 3235 3239 3245 3249 3251 3248 3246 3246 3246 3255 3262 3263 3269 3279 3283 3290 3294 3301 3305 3307 3308 3311 3312 3314 3316 3320 3325 3326 3329 3331 3335 3342 3347 3350 3352 3355 3359 3368 3383 3394 3401 3398 3391 3381 3370 3395 3440 3464 3469 3470 3475
3083 3086 3088 3091 3095 3099 3102 3106 3107 3108 3109 3110 3111 3111 3111 3112 3115 3124 3154 3184 3202 3215 3225 3226 3226 3227 3229 3231 3232 3234 3236 3238 3240 3242 3246 3250 3256 3258 3260 3259 3258 3262 3271 3274 3280 3283 3291 3296 3302 3304 3308 3311 3313 3315 3315 3319 3318 3321 3329 3335 3340 3343 3345 3348 3353 3354 3354 3364 3366 3371 3376 3391 3415 3415 3410 3432 3424 3424 3441 3468 3494 3503 3517 3513
3099 3101 3101 3100 3104 3107 3109 3110 3111 3112 3115 3119 3121 3122 3123 3125 3126 3158 3195 3208 3221 3231 3233 3233 3235 3238 3241 3243 3244 3245 3244 3246 3249 3250 3252 3255 3258 3263 3266 3270 3271 3279 3284 3288 3292 3296 3302 3308 3310 3312 3313 3316 3316 3313 3316 3323 3324 3331 3339 3349 3352 3352 3358 3367 3374 3372 3382 3398 3416 3422 3426 3434 3430 3460 3466 3463 3457 3466 3468 3492 3520 3543 3551 3549
3114 3115 3115 3115 3115 3115 3116 3119 3122 3124 3125 3128 3136 3135 3138 3153 3187 3210 3220 3231 3238 3240 3239 3240 3242 3247 3252 3254 3255 3254 3255 3255 3258 3260 3259 3260 3266 3267 3274 3275 3283 3292 3297 3302 3303 3305 3310 3315 3318 3318 3321 3323 3323 3320 3319 3329 3335 3342 3349 3354 3358 3365 3379 3384 3389 3394 3408 3435 3452 3453 3448 3435 3479 3489 3495 3494 3494 3491 3495 3516 3532 3556 3565 3558
3120 3122 3125 3126 3125 3124 3125 3129 3133 3135 3135 3138 3143 3143 3172 3212 3226 3236 3241 3245 3247 3247 3247 3248 3252 3256 3261 3263 3263 3264 3265 3267 3267 3267 3269 3272 3279 3284 3286 3289 3294 3302 3309 3312 3312 3313 3316 3321 3321 3323 3326 3335 3338 3337 3339 3343 3347 3350 3357 3366 3380 3389 3394 3394 3396 3405 3428 3459 3475 3476 3474 3492 3507 3516 3525 3524 3527 3503 3508 3523 3547 3560 3561 3560
3126 3129 3132 3134 3133 3133 3135 3140 3144 3145 3146 3149 3169 3206 3230 3242 3250 3254 3254 3253 3256 3256 3256 3260 3265 3267 3269 3271 3271 3273 3274 3275 3274 3275 3278 3285 3294 3297 3301 3303 3309 3312 3316 3319 3319 3323 3327 3331 3333 3335 3342 3348 3353 3353 3351 3351 3353 3357 3369 3387 3395 3403 3403 3404 3420 3436 3457 3477 3485 3495 3510 3526 3523 3542 3539 3543 3530 3526 3535 3544 3552 3559 3552 3548
3133 3136 3139 3139 3138 3140 3143 3149 3157 3163 3165 3193 3237 3248 3257 3261 3266 3266 3269 3269 3271 3272 3268 3273 3276 3278 3278 3281 3283 3283 3281 3283 3284 3285 3289 3297 3305 3307 3309 3311 3315 3319 3323 3327 3332 3335 3341 3346 3349 3352 3354 3359 3361 3359 3357 3359 3362 3373 3384 3390 3397 3407 3421 3435 3445 3458 3499 3519 3532 3539 3545 3553 3564 3569 3570 3578 3569 3565 3563 3559 3559 3552 3541 3528
3141 3141 3143 3145 3148 3152 3158 3165 3194 3197 3220 3240 3256 3265 3267 3272 3273 3277 3281 3286 3288 3289 3287 3287 3287 3288 3289 3291 3295 3293 3292 3294 3294 3295 3299 3306 3310 3314 3320 3323 3327 3332 3334 3338 3343 3347 3352 3357 3360 3362 3366 3369 3368 3367 3366 3367 3373 3383 3392 3399 3406 3425 3444 3447 3487 3495 3514 3553 3572 3574 3588 3596 3599 3597 3607 3601 3586 3579 3572 3557 3551 3534 3530 3505
3153 3145 3148 3152 3157 3161 3168 3180 3219 3240 3255 3263 3266 3269 3276 3280 3283 3287 3292 3296 3302 3300 3300 3297 3299 3300 3300 3304 3305 3304 3301 3301 3302 3303 3306 3311 3316 3325 3335 3341 3343 3343 3346 3348 3353 3358 3363 3367 3368 3371 3376 3383 3381 3377 3378 3381 3390 3399 3409 3420 3435 3449 3455 3489 3501 3531 3571 3595 3607 3617 3633 3647 3648 3635 3614 3609 3607 3587 3580 3562 3537 3517 3520 3512
3171 3175 3164 3157 3158 3158 3237 3242 3248 3269 3268 3272 3276 3282 3287 3289 3293 3295 3299 3305 3313 3314 3312 3310 3309 3307 3308 3307 3311 3305 3305 3304 3305 3308 3309 3325 3333 3343 3354 3354 3353 3354 3355 3361 3369 3373 3377 3379 3378 3379 3383 3385 3386 3387 3389 3402 3414 3423 3437 3454 3463 3473 3495 3506 3530 3582 3611 3624 3633 3648 3670 3670 3664 3657 3638 3617 3603 3598 3574 3552 3529 3513 3503 3513
3185 3181 3175 3166 3219 3228 3240 3278 3292 3323 3328 3277 3285 3289 3296 3295 3296 3299 3303 3309 3315 3332 3341 3344 3335 3328 3346 3353 3358 3362 3361 3370 3368 3367 3375 3342 3353 3363 3368 3366 3364 3363 3368 3374 3378 3382 3384 3386 3388 3389 3389 3390 3387 3391 3399 3413 3428 3437 3499 3491 3502 3501 3537 3550 3582 3617 3645 3665 3678 3680 3687 3684 3677 3667 3652 3628 3616 3601 3571 3546 3533 3520 3509 3500
3273 3264 3238 3240 3254 3269 3294 3321 3354 3371 3368 3371 3284 3289 3292 3370 3382 3380 3369 3360 3366 3356 3360 3365 3393 3391 3389 3388 3390 3390 3405 3419 3425 3424 3423 3425 3440 3454 3450 3381 3378 3378 3380 3384 3385 3387 3390 3392 3397 3402 3402 3398 3526 3532 3531 3530 3529 3542 3513 3524 3544 3555 3554 3589 3623 3648 3679 3695 3708 3706 3701 3693 3685 3670 3654 3632 3613 3598 3576 3547 3525 3522 3511 3503
3316 3317 3311 3321 3335 3360 3369 3391 3389 3395 3388 3391 3398 3386 3375 3403 3406 3412 3409 3408 3420 3413 3406 3408 3414 3427 3422 3422 3433 3429 3434 3448 3467 3473 3475 3498 3501 3517 3516 3476 3387 3390 3395 3396 3396 3395 3396 3400 3406 3407 3495 3512 3561 3603 3623 3607 3591 3582 3571 3583 3586 3590 3597 3624 3646 3689 3713 3729 3730 3723 3712 3709 3694 3670 3659 3645 3622 3600 3567 3539 3528 3514 3507 3483
3349 3355 3428 3368 3388 3403 3422 3420 3440 3448 3438 3436 3448 3447 3445 3460 3469 3439 3443 3452 3458 3454 3450 3462 3463 3458 3468 3475 3475 3470 3497 3501 3489 3494 3518 3513 3547 3554 3545 3517 3503 3493 3486 3408 3406 3401 3398 3492 3505 3514 3530 3552 3576 3597 3629 3634 3628 3619 3612 3607 3606 3603 3634 3651 3692 3730 3742 3750 3743 3734 3726 3711 3688 3670 3664 3650 3625 3602 3574 3537 3522 3508 3478 3476
3392 3412 3429 3439 3448 3499 3545 3546 3477 3477 3476 3492 3485 3478 3483 3487 3486 3479 3497 3487 3505 3499 3509 3519 3525 3514 3506 3503 3510 3514 3522 3525 3523 3579 3573 3587 3603 3601 3580 3555 3544 3528 3527 3525 3516 3517 3528 3533 3537 3557 3569 3587 3601 3639 3663 3673 3660 3648 3642 3630 3634 3643 3655 3694 3725 3757 3762 3758 3752 3740 3731 3708 3689 3663 3653 3641 3623 3599 3562 3534 3520 3497 3476 3459
3380 3410 3421 3441 3456 3490 3533 3545 3556 3568 3482 3444 3518 3520 3520 3516 3509 3520 3521 3538 3531 3562 3593 3597 3601 3542 3544 3545 3542 3544 3564 3591 3627 3634 3649 3642 3634 3629 3623 3591 3581 3576 3571 3563 3559 3560 3569 3568 3578 3592 3602 3616 3653 3673 3680 3684 3691 3672 3666 3676 3680 3689 3696 3721 3753 3766 3769 3761 3754 3742 3728 3713 3688 3663 3649 3634 3621 3593 3562 3535 3504 3494 3479 3461
3382 3405 3423 3440 3456 3485 3525 3536 3554 3572 3582 3593 3625 3549 3550 3544 3561 3580 3588 3595 3611 3608 3609 3602 3605 3612 3580 3584 3594 3603 3609 3627 3664 3666 3675 3670 3651 3649 3645 3641 3632 3614 3612 3605 3597 3593 3597 3597 3608 3611 3630 3675 3676 3691 3707 3720 3720 3716 3715 3715 3714 3724 3735 3759 3788 3787 3774 3764 3751 3738 3718 3705 3691 3673 3650 3645 3627 3596 3575 3538 3505 3489 3474 3462
3370 3391 3417 3437 3456 3492 3521 3531 3545 3566 3587 3611 3636 3656 3619 3659 3670 3657 3647 3644 3639 3650 3676 3687 3662 3655 3641 3647 3642 3639 3650 3660 3681 3694 3703 3709 3708 3718 3716 3693 3714 3708 3646 3639 3629 3622 3627 3631 3633 3646 3681 3694 3715 3721 3727 3753 3756 3762 3752 3760 3763 3757 3754 3795 3796 3790 3784 3766 3741 3723 3712 3699 3692 3678 3652 3648 3619 3593 3576 3558 3516 3495 3478 3466
3336 3363 3386 3416 3444 3482 3513 3527 3543 3561 3583 3608 3631 3653 3678 3697 3720 3733 3734 3691 3683 3758 3775 3784 3788 3735 3718 3708 3673 3671 3664 3702 3707 3726 3720 3713 3731 3726 3725 3726 3727 3728 3726 3714 3658 3656 3650 3694 3690 3694 3704 3714 3722 3730 3747 3763 3779 3787 3785 3784 3782 3777 3793 3793 3797 3794 3781 3756 3738 3721 3708 3693 3677 3655 3653 3615 3587 3583 3570 3564 3547 3511 3494 3466
3322 3336 3358 3394 3445 3463 3493 3519 3534 3553 3575 3596 3625 3647 3670 3692 3716 3735 3740 3749 3765 3779 3810 3820 3827 3827 3756 3755 3751 3745 3749 3763 3767 3759 3759 3753 3745 3749 3762 3761 3753 3752 3744 3738 3727 3714 3703 3700 3703 3710 3719 3732 3732 3741 3763 3782 3807 3816 3806 3805 3800 3799 3801 3803 3804 3798 3782 3754 3736 3716 3701 3681 3668 3657 3623 3594 3588 3580 3569 3557 3543 3517 3495 3464
3309 3329 3339 3384 3428 3454 3477 3502 3520 3541 3563 3583 3606 3632 3655 3680 3710 3728 3745 3762 3780 3816 3832 3830 3839 3855 3856 3853 3812 3802 3806 3821 3828 3802 3790 3783 3778 3785 3783 3799 3798 3776 3761 3751 3739 3729 3725 3723 3727 3728 3729 3744 3746 3757 3776 3805 3822 3835 3839 3824 3822 3819 3822 3818 3808 3799 3778 3757 3742 3716 3703 3685 3665 3643 3619 3600 3582 3570 3554 3539 3523 3506 3487 3462
3297 3320 3336 3374 3409 3435 3460 3477 3500 3523 3544 3568 3595 3621 3645 3667 3690 3718 3736 3759 3785 3823 3828 3840 3852 3859 3866 3870 3866 3872 3898 3899 3900 3851 3809 3795 3795 3810 3807 3812 3796 3792 3772 3761 3757 3745 3743 3742 3744 3743 3751 3754 3772 3783 3809 3821 3838 3843 3852 3853 3840 3836 3833 3824 3823 3807 3776 3771 3753 3737 3718 3692 3661 3641 3620 3589 3575 3559 3537 3518 3502 3486 3471 3453
3293 3319 3341 3364 3384 3413 3436 3459 3484 3512 3532 3553 3585 3613 3637 3657 3672 3689 3723 3745 3766 3804 3833 3835 3850 3863 3875 3883 3900 3907 3916 3919 3913 3901 3855 3839 3832 3830 3828 3816 3802 3792 3778 3762 3756 3749 3750 3761 3763 3769 3789 3787 3791 3804 3819 3836 3842 3852 3856 3865 3860 3858 3853 3835 3822 3820 3797 3784 3757 3738 3719 3704 3662 3652 3622 3589 3571 3554 3530 3512 3485 3467 3454 3438
3274 3315 3345 3357 3377 3399 3423 3446 3471 3498 3525 3548 3580 3606 3625 3642 3659 3671 3696 3734 3758 3777 3821 3827 3840 3857 3886 3901 3910 3922 3952 3955 3950 3912 3897 3861 3855 3850 3835 3822 3804 3795 3761 3759 3752 3750 3761 3767 3774 3787 3798 3816 3818 3819 3839 3848 3849 3861 3861 3871 3875 3873 3865 3851 3835 3830 3816 3801 3772 3756 3734 3703 3684 3665 3646 3617 3587 3558 3536 3497 3482 3469 3438 3418
3255 3302 3344 3356 3372 3392 3413 3436 3462 3486 3512 3540 3562 3596 3620 3633 3630 3651 3693 3711 3740 3759 3787 3816 3824 3848 3887 3912 3925 3947 3960 3966 3959 3947 3913 3885 3864 3851 3845 3833 3801 3766 3758 3749 3740 3737 3736 3765 3785 3795 3810 3834 3851 3853 3863 3865 3863 3866 3874 3879 3882 3880 3866 3865 3868 3862 3844 3824 3801 3775 3752 3728 3701 3689 3667 3626 3606 3592 3529 3490 3491 3445 3416 3405
3283 3327 3343 3360 3375 3393 3411 3427 3449 3472 3504 3530 3548 3552 3595 3615 3624 3628 3644 3689 3731 3759 3784 3794 3820 3836 3881 3916 3931 3949 3958 3963 3961 3951 3948 3912 3884 3857 3855 3833 3803 3757 3739 3692 3700 3703 3696 3739 3777 3791 3818 3852 3876 3892 3886 3871 3875 3878 3886 3892 3886 3876 3878 3873 3868 3871 3865 3844 3823 3808 3785 3761 3730 3683 3687 3647 3625 3592 3539 3504 3498 3445 3422 3398
3307 3338 3348 3362 3377 3388 3405 3418 3436 3456 3495 3522 3538 3545 3582 3594 3627 3627 3646 3681 3710 3739 3759 3775 3795 3841 3864 3902 3915 3940 3964 3963 3967 3963 3951 3951 3905 3897 3856 3861 3803 3746 3679 3669 3665 3671 3693 3706 3753 3775 3826 3873 3888 3905 3899 3901 3891 3890 3896 3892 3891 3890 3873 3875 3882 3889 3877 3862 3844 3826 3804 3785 3767 3735 3690 3658 3629 3588 3542 3518 3497 3454 3413 3392
3310 3337 3353 3368 3379 3389 3399 3410 3427 3447 3476 3510 3531 3542 3568 3590 3611 3627 3660 3674 3709 3744 3736 3760 3788 3832 3858 3892 3922 3936 3951 3971 3971 3974 3968 3953 3958 3914 3894 3869 3808 3741 3666 3646 3603 3604 3659 3700 3716 3781 3812 3879 3915 3934 3923 3931 3929 3934 3908 3900 3899 3900 3909 3919 3921 3925 3900 3891 3865 3849 3833 3811 3772 3755 3702 3669 3629 3608 3550 3528 3491 3447 3413 3394
3297 3322 3354 3370 3383 3391 3398 3405 3422 3444 3473 3502 3525 3540 3564 3590 3603 3627 3658 3676 3705 3729 3737 3750 3771 3798 3852 3884 3918 3934 3941 3957 3963 3967 3962 3962 3962 3925 3900 3875 3805 3730 3653 3611 3594 3584 3603 3647 3701 3759 3800 3894 3942 3998 4003 3977 3967 3957 3943 3941 3923 3927 3959 3966 3952 3956 3929 3911 3901 3864 3852 3819 3784 3749 3708 3680 3636 3625 3590 3534 3486 3447 3421 3398
3279 3291 3336 3363 3376 3386 3393 3405 3424 3448 3471 3505 3526 3537 3570 3586 3603 3631 3653 3670 3698 3725 3739 3751 3768 3792 3831 3887 3908 3922 3932 3931 3955 3964 3966 3962 3952 3932 3891 3875 3797 3725 3616 3581 3551 3567 3587 3594 3661 3718 3806 3892 3998 4017 4044 4046 4041 4037 4037 4038 4035 4008 4013 4005 3989 3987 3990 3966 3919 3900 3883 3870 3809 3789 3730 3699 3662 3642 3597 3542 3510 3452 3438 3405
3258 3291 3328 3347 3362 3375 3386 3402 3429 3456 3470 3487 3528 3525 3562 3577 3598 3633 3650 3663 3720 3732 3745 3748 3768 3787 3812 3852 3892 3914 3917 3927 3936 3945 3944 3945 3931 3903 3873 3838 3758 3649 3574 3555 3554 3543 3537 3604 3646 3719 3803 3919 4018 4050 4070 4100 4111 4121 4117 4124 4076 4048 4026 4031 4025 4018 4006 3990 3964 3915 3898 3885 3872 3811 3760 3726 3695 3640 3603 3588 3519 3487 3448 3410
3246 3280 3325 3338 3349 3364 3376 3394 3420 3452 3469 3470 3487 3520 3540 3574 3604 3629 3642 3666 3725 3728 3740 3750 3766 3790 3813 3837 3863 3891 3895 3897 3930 3925 3905 3909 3909 3883 3858 3807 3709 3606 3573 3556 3549 3548 3552 3574 3625 3710 3796 3936 4038 4077 4111 4129 4148 4159 4164 4160 4136 4092 4075 4076 4049 4038 4020 4009 3973 3940 3900 3902 3882 3842 3771 3755 3718 3679 3643 3604 3561 3502 3478 3444
3246 3261 3299 3326 3339 3353 3365 3382 3413 3436 3462 3451 3473 3503 3532 3559 3589 3637 3644 3650 3680 3725 3723 3746 3765 3772 3790 3811 3832 3855 3856 3879 3884 3878 3880 3873 3878 3858 3848 3802 3699 3599 3578 3568 3565 3566 3567 3602 3624 3715 3793 3970 4073 4103 4139 4152 4161 4173 4171 4158 4164 4171 4125 4074 4080 4045 4032 4023 4000 3968 3939 3907 3893 3862 3834 3765 3746 3703 3685 3641 3578 3541 3487 3472
3243 3251 3280 3302 3325 3339 3353 3369 3403 3437 3419 3426 3456 3496 3544 3556 3581 3630 3637 3647 3674 3689 3715 3725 3761 3766 3777 3780 3810 3807 3813 3842 3838 3832 3843 3840 3843 3844 3806 3746 3689 3622 3607 3573 3575 3585 3613 3633 3680 3752 3870 3962 4072 4137 4148 4160 4170 4184 4188 4205 4211 4183 4169 4119 4074 4081 4052 4027 4022 3990 3961 3935 3905 3875 3865 3820 3760 3741 3710 3680 3668 3569 3536 3494
3238 3247 3265 3290 3308 3324 3339 3356 3382 3403 3397 3419 3449 3488 3533 3572 3586 3599 3619 3636 3648 3673 3675 3712 3726 3756 3753 3751 3764 3770 3766 3760 3756 3783 3790 3804 3808 3799 3743 3724 3682 3661 3622 3607 3605 3615 3635 3660 3676 3769 3883 3970 4079 4142 4144 4167 4181 4191 4205 4222 4227 4212 4179 4164 4126 4111 4081 4051 4025 3999 3982 3968 3947 3917 3874 3866 3845 3824 3750 3712 3682 3668 3570 3537
3236 3242 3254 3275 3292 3306 3321 3339 3356 3362 3379 3397 3444 3477 3538 3566 3582 3597 3598 3620 3619 3618 3623 3663 3723 3721 3734 3727 3716 3719 3716 3718 3734 3732 3775 3772 3771 3750 3734 3728 3699 3678 3661 3632 3637 3637 3672 3691 3771 3870 3907 3984 4058 4132 4142 4157 4183 4191 4220 4215 4230 4226 4202 4169 4151 4133 4107 4085 4049 4015 3994 3989 3961 3942 3922 3895 3875 3853 3827 3754 3708 3695 3647 3616
3231 3238 3245 3257 3275 3285 3303 3319 3335 3345 3365 3388 3435 3470 3531 3558 3580 3579 3588 3593 3586 3585 3587 3617 3662 3717 3718 3714 3702 3695 3691 3654 3660 3656 3723 3718 3733 3726 3727 3722 3710 3695 3672 3667 3656 3691 3713 3746 3834 3905 3936 3982 4059 4112 4134 4144 4157 4185 4195 4218 4228 4212 4203 4172 4151 4140 4108 4094 4061 4043 4009 4000 3986 3977 3981 3955 3914 3893 3858 3823 3752 3715 3699 3673
3225 3230 3235 3244 3259 3276 3283 3295 3308 3327 3342 3377 3430 3470 3506 3546 3553 3574 3565 3570 3570 3548 3551 3566 3580 3637 3677 3677 3671 3651 3648 3634 3637 3641 3652 3686 3699 3718 3714 3722 3712 3699 3691 3699 3704 3721 3741 3765 3859 3891 3933 3973 4002 4060 4115 4127 4147 4142 4170 4190 4197 4208 4200 4168 4147 4127 4103 4088 4059 4040 4021 4015 4012 4016 4002 3988 3974 3959 3936 3854 3791 3753 3723 3713
