terrain/dems/testing/coldaiFlip.asc
ncols        212
nrows        284
xllcorner    12.028750000000
yllcorner    46.322083333333
cellsize     30
[rows 38 to 75 of 284, columns 0 to 83 of 212]
1483 1482 1483 1484 1484 1486 1489 1492 1495 1499 1502 1505 1506 1507 1507 1505 1507 1506 1505 1504 1504 1503 1501 1503 1511 1522 1532 1541 1548 1559 1572 1586 1596 1612 1649 1685 1696 1708 1718 1732 1754 1775 1790 1802 1819 1837 1847 1861 1892 1908 1920 1937 1959 1981 1995 2007 2020 2037 2049 2061 2070 2078 2082 2096 2136 2148 2161 2171 2182 2194 2206 2224 2235 2244 2245 2247 2242 2239 2243 2259 2272 2282 2296 2315
1485 1485 1486 1486 1487 1488 1493 1498 1504 1509 1512 1514 1518 1524 1523 1524 1520 1514 1510 1507 1506 1501 1500 1500 1512 1524 1535 1541 1552 1564 1574 1586 1600 1620 1651 1675 1683 1698 1710 1725 1747 1772 1787 1794 1815 1824 1854 1880 1890 1899 1914 1928 1947 1966 1990 2002 2015 2032 2045 2055 2065 2074 2083 2098 2121 2142 2156 2167 2177 2187 2195 2206 2219 2224 2216 2217 2225 2233 2239 2245 2256 2279 2293 2305
1488 1488 1489 1490 1492 1495 1499 1504 1510 1517 1520 1522 1526 1528 1531 1531 1530 1523 1516 1514 1511 1508 1503 1506 1515 1526 1536 1546 1555 1563 1570 1578 1598 1617 1646 1660 1672 1687 1700 1713 1732 1743 1788 1803 1823 1829 1857 1874 1885 1900 1915 1925 1936 1959 1976 1997 2014 2026 2038 2047 2058 2069 2079 2092 2109 2125 2137 2147 2155 2164 2173 2181 2184 2204 2203 2215 2208 2219 2229 2244 2263 2276 2283 2297
1493 1490 1490 1492 1495 1499 1502 1506 1517 1521 1526 1526 1526 1528 1529 1532 1531 1528 1523 1520 1518 1514 1510 1509 1516 1527 1539 1549 1555 1560 1564 1573 1588 1611 1633 1648 1661 1675 1686 1697 1704 1716 1763 1800 1815 1829 1850 1868 1886 1899 1913 1926 1941 1955 1971 1985 2002 2015 2023 2038 2052 2061 2071 2079 2088 2102 2113 2122 2130 2139 2151 2167 2168 2176 2197 2203 2204 2214 2231 2246 2260 2270 2280 2293
1499 1493 1492 1494 1499 1502 1504 1507 1515 1522 1524 1525 1525 1525 1528 1531 1532 1529 1527 1525 1523 1518 1513 1509 1514 1526 1541 1548 1554 1559 1567 1576 1587 1606 1627 1642 1651 1664 1675 1686 1695 1705 1739 1781 1806 1819 1837 1860 1875 1891 1903 1920 1932 1946 1954 1967 1991 2004 2014 2026 2040 2050 2058 2067 2075 2087 2101 2108 2120 2125 2143 2155 2162 2168 2187 2199 2203 2209 2227 2244 2254 2267 2285 2296
1501 1497 1495 1499 1502 1505 1505 1509 1515 1521 1525 1527 1527 1526 1528 1531 1533 1531 1529 1528 1526 1521 1516 1511 1515 1529 1541 1548 1553 1563 1569 1576 1585 1598 1619 1631 1639 1649 1668 1682 1693 1701 1721 1760 1798 1811 1821 1841 1857 1870 1885 1902 1915 1926 1940 1960 1985 1999 2010 2020 2026 2035 2052 2064 2081 2093 2100 2094 2105 2116 2134 2144 2159 2167 2184 2188 2198 2213 2222 2238 2249 2264 2272 2286
1505 1501 1498 1500 1503 1505 1507 1510 1517 1525 1529 1530 1530 1530 1531 1534 1534 1533 1531 1530 1529 1525 1518 1514 1517 1532 1540 1546 1552 1561 1568 1573 1579 1591 1606 1617 1625 1640 1665 1685 1694 1701 1723 1758 1788 1804 1815 1825 1838 1851 1864 1883 1898 1916 1938 1958 1986 1997 2005 2012 2019 2018 2034 2088 2073 2075 2083 2091 2104 2112 2125 2135 2146 2164 2180 2197 2199 2209 2218 2239 2249 2252 2257 2268
1514 1509 1508 1507 1507 1508 1509 1513 1520 1530 1533 1535 1538 1536 1538 1538 1536 1534 1532 1532 1532 1528 1522 1519 1525 1534 1542 1544 1549 1558 1564 1573 1580 1588 1598 1605 1616 1633 1661 1688 1695 1702 1723 1756 1775 1792 1801 1813 1825 1838 1851 1868 1886 1901 1924 1949 1974 1990 1982 1995 2006 2032 2053 2061 2069 2076 2078 2091 2106 2119 2127 2136 2149 2164 2176 2186 2196 2208 2218 2234 2243 2245 2249 2257
1521 1519 1518 1516 1517 1518 1518 1519 1525 1535 1539 1543 1544 1544 1542 1541 1539 1536 1536 1534 1531 1528 1524 1523 1528 1537 1540 1544 1549 1554 1566 1577 1583 1588 1595 1603 1614 1629 1654 1687 1697 1708 1716 1732 1761 1775 1789 1799 1816 1826 1838 1856 1871 1890 1909 1937 1951 1962 1973 1988 2005 2024 2044 2051 2067 2068 2071 2082 2098 2114 2127 2133 2142 2156 2170 2183 2195 2203 2212 2223 2237 2240 2247 2259
1526 1527 1527 1528 1527 1526 1526 1525 1530 1536 1544 1548 1547 1546 1546 1544 1543 1541 1538 1533 1530 1528 1526 1526 1528 1533 1539 1545 1551 1558 1568 1578 1585 1589 1594 1601 1613 1623 1643 1680 1697 1708 1718 1732 1753 1774 1789 1803 1813 1820 1823 1836 1847 1870 1914 1934 1938 1961 1975 1980 1995 2014 2038 2055 2059 2067 2074 2078 2091 2105 2123 2132 2141 2154 2167 2179 2190 2199 2209 2221 2232 2248 2253 2264
1533 1536 1539 1538 1534 1531 1529 1531 1534 1539 1545 1549 1550 1550 1548 1548 1547 1546 1541 1536 1532 1528 1526 1525 1525 1530 1538 1545 1551 1559 1566 1576 1584 1588 1592 1601 1611 1624 1643 1673 1700 1705 1717 1738 1761 1772 1790 1807 1822 1818 1819 1830 1841 1875 1931 1934 1936 1955 1969 1979 1998 2016 2036 2048 2047 2054 2063 2073 2086 2099 2115 2129 2139 2148 2166 2185 2194 2203 2212 2219 2226 2252 2258 2269
1540 1546 1546 1544 1540 1537 1539 1540 1541 1542 1545 1551 1553 1553 1551 1550 1550 1548 1542 1536 1531 1527 1524 1523 1524 1528 1536 1544 1551 1558 1564 1572 1580 1588 1596 1604 1616 1627 1640 1658 1680 1694 1705 1742 1758 1762 1782 1799 1817 1820 1826 1836 1840 1873 1924 1930 1935 1961 1969 1976 1996 2012 2035 2049 2049 2045 2058 2072 2086 2099 2110 2130 2141 2147 2168 2182 2191 2202 2211 2220 2230 2252 2264 2274
1547 1549 1551 1549 1547 1545 1545 1548 1546 1545 1548 1553 1555 1555 1553 1553 1550 1546 1541 1534 1530 1524 1524 1523 1525 1530 1536 1541 1549 1557 1563 1570 1580 1590 1600 1612 1622 1634 1644 1658 1664 1667 1695 1745 1755 1761 1777 1781 1817 1826 1833 1840 1841 1874 1910 1924 1932 1955 1961 1971 1984 2003 2028 2043 2044 2055 2048 2064 2079 2097 2123 2132 2140 2154 2169 2189 2205 2217 2225 2237 2250 2260 2270 2289
1554 1555 1557 1556 1554 1551 1551 1551 1550 1550 1552 1555 1556 1556 1554 1552 1550 1546 1542 1538 1532 1529 1526 1527 1528 1532 1536 1541 1549 1558 1565 1571 1578 1587 1600 1614 1627 1638 1649 1660 1664 1682 1713 1726 1749 1765 1773 1800 1815 1836 1833 1842 1849 1868 1893 1922 1934 1950 1960 1970 1978 1992 2016 2035 2049 2050 2048 2058 2070 2085 2101 2128 2138 2149 2173 2188 2208 2217 2227 2239 2256 2261 2270 2287
1557 1557 1559 1559 1556 1552 1552 1553 1553 1553 1555 1557 1557 1554 1551 1550 1548 1546 1544 1542 1540 1536 1532 1532 1533 1535 1538 1542 1548 1557 1564 1570 1575 1586 1599 1615 1629 1636 1643 1657 1672 1693 1717 1742 1754 1768 1777 1790 1812 1826 1835 1838 1853 1868 1892 1903 1921 1941 1947 1958 1972 1986 2016 2036 2051 2050 2055 2075 2089 2108 2115 2123 2131 2148 2170 2186 2196 2215 2229 2244 2244 2251 2258 2273
1559 1560 1562 1561 1558 1554 1554 1556 1556 1554 1557 1558 1556 1552 1551 1549 1547 1546 1546 1548 1547 1544 1542 1537 1536 1535 1538 1542 1548 1555 1563 1569 1575 1587 1604 1620 1632 1641 1652 1664 1677 1699 1725 1743 1756 1770 1784 1795 1804 1820 1821 1832 1841 1864 1887 1902 1918 1936 1948 1963 1979 1995 2024 2046 2049 2060 2069 2084 2106 2112 2119 2121 2133 2147 2167 2183 2191 2205 2216 2229 2241 2244 2252 2266
1567 1567 1569 1566 1561 1559 1559 1561 1560 1560 1561 1561 1558 1554 1552 1551 1549 1547 1548 1551 1552 1552 1549 1546 1542 1540 1544 1548 1553 1559 1566 1572 1581 1591 1608 1626 1639 1651 1661 1671 1691 1714 1735 1753 1761 1769 1778 1790 1800 1810 1822 1835 1845 1861 1883 1903 1924 1941 1957 1968 1983 1996 2026 2048 2066 2078 2085 2097 2115 2128 2122 2128 2143 2158 2165 2178 2185 2209 2220 2229 2241 2252 2262 2276
1573 1573 1573 1569 1565 1563 1563 1565 1566 1565 1565 1564 1559 1556 1554 1553 1552 1550 1548 1549 1552 1556 1556 1554 1553 1553 1553 1555 1559 1566 1573 1580 1589 1603 1619 1636 1650 1661 1671 1682 1697 1717 1742 1762 1768 1773 1781 1790 1800 1810 1819 1827 1846 1864 1885 1905 1924 1948 1955 1967 1983 2001 2033 2046 2069 2085 2090 2106 2118 2124 2141 2148 2154 2159 2181 2192 2227 2225 2223 2236 2254 2261 2269 2280
1574 1575 1575 1571 1568 1567 1568 1570 1570 1569 1569 1567 1564 1558 1554 1555 1554 1551 1548 1550 1556 1559 1561 1560 1559 1557 1556 1558 1563 1571 1580 1588 1597 1611 1627 1642 1655 1670 1684 1699 1714 1732 1752 1763 1771 1778 1785 1798 1809 1813 1818 1827 1849 1881 1903 1912 1929 1952 1962 1972 1987 2001 2028 2052 2069 2078 2093 2109 2131 2137 2147 2156 2165 2179 2194 2223 2233 2235 2240 2257 2263 2267 2270 2274
1576 1576 1575 1572 1570 1571 1574 1577 1576 1573 1573 1570 1565 1559 1556 1556 1556 1556 1558 1559 1561 1565 1566 1566 1566 1566 1568 1569 1572 1579 1587 1595 1609 1624 1635 1647 1662 1681 1701 1717 1728 1741 1753 1764 1774 1784 1797 1808 1815 1816 1814 1845 1893 1891 1905 1916 1919 1944 1963 1981 1999 2009 2028 2040 2052 2074 2082 2099 2128 2133 2147 2162 2166 2182 2198 2222 2232 2239 2247 2253 2255 2260 2265 2269
1580 1579 1576 1576 1575 1577 1580 1581 1582 1580 1576 1570 1566 1561 1559 1560 1561 1565 1567 1569 1570 1570 1570 1571 1574 1581 1584 1584 1585 1588 1596 1604 1615 1625 1636 1650 1669 1691 1709 1725 1738 1750 1762 1773 1786 1800 1813 1823 1829 1833 1847 1864 1881 1893 1910 1913 1921 1941 1966 1982 2000 2014 2023 2032 2041 2053 2064 2082 2105 2122 2137 2158 2164 2176 2195 2205 2221 2229 2238 2243 2247 2252 2252 2259
1587 1584 1582 1581 1580 1580 1581 1583 1584 1582 1580 1576 1570 1565 1564 1565 1570 1574 1577 1578 1578 1576 1574 1577 1586 1591 1594 1597 1601 1604 1607 1610 1616 1623 1635 1654 1681 1707 1721 1737 1751 1763 1775 1783 1793 1805 1820 1834 1840 1848 1858 1869 1880 1901 1910 1914 1927 1934 1965 1990 1994 2004 2011 2022 2036 2048 2060 2070 2103 2109 2123 2143 2158 2166 2181 2191 2204 2217 2227 2238 2241 2243 2246 2253
1595 1590 1587 1586 1584 1582 1582 1584 1584 1584 1581 1578 1575 1571 1571 1574 1577 1582 1585 1588 1588 1587 1587 1590 1593 1599 1603 1605 1608 1611 1612 1615 1618 1623 1629 1649 1682 1707 1725 1742 1759 1771 1780 1791 1803 1815 1825 1837 1850 1859 1866 1875 1886 1901 1915 1928 1941 1953 1972 1989 2003 2007 2016 2028 2033 2045 2058 2067 2088 2105 2116 2126 2149 2156 2170 2185 2197 2210 2220 2231 2239 2240 2244 2249
1598 1595 1589 1585 1583 1581 1582 1583 1584 1581 1579 1576 1574 1574 1576 1580 1585 1589 1592 1595 1598 1600 1601 1603 1605 1606 1609 1613 1615 1616 1619 1623 1628 1632 1647 1670 1689 1708 1729 1749 1763 1774 1786 1800 1814 1826 1837 1847 1854 1860 1865 1875 1889 1906 1923 1936 1949 1963 1975 1991 2011 2009 2025 2029 2036 2048 2066 2081 2091 2101 2111 2117 2143 2154 2158 2182 2189 2198 2209 2219 2229 2235 2240 2244
1595 1590 1585 1581 1579 1579 1580 1582 1582 1580 1576 1573 1575 1578 1584 1590 1595 1602 1607 1612 1614 1611 1612 1612 1612 1614 1616 1620 1621 1621 1624 1631 1638 1651 1666 1682 1699 1715 1735 1757 1772 1784 1795 1806 1819 1830 1840 1847 1856 1864 1874 1886 1900 1917 1932 1945 1959 1973 1986 1996 2010 2023 2036 2049 2051 2063 2082 2093 2101 2106 2114 2123 2144 2159 2171 2174 2185 2193 2202 2211 2218 2226 2233 2240
1592 1586 1579 1576 1576 1579 1581 1581 1580 1578 1576 1576 1581 1589 1596 1602 1607 1613 1619 1624 1626 1623 1619 1617 1618 1618 1621 1625 1627 1629 1630 1636 1648 1663 1681 1695 1708 1723 1741 1759 1774 1785 1796 1810 1824 1837 1849 1861 1871 1878 1887 1899 1911 1923 1937 1951 1964 1975 1989 2004 2019 2035 2046 2054 2065 2076 2086 2094 2105 2112 2117 2129 2140 2154 2165 2179 2186 2192 2199 2206 2215 2223 2231 2239
1591 1582 1577 1576 1580 1582 1583 1580 1577 1576 1578 1583 1591 1598 1605 1613 1619 1626 1630 1635 1636 1631 1627 1624 1624 1626 1628 1631 1634 1635 1639 1644 1656 1675 1690 1702 1716 1732 1752 1770 1778 1788 1802 1815 1828 1843 1860 1872 1880 1886 1892 1903 1919 1933 1945 1957 1969 1983 2000 2015 2029 2037 2045 2057 2072 2081 2088 2092 2098 2114 2120 2131 2140 2152 2166 2176 2182 2188 2196 2206 2217 2227 2233 2237
1590 1581 1579 1581 1583 1584 1583 1580 1579 1580 1584 1590 1597 1604 1613 1623 1631 1639 1645 1645 1643 1637 1633 1633 1635 1635 1635 1635 1637 1642 1647 1654 1666 1684 1700 1712 1727 1746 1760 1769 1780 1793 1808 1822 1838 1855 1868 1877 1885 1890 1899 1911 1922 1934 1945 1958 1972 1986 2000 2016 2031 2038 2044 2055 2067 2078 2087 2093 2100 2109 2117 2125 2134 2146 2161 2169 2175 2183 2191 2204 2216 2223 2228 2239
1594 1586 1581 1582 1582 1583 1582 1582 1584 1587 1592 1597 1605 1614 1622 1630 1639 1647 1651 1651 1646 1641 1638 1637 1639 1641 1640 1642 1644 1647 1652 1663 1680 1690 1699 1711 1726 1744 1758 1765 1776 1793 1811 1832 1849 1861 1872 1880 1888 1897 1906 1915 1925 1935 1947 1961 1974 1986 2000 2014 2027 2037 2047 2057 2066 2074 2081 2088 2098 2107 2115 2121 2130 2140 2152 2161 2168 2176 2188 2202 2213 2222 2232 2243
1601 1592 1587 1585 1584 1584 1585 1586 1590 1596 1602 1608 1615 1623 1631 1637 1643 1651 1656 1656 1652 1646 1641 1641 1643 1645 1648 1650 1653 1656 1664 1674 1683 1692 1701 1714 1736 1752 1758 1768 1785 1804 1826 1841 1853 1866 1876 1884 1891 1900 1909 1915 1920 1932 1949 1963 1973 1983 1995 2010 2025 2039 2049 2057 2065 2071 2076 2082 2092 2103 2112 2120 2130 2142 2152 2161 2170 2180 2193 2208 2219 2230 2240 2250
1601 1595 1591 1590 1589 1589 1590 1592 1595 1602 1610 1614 1620 1631 1638 1648 1654 1661 1665 1663 1659 1653 1651 1652 1653 1654 1656 1658 1663 1669 1672 1681 1692 1698 1705 1719 1732 1749 1770 1783 1797 1815 1826 1836 1851 1867 1878 1886 1894 1903 1912 1919 1928 1939 1951 1964 1976 1988 2000 2014 2030 2042 2051 2058 2064 2070 2077 2084 2092 2099 2106 2115 2125 2139 2154 2167 2176 2191 2207 2216 2228 2234 2243 2253
1605 1598 1593 1592 1591 1592 1594 1595 1600 1608 1615 1620 1625 1634 1644 1655 1665 1670 1671 1667 1663 1661 1661 1663 1665 1667 1668 1672 1677 1677 1678 1686 1696 1706 1715 1722 1733 1753 1772 1786 1799 1813 1826 1836 1849 1867 1880 1887 1896 1906 1917 1926 1934 1944 1954 1965 1976 1990 2007 2023 2034 2044 2052 2059 2068 2075 2080 2086 2094 2102 2116 2127 2135 2149 2167 2181 2191 2203 2213 2222 2230 2237 2242 2250
1612 1602 1595 1592 1593 1596 1599 1601 1605 1614 1621 1626 1633 1640 1649 1660 1666 1670 1670 1668 1666 1664 1665 1670 1676 1680 1682 1683 1687 1691 1693 1695 1703 1711 1716 1727 1747 1762 1773 1786 1805 1825 1836 1846 1861 1873 1883 1894 1904 1912 1922 1931 1940 1949 1959 1970 1983 1996 2010 2022 2032 2043 2053 2062 2070 2077 2085 2092 2102 2114 2127 2142 2157 2172 2183 2192 2198 2207 2217 2226 2234 2240 2244 2276
1614 1606 1599 1596 1597 1601 1603 1606 1611 1619 1626 1633 1640 1647 1656 1665 1670 1673 1673 1672 1671 1669 1671 1675 1682 1685 1686 1689 1695 1701 1704 1706 1708 1713 1727 1743 1756 1770 1785 1801 1821 1839 1848 1858 1869 1881 1892 1902 1909 1917 1926 1937 1948 1957 1968 1979 1989 1999 2009 2020 2030 2041 2053 2065 2075 2083 2090 2105 2119 2130 2143 2160 2175 2184 2192 2198 2204 2212 2221 2228 2235 2243 2268 2291
1614 1607 1603 1602 1604 1609 1612 1616 1622 1629 1636 1643 1653 1661 1668 1675 1681 1682 1681 1682 1681 1678 1677 1680 1684 1686 1688 1692 1696 1700 1703 1705 1708 1718 1731 1747 1762 1775 1792 1811 1825 1839 1854 1867 1877 1887 1897 1905 1913 1921 1933 1946 1955 1964 1975 1987 1994 2002 2011 2021 2032 2044 2058 2070 2080 2091 2105 2117 2127 2141 2158 2172 2181 2189 2199 2205 2210 2215 2220 2258 2265 2269 2290 2308
1613 1606 1604 1604 1609 1615 1621 1626 1633 1640 1645 1654 1666 1674 1680 1686 1689 1692 1692 1691 1690 1688 1685 1686 1687 1689 1690 1691 1693 1697 1700 1706 1713 1721 1735 1748 1761 1781 1802 1814 1826 1844 1861 1870 1880 1894 1906 1914 1923 1937 1949 1958 1967 1975 1982 1991 2000 2007 2014 2024 2037 2052 2064 2073 2089 2106 2116 2123 2128 2139 2149 2164 2180 2190 2202 2199 2208 2235 2257 2268 2273 2300 2314 2319
1612 1608 1606 1609 1613 1621 1623 1629 1635 1643 1651 1665 1678 1686 1691 1696 1699 1699 1699 1698 1697 1695 1693 1691 1693 1693 1693 1693 1694 1695 1701 1706 1717 1729 1737 1748 1767 1783 1794 1807 1825 1843 1855 1868 1884 1899 1908 1918 1931 1945 1958 1968 1976 1984 1991 1998 2007 2013 2018 2029 2041 2050 2061 2071 2086 2107 2122 2129 2136 2143 2151 2160 2172 2189 2190 2201 2213 2238 2260 2270 2282 2308 2326 2332
1615 1613 1612 1616 1623 1628 1627 1636 1646 1657 1671 1684 1692 1698 1702 1703 1704 1702 1702 1702 1700 1698 1695 1695 1696 1696 1697 1696 1697 1699 1703 1710 1720 1730 1741 1756 1770 1782 1795 1809 1827 1844 1860 1875 1888 1901 1913 1925 1939 1952 1961 1970 1981 1991 1997 2003 2010 2018 2024 2034 2049 2060 2067 2074 2089 2102 2116 2130 2138 2146 2153 2163 2177 2181 2193 2206 2218 2230 2264 2272 2286 2292 2320 2336
