terrain/dems/testing/coldaiFlip.asc
ncols        212
nrows        284
xllcorner    12.028750000000
yllcorner    46.322083333333
cellsize     30
[rows 38 to 75 of 284, columns 84 to 167 of 212]
2324 2335 2348 2364 2386 2399 2403 2400 2419 2446 2451 2468 2476 2494 2511 2540 2556 2564 2570 2559 2509 2449 2400 2388 2348 2322 2284 2216 2200 2196 2175 2160 2148 2137 2127 2117 2111 2098 2089 2080 2076 2066 2057 2052 2049 2043 2036 2026 2016 2005 1993 1981 1967 1957 1947 1936 1926 1912 1900 1896 1903 1906 1899 1897 1893 1888 1881 1882 1879 1874 1865 1858 1848 1836 1832 1835 1844 1856 1824 1816 1809 1801 1792 1785
2313 2326 2342 2368 2388 2400 2406 2416 2421 2440 2455 2468 2481 2501 2515 2534 2555 2574 2570 2566 2556 2494 2448 2401 2367 2353 2300 2275 2210 2197 2195 2174 2159 2148 2136 2126 2117 2108 2096 2089 2081 2070 2061 2055 2046 2038 2030 2021 2010 2000 1989 1976 1965 1954 1946 1938 1928 1918 1902 1902 1907 1911 1909 1906 1906 1907 1896 1895 1892 1890 1885 1876 1867 1858 1855 1854 1856 1861 1842 1836 1825 1819 1806 1802
2315 2332 2349 2367 2381 2396 2413 2419 2424 2434 2447 2458 2481 2498 2503 2526 2549 2562 2571 2568 2554 2522 2482 2441 2408 2371 2360 2305 2271 2237 2214 2187 2170 2159 2146 2136 2125 2112 2100 2090 2082 2073 2064 2054 2043 2033 2024 2014 2003 1992 1982 1972 1961 1948 1940 1932 1925 1911 1903 1907 1914 1921 1922 1919 1919 1915 1910 1909 1906 1908 1904 1894 1888 1880 1881 1875 1871 1872 1874 1858 1846 1842 1831 1829
2313 2333 2349 2364 2376 2385 2407 2409 2417 2426 2444 2460 2477 2495 2510 2515 2545 2552 2562 2572 2561 2566 2527 2485 2423 2409 2369 2359 2302 2272 2249 2222 2192 2166 2156 2143 2134 2120 2106 2096 2086 2075 2065 2055 2042 2031 2019 2009 1997 1987 1976 1966 1951 1942 1934 1927 1916 1909 1908 1911 1929 1935 1938 1933 1931 1928 1928 1925 1925 1924 1919 1910 1905 1899 1898 1892 1886 1885 1887 1892 1872 1865 1858 1864
2310 2320 2336 2356 2375 2388 2400 2410 2418 2425 2439 2459 2477 2487 2503 2522 2532 2550 2566 2576 2586 2586 2574 2513 2477 2426 2406 2367 2340 2298 2278 2251 2218 2197 2159 2149 2135 2124 2113 2102 2092 2079 2068 2058 2047 2032 2020 2008 1995 1983 1971 1961 1952 1942 1932 1924 1914 1910 1910 1914 1940 1949 1950 1946 1943 1944 1943 1942 1940 1936 1931 1924 1918 1916 1915 1907 1903 1901 1902 1903 1896 1897 1896 1901
2296 2312 2329 2344 2363 2381 2403 2411 2423 2426 2441 2453 2472 2494 2513 2516 2537 2560 2578 2604 2604 2597 2580 2577 2501 2459 2417 2384 2353 2333 2286 2275 2241 2208 2177 2156 2135 2122 2113 2104 2095 2087 2076 2069 2059 2042 2026 2010 1997 1981 1972 1963 1957 1946 1936 1926 1922 1916 1917 1927 1949 1958 1962 1958 1956 1957 1958 1962 1954 1953 1943 1939 1935 1936 1932 1929 1920 1918 1917 1918 1920 1915 1917 1923
2280 2305 2333 2349 2356 2381 2400 2410 2422 2430 2445 2460 2478 2498 2514 2528 2555 2574 2598 2607 2612 2596 2597 2574 2538 2498 2441 2411 2380 2349 2309 2290 2255 2226 2195 2161 2146 2136 2114 2102 2096 2088 2082 2075 2069 2053 2034 2019 2003 1991 1979 1973 1965 1956 1946 1939 1939 1936 1929 1945 1958 1979 1977 1976 1972 1976 1976 1975 1968 1964 1957 1956 1956 1951 1948 1942 1937 1932 1929 1930 1934 1941 1927 1936
2272 2294 2314 2337 2351 2368 2395 2412 2426 2447 2462 2470 2485 2499 2516 2531 2552 2573 2591 2606 2600 2596 2588 2577 2558 2527 2482 2430 2394 2366 2328 2297 2267 2240 2202 2166 2142 2133 2123 2104 2094 2086 2081 2075 2069 2059 2042 2028 2016 2004 1993 1983 1978 1967 1956 1951 1948 1953 1952 1968 1977 1991 1992 1990 1990 1991 1995 1988 1981 1977 1976 1971 1966 1962 1959 1955 1953 1948 1942 1942 1943 1951 1952 1953
2276 2295 2309 2328 2337 2359 2388 2409 2420 2440 2457 2465 2480 2489 2511 2533 2544 2550 2572 2590 2591 2591 2593 2579 2567 2533 2528 2475 2429 2384 2357 2315 2282 2236 2206 2177 2143 2134 2122 2114 2094 2085 2078 2072 2069 2066 2055 2040 2026 2015 2000 1990 1983 1975 1968 1962 1964 1967 1977 1989 1988 1989 1996 1995 1995 1999 2002 2004 1994 1993 1988 1984 1977 1968 1970 1972 1971 1968 1963 1962 1962 1959 1965 1964
2278 2293 2311 2324 2334 2359 2381 2397 2410 2425 2440 2456 2475 2488 2491 2512 2527 2540 2550 2570 2578 2592 2585 2575 2560 2548 2523 2471 2443 2395 2364 2335 2297 2265 2239 2195 2164 2142 2127 2113 2097 2086 2078 2071 2070 2070 2064 2054 2039 2026 2012 2000 1994 1990 1982 1976 1980 1989 1996 2000 1996 1999 1999 1997 1998 2001 2006 2009 2005 2002 2000 2002 1992 1987 1984 1985 1988 1983 1985 1981 1983 1979 1986 1995
2284 2291 2309 2323 2331 2340 2359 2376 2391 2401 2422 2436 2454 2472 2485 2496 2490 2506 2520 2539 2539 2565 2571 2574 2567 2544 2520 2494 2464 2444 2392 2347 2307 2271 2258 2227 2191 2154 2129 2112 2101 2089 2080 2073 2070 2069 2065 2059 2052 2042 2033 2021 2013 2005 1999 1991 1995 1998 2004 2003 2003 2003 2002 1999 2005 2008 2013 2013 2011 2006 2011 2012 2012 2003 2007 2002 2002 1999 1997 1996 1994 1999 2004 2009
2285 2296 2306 2317 2332 2345 2352 2370 2377 2387 2405 2422 2440 2457 2469 2480 2479 2492 2502 2503 2501 2533 2563 2569 2551 2539 2513 2501 2493 2451 2432 2363 2308 2291 2268 2242 2204 2177 2158 2124 2100 2090 2081 2074 2068 2065 2064 2061 2055 2052 2045 2037 2023 2017 2007 2001 2000 2003 2006 2004 2004 2003 2001 2002 2008 2013 2013 2014 2009 2007 2011 2015 2015 2017 2018 2019 2016 2015 2012 2009 2012 2014 2013 2015
2295 2300 2308 2317 2327 2343 2354 2362 2369 2379 2393 2412 2427 2444 2456 2470 2479 2485 2491 2490 2495 2496 2532 2543 2534 2534 2512 2508 2498 2474 2452 2415 2340 2301 2274 2242 2227 2204 2173 2153 2133 2090 2083 2074 2066 2061 2062 2060 2056 2054 2049 2041 2030 2023 2013 2006 2005 2008 2008 2007 2006 2004 2003 2004 2008 2009 2011 2011 2006 2005 2010 2014 2017 2021 2023 2023 2022 2022 2020 2019 2018 2017 2018 2019
2296 2306 2311 2314 2322 2332 2343 2355 2362 2374 2388 2400 2413 2429 2442 2456 2469 2476 2483 2494 2489 2501 2522 2535 2535 2533 2523 2513 2508 2496 2476 2446 2397 2342 2312 2274 2243 2221 2183 2164 2132 2093 2085 2072 2063 2060 2060 2057 2054 2052 2048 2038 2032 2025 2018 2011 2009 2009 2009 2008 2008 2009 2007 2009 2009 2008 2008 2006 2003 2003 2010 2015 2017 2021 2022 2020 2021 2021 2021 2018 2016 2015 2015 2013
2287 2302 2316 2321 2319 2334 2342 2353 2363 2376 2379 2393 2405 2423 2428 2445 2459 2472 2482 2488 2496 2506 2521 2534 2537 2538 2527 2518 2524 2521 2522 2473 2456 2403 2338 2307 2269 2245 2213 2175 2147 2122 2090 2074 2062 2059 2057 2053 2050 2047 2041 2034 2030 2025 2020 2013 2010 2009 2009 2009 2011 2014 2017 2016 2014 2010 2006 2002 1999 2002 2010 2016 2019 2020 2019 2018 2016 2019 2019 2017 2014 2012 2010 2007
2282 2296 2311 2318 2321 2333 2339 2348 2359 2368 2375 2389 2403 2423 2431 2441 2455 2467 2475 2488 2505 2512 2519 2539 2553 2551 2537 2528 2528 2540 2538 2526 2510 2451 2430 2340 2313 2292 2256 2209 2169 2138 2093 2077 2070 2059 2053 2048 2044 2041 2036 2031 2027 2024 2017 2013 2011 2009 2008 2010 2015 2020 2023 2021 2017 2013 2007 2002 2000 2002 2010 2015 2017 2021 2021 2018 2018 2017 2016 2014 2011 2009 2007 2004
2286 2294 2309 2313 2316 2324 2329 2339 2349 2361 2371 2381 2406 2422 2432 2442 2456 2467 2479 2488 2498 2512 2539 2557 2556 2545 2548 2548 2548 2551 2559 2563 2542 2521 2452 2444 2382 2344 2325 2249 2207 2164 2155 2134 2114 2058 2048 2043 2039 2035 2031 2027 2025 2021 2017 2014 2015 2014 2012 2015 2020 2026 2024 2022 2020 2016 2012 2007 2003 2005 2007 2009 2012 2018 2021 2020 2018 2017 2014 2012 2008 2005 2004 2003
2288 2293 2301 2307 2308 2313 2321 2327 2340 2354 2360 2388 2410 2427 2438 2438 2452 2470 2481 2490 2499 2533 2557 2565 2574 2576 2579 2580 2581 2585 2590 2589 2590 2583 2536 2487 2485 2456 2433 2435 2308 2279 2239 2179 2140 2105 2088 2090 2063 2032 2028 2026 2024 2023 2020 2020 2021 2020 2019 2022 2025 2024 2021 2023 2023 2021 2018 2012 2007 2004 2005 2005 2006 2012 2015 2016 2016 2015 2013 2010 2007 2004 2004 2009
2276 2282 2290 2295 2296 2293 2298 2308 2324 2342 2358 2383 2416 2432 2436 2439 2448 2453 2484 2483 2522 2548 2565 2576 2583 2585 2603 2603 2590 2596 2599 2639 2634 2637 2601 2571 2530 2524 2463 2429 2431 2307 2278 2256 2215 2171 2143 2102 2086 2083 2065 2027 2027 2025 2024 2024 2024 2024 2025 2025 2024 2023 2025 2025 2026 2024 2021 2015 2008 2004 2003 2003 2005 2009 2011 2011 2011 2012 2012 2010 2009 2010 2011 2021
2268 2276 2283 2284 2279 2290 2291 2297 2314 2334 2356 2389 2407 2434 2438 2435 2443 2457 2490 2527 2538 2570 2577 2582 2593 2599 2632 2643 2669 2681 2700 2703 2688 2669 2640 2593 2576 2535 2521 2462 2428 2395 2350 2336 2297 2223 2169 2160 2162 2093 2093 2071 2030 2032 2025 2024 2025 2025 2025 2024 2023 2024 2024 2026 2025 2024 2021 2016 2009 2005 2005 2006 2009 2011 2014 2011 2013 2010 2012 2013 2020 2023 2031 2040
2264 2269 2273 2277 2281 2283 2286 2293 2315 2344 2372 2386 2408 2424 2436 2435 2453 2471 2521 2529 2553 2578 2587 2608 2606 2632 2668 2693 2713 2756 2763 2721 2722 2714 2662 2641 2639 2643 2565 2534 2463 2461 2392 2376 2364 2346 2244 2213 2167 2176 2120 2092 2073 2033 2026 2027 2024 2023 2023 2022 2021 2021 2022 2022 2023 2022 2021 2017 2013 2012 2012 2014 2018 2024 2025 2027 2029 2030 2026 2038 2039 2046 2052 2059
2259 2264 2267 2270 2274 2280 2287 2306 2327 2344 2372 2392 2405 2417 2438 2445 2466 2483 2526 2550 2575 2599 2600 2629 2640 2679 2724 2754 2758 2773 2781 2785 2782 2734 2728 2734 2727 2701 2660 2584 2539 2483 2456 2450 2408 2391 2344 2253 2231 2179 2175 2116 2103 2076 2038 2038 2032 2024 2022 2022 2021 2023 2021 2025 2023 2026 2024 2022 2021 2023 2026 2027 2031 2036 2043 2046 2058 2050 2057 2057 2063 2062 2069 2068
2253 2257 2263 2269 2276 2284 2293 2315 2327 2350 2366 2388 2405 2427 2451 2458 2483 2519 2551 2579 2603 2619 2626 2663 2698 2730 2763 2797 2794 2835 2828 2818 2813 2811 2758 2758 2796 2792 2718 2673 2599 2577 2559 2479 2475 2445 2394 2349 2289 2245 2183 2186 2121 2104 2078 2054 2039 2043 2018 2021 2030 2030 2032 2031 2031 2032 2031 2030 2031 2033 2037 2038 2040 2040 2045 2052 2056 2055 2057 2062 2064 2066 2066 2069
2249 2257 2265 2276 2284 2291 2301 2309 2334 2349 2366 2384 2415 2457 2455 2488 2519 2552 2584 2613 2636 2667 2699 2737 2762 2796 2829 2831 2848 2859 2897 2892 2870 2853 2851 2846 2837 2813 2789 2741 2666 2669 2583 2577 2523 2515 2504 2430 2344 2296 2260 2192 2182 2172 2118 2102 2084 2067 2059 2054 2050 2040 2037 2036 2038 2040 2039 2039 2039 2042 2045 2046 2045 2041 2045 2048 2052 2052 2054 2057 2060 2060 2061 2063
2247 2257 2268 2277 2286 2297 2308 2314 2332 2346 2359 2388 2428 2459 2486 2514 2528 2578 2623 2647 2667 2721 2775 2809 2822 2862 2868 2880 2904 2916 2968 2963 2957 2894 2878 2884 2889 2861 2833 2785 2746 2713 2676 2641 2602 2556 2554 2497 2427 2341 2293 2259 2255 2214 2181 2133 2121 2115 2117 2112 2100 2085 2070 2036 2045 2044 2045 2045 2047 2049 2054 2056 2052 2051 2048 2050 2052 2052 2053 2058 2058 2058 2056 2061
2246 2254 2266 2277 2284 2295 2305 2317 2332 2344 2361 2402 2441 2482 2514 2530 2582 2619 2666 2688 2739 2775 2813 2825 2864 2877 2907 2907 2936 2974 2975 2976 2982 2986 2937 2890 2893 2890 2858 2829 2811 2781 2710 2693 2655 2597 2572 2566 2510 2465 2364 2300 2280 2250 2208 2198 2184 2180 2178 2173 2152 2155 2114 2110 2054 2055 2050 2056 2058 2059 2064 2063 2062 2059 2056 2055 2056 2057 2060 2062 2063 2060 2060 2059
2247 2260 2270 2278 2284 2289 2303 2315 2336 2340 2395 2405 2448 2508 2529 2567 2622 2670 2694 2740 2781 2814 2817 2845 2879 2900 2915 2932 2957 2968 2985 2994 3008 3014 3020 3014 3009 2981 2917 2863 2852 2816 2784 2736 2686 2659 2649 2608 2572 2506 2467 2400 2336 2296 2276 2244 2243 2265 2261 2247 2239 2198 2166 2154 2128 2116 2078 2080 2064 2067 2066 2064 2064 2064 2063 2064 2064 2063 2065 2066 2065 2065 2063 2063
2250 2260 2270 2280 2289 2301 2305 2312 2330 2365 2409 2444 2476 2511 2570 2630 2674 2685 2722 2783 2820 2821 2840 2861 2893 2903 2938 2957 2962 2980 2996 3011 3017 3036 3034 3031 3031 3008 3000 2911 2887 2844 2810 2752 2734 2713 2657 2643 2615 2567 2527 2471 2424 2352 2341 2335 2330 2314 2330 2332 2242 2242 2233 2200 2182 2187 2150 2146 2139 2061 2066 2070 2068 2066 2070 2071 2072 2072 2071 2071 2069 2069 2069 2070
2254 2262 2267 2279 2293 2301 2316 2336 2350 2391 2426 2476 2515 2571 2624 2666 2691 2713 2756 2802 2813 2831 2846 2867 2891 2919 2963 2977 2995 2996 3014 3021 3033 3046 3047 3039 3035 3027 3007 3000 2930 2875 2854 2817 2747 2727 2706 2705 2637 2618 2588 2528 2487 2431 2399 2395 2374 2369 2336 2327 2331 2256 2251 2261 2253 2233 2212 2190 2175 2167 2144 2135 2124 2119 2094 2091 2078 2076 2077 2077 2078 2078 2079 2080
2257 2262 2267 2273 2302 2321 2344 2348 2387 2423 2453 2508 2545 2589 2634 2689 2715 2754 2797 2806 2826 2844 2858 2872 2903 2920 2976 2999 3015 3018 3033 3037 3054 3062 3064 3052 3045 3036 3015 3003 2981 2923 2870 2862 2850 2796 2766 2727 2709 2636 2609 2592 2541 2508 2471 2464 2437 2434 2429 2370 2348 2327 2319 2323 2330 2305 2304 2258 2229 2203 2188 2182 2165 2169 2174 2122 2112 2111 2075 2083 2089 2092 2094 2095
2260 2264 2267 2287 2312 2346 2364 2385 2401 2445 2470 2513 2571 2629 2634 2705 2729 2788 2805 2820 2831 2842 2856 2870 2919 2955 2998 3019 3026 3033 3039 3056 3066 3081 3076 3068 3050 3048 3039 3010 2992 2961 2915 2899 2886 2845 2816 2766 2746 2714 2658 2616 2578 2543 2529 2519 2494 2437 2427 2433 2374 2371 2372 2379 2363 2331 2302 2298 2274 2252 2243 2238 2217 2211 2182 2169 2164 2151 2137 2135 2129 2101 2103 2106
2260 2266 2270 2317 2348 2380 2390 2394 2428 2461 2487 2533 2582 2630 2663 2728 2768 2785 2816 2831 2833 2854 2876 2897 2916 2976 3000 3029 3034 3042 3054 3065 3074 3080 3095 3094 3096 3073 3058 3041 3016 3002 2965 2915 2906 2884 2857 2816 2777 2751 2705 2640 2611 2585 2554 2551 2545 2500 2434 2438 2451 2451 2436 2411 2377 2358 2348 2314 2307 2298 2304 2289 2261 2247 2228 2195 2193 2169 2167 2157 2157 2163 2155 2116
2296 2311 2318 2334 2371 2388 2398 2416 2435 2458 2520 2554 2594 2637 2687 2733 2769 2783 2811 2829 2854 2880 2895 2922 2943 2973 2998 3031 3047 3058 3062 3073 3082 3093 3102 3112 3109 3114 3100 3086 3054 3036 3002 2979 2932 2913 2898 2852 2825 2771 2746 2693 2643 2623 2599 2580 2571 2546 2526 2490 2490 2474 2472 2450 2442 2384 2384 2372 2353 2348 2328 2331 2321 2302 2261 2241 2228 2219 2233 2218 2203 2221 2211 2199
2307 2316 2327 2353 2373 2390 2419 2437 2465 2506 2526 2586 2614 2638 2676 2720 2751 2766 2813 2851 2880 2897 2940 2947 2978 2979 3003 3023 3044 3061 3073 3073 3082 3093 3115 3124 3149 3155 3148 3117 3113 3060 3054 3004 2983 2953 2920 2891 2888 2832 2795 2732 2697 2652 2646 2653 2654 2628 2573 2550 2538 2532 2509 2484 2471 2456 2427 2428 2411 2414 2401 2382 2365 2347 2313 2314 2317 2308 2288 2286 2292 2295 2281 2273
2310 2316 2331 2358 2390 2418 2443 2468 2505 2544 2558 2601 2622 2658 2686 2728 2755 2762 2812 2870 2893 2934 2943 2981 2992 2997 3002 3019 3035 3056 3068 3079 3088 3093 3108 3142 3149 3159 3150 3151 3132 3113 3065 3054 3007 2989 2955 2932 2903 2894 2819 2788 2720 2708 2691 2686 2667 2652 2628 2607 2589 2570 2572 2571 2545 2504 2488 2494 2464 2467 2465 2456 2420 2411 2404 2397 2370 2348 2339 2354 2374 2375 2368 2306
2316 2324 2339 2354 2399 2444 2465 2506 2539 2555 2582 2604 2643 2678 2703 2736 2756 2775 2817 2866 2900 2938 2970 2985 2994 2998 3002 3003 3020 3050 3072 3077 3084 3099 3116 3138 3164 3169 3174 3177 3155 3127 3115 3073 3047 3014 2997 2956 2925 2902 2832 2813 2783 2713 2720 2719 2705 2679 2666 2643 2629 2622 2596 2595 2581 2564 2541 2521 2512 2508 2497 2495 2483 2473 2465 2446 2429 2397 2392 2411 2399 2415 2416 2393
2334 2338 2348 2367 2426 2463 2499 2521 2541 2562 2595 2618 2659 2702 2719 2747 2765 2803 2830 2860 2892 2936 2975 2987 2990 2997 3003 3003 3013 3038 3066 3073 3082 3096 3110 3141 3172 3177 3179 3180 3173 3158 3149 3117 3066 3054 3013 2992 2970 2927 2867 2838 2810 2790 2751 2751 2745 2719 2693 2676 2659 2649 2644 2637 2618 2610 2608 2593 2574 2555 2554 2553 2536 2520 2504 2496 2476 2476 2463 2465 2434 2424 2437 2435
2338 2344 2364 2401 2440 2486 2521 2539 2560 2584 2604 2642 2697 2694 2727 2758 2778 2807 2834 2855 2887 2908 2935 2979 2991 2998 2997 3001 3006 3023 3051 3067 3085 3098 3116 3135 3169 3177 3184 3180 3186 3179 3164 3149 3144 3092 3060 3022 2986 2964 2930 2874 2856 2844 2842 2809 2805 2761 2728 2725 2725 2679 2677 2670 2667 2671 2631 2616 2595 2587 2578 2578 2546 2539 2537 2539 2539 2525 2525 2520 2516 2513 2504 2475
