terrain/dems/testing/coldaiFlip.asc
ncols        212
nrows        284
xllcorner    12.028750000000
yllcorner    46.322083333333
cellsize     30
[rows 114 to 151 of 284, columns 84 to 167 of 212]
2466 2460 2451 2443 2435 2430 2423 2415 2408 2393 2390 2374 2368 2367 2367 2365 2367 2371 2370 2375 2379 2387 2395 2403 2410 2413 2415 2418 2423 2435 2443 2451 2459 2466 2468 2474 2478 2479 2484 2489 2495 2497 2505 2509 2516 2532 2549 2545 2607 2654 2675 2690 2707 2719 2736 2746 2753 2764 2773 2767 2764 2795 2805 2800 2799 2791 2785 2764 2751 2736 2736 2717 2699 2685 2682 2579 2505 2474 2441 2366 2341 2309 2261 2224
2457 2450 2444 2437 2435 2420 2413 2404 2386 2378 2378 2369 2364 2366 2364 2362 2366 2371 2374 2376 2380 2381 2390 2396 2401 2404 2406 2411 2417 2422 2430 2441 2449 2457 2460 2464 2466 2468 2472 2476 2482 2484 2489 2500 2511 2522 2530 2536 2553 2610 2642 2666 2679 2692 2702 2711 2723 2738 2757 2750 2756 2763 2769 2784 2788 2791 2786 2767 2745 2743 2730 2711 2701 2689 2681 2581 2525 2498 2467 2394 2347 2306 2253 2221
2449 2443 2439 2430 2421 2411 2398 2390 2376 2367 2369 2365 2360 2357 2360 2360 2361 2371 2372 2374 2377 2378 2383 2386 2392 2397 2395 2400 2406 2411 2421 2427 2437 2442 2447 2451 2452 2457 2459 2464 2469 2477 2477 2489 2501 2510 2515 2527 2538 2580 2604 2637 2647 2652 2655 2660 2673 2684 2700 2721 2739 2746 2761 2767 2771 2779 2771 2764 2746 2736 2731 2709 2687 2679 2658 2580 2532 2510 2476 2409 2357 2311 2257 2210
2447 2442 2436 2425 2413 2397 2388 2379 2373 2369 2371 2365 2360 2355 2357 2359 2363 2362 2367 2371 2375 2376 2376 2377 2380 2383 2387 2397 2401 2410 2412 2417 2422 2427 2433 2438 2440 2444 2449 2453 2457 2464 2472 2480 2486 2498 2515 2522 2540 2564 2581 2611 2621 2622 2626 2626 2639 2669 2679 2690 2708 2725 2740 2746 2763 2765 2767 2750 2743 2741 2722 2696 2683 2661 2618 2559 2528 2514 2471 2416 2358 2310 2255 2189
2452 2447 2436 2424 2410 2392 2386 2380 2376 2371 2362 2355 2349 2350 2353 2361 2364 2366 2364 2366 2368 2371 2372 2374 2374 2374 2380 2386 2396 2402 2407 2410 2415 2416 2420 2423 2430 2435 2441 2445 2448 2454 2464 2475 2474 2485 2499 2515 2538 2561 2568 2585 2592 2598 2597 2606 2619 2635 2653 2674 2687 2706 2717 2727 2740 2748 2754 2753 2748 2740 2732 2715 2684 2665 2618 2563 2543 2494 2441 2418 2368 2314 2256 2193
2463 2451 2443 2429 2415 2401 2392 2386 2379 2373 2363 2355 2351 2348 2347 2354 2358 2361 2361 2362 2363 2363 2366 2370 2371 2371 2374 2379 2388 2394 2399 2402 2405 2409 2413 2417 2422 2427 2433 2437 2438 2441 2447 2454 2462 2473 2480 2501 2515 2532 2554 2557 2563 2568 2575 2577 2590 2620 2640 2656 2676 2689 2709 2720 2728 2741 2752 2758 2758 2747 2736 2716 2696 2673 2623 2585 2541 2493 2440 2423 2371 2314 2256 2195
2466 2462 2453 2442 2432 2418 2407 2397 2381 2369 2363 2356 2353 2351 2346 2350 2354 2357 2359 2359 2357 2357 2360 2367 2368 2367 2371 2373 2383 2385 2390 2394 2400 2406 2408 2413 2418 2423 2426 2428 2430 2435 2438 2445 2454 2464 2474 2492 2506 2514 2535 2539 2542 2549 2551 2558 2575 2582 2627 2646 2666 2685 2701 2722 2733 2753 2761 2770 2766 2763 2752 2732 2708 2688 2637 2586 2549 2497 2458 2425 2368 2315 2261 2196
2482 2474 2465 2453 2444 2432 2424 2413 2386 2373 2365 2362 2354 2347 2346 2348 2349 2351 2353 2352 2352 2352 2356 2362 2361 2364 2367 2371 2375 2378 2385 2390 2399 2403 2410 2413 2417 2424 2432 2431 2429 2431 2432 2435 2446 2456 2473 2487 2497 2507 2508 2516 2532 2540 2540 2546 2557 2571 2587 2637 2666 2690 2705 2724 2738 2757 2775 2785 2783 2778 2767 2759 2737 2715 2675 2610 2560 2517 2457 2424 2359 2313 2264 2203
2490 2483 2471 2462 2451 2441 2428 2413 2398 2376 2365 2362 2353 2348 2345 2346 2346 2349 2351 2352 2348 2350 2353 2358 2361 2362 2363 2364 2368 2375 2378 2388 2394 2399 2404 2407 2410 2418 2426 2427 2428 2428 2432 2432 2440 2448 2460 2473 2487 2494 2499 2507 2516 2526 2533 2541 2548 2559 2573 2592 2657 2684 2703 2716 2727 2759 2783 2791 2800 2794 2790 2783 2766 2723 2689 2661 2611 2562 2492 2430 2354 2320 2269 2215
2484 2480 2465 2458 2455 2444 2434 2421 2396 2376 2365 2364 2355 2350 2347 2346 2346 2346 2349 2350 2348 2350 2354 2356 2355 2359 2361 2364 2368 2370 2373 2385 2394 2393 2400 2400 2404 2403 2405 2419 2422 2425 2424 2428 2434 2442 2453 2470 2479 2486 2485 2497 2509 2518 2526 2534 2540 2546 2567 2590 2643 2672 2693 2711 2733 2755 2786 2795 2803 2807 2813 2807 2778 2746 2721 2672 2633 2561 2498 2431 2378 2334 2273 2232
2479 2470 2459 2452 2441 2429 2423 2420 2386 2372 2373 2367 2358 2352 2346 2344 2341 2345 2350 2347 2345 2345 2350 2354 2353 2356 2359 2362 2363 2371 2370 2381 2384 2387 2391 2394 2398 2400 2402 2400 2411 2415 2421 2427 2431 2439 2450 2460 2469 2477 2483 2491 2500 2510 2517 2527 2530 2547 2553 2583 2640 2659 2682 2711 2729 2753 2768 2788 2805 2818 2824 2823 2822 2778 2737 2689 2655 2556 2500 2442 2393 2339 2293 2239
2472 2464 2452 2448 2433 2423 2421 2399 2391 2375 2372 2365 2361 2357 2354 2355 2359 2361 2358 2353 2348 2349 2351 2350 2351 2353 2356 2361 2364 2364 2372 2385 2386 2396 2395 2393 2393 2392 2398 2399 2400 2406 2411 2419 2427 2437 2445 2456 2463 2472 2473 2483 2493 2499 2509 2520 2525 2530 2558 2598 2640 2653 2682 2704 2727 2745 2760 2773 2795 2816 2827 2828 2827 2789 2766 2717 2669 2619 2539 2478 2422 2366 2318 2274
2457 2459 2447 2437 2430 2415 2407 2397 2388 2386 2376 2370 2368 2365 2360 2360 2361 2363 2361 2361 2354 2351 2349 2350 2351 2351 2352 2357 2359 2361 2373 2384 2393 2395 2395 2392 2392 2393 2394 2394 2396 2403 2404 2409 2421 2431 2440 2448 2455 2461 2468 2472 2480 2486 2498 2519 2520 2526 2558 2598 2634 2646 2672 2706 2711 2731 2744 2759 2780 2805 2823 2828 2822 2803 2776 2727 2691 2624 2577 2524 2443 2392 2342 2306
2454 2441 2440 2432 2428 2417 2408 2401 2399 2395 2387 2383 2370 2364 2362 2360 2363 2365 2368 2366 2362 2357 2351 2349 2350 2351 2350 2357 2362 2368 2373 2381 2391 2393 2393 2393 2393 2393 2393 2393 2396 2397 2400 2405 2415 2430 2437 2444 2452 2456 2459 2462 2468 2473 2488 2507 2517 2529 2557 2584 2624 2639 2666 2689 2707 2713 2729 2755 2771 2795 2812 2821 2821 2809 2780 2749 2721 2662 2597 2533 2455 2439 2380 2336
2454 2443 2436 2425 2419 2417 2411 2406 2399 2394 2388 2384 2380 2374 2369 2370 2368 2368 2371 2368 2367 2366 2359 2355 2354 2354 2357 2360 2362 2366 2372 2379 2383 2387 2388 2387 2386 2389 2392 2394 2393 2394 2400 2402 2410 2421 2428 2438 2446 2447 2452 2457 2460 2463 2475 2491 2503 2518 2557 2587 2614 2640 2660 2669 2695 2712 2726 2742 2770 2783 2796 2812 2815 2803 2796 2760 2731 2693 2616 2574 2500 2443 2397 2354
2450 2437 2419 2420 2420 2416 2412 2407 2401 2391 2378 2373 2373 2369 2364 2364 2367 2371 2373 2376 2376 2376 2371 2364 2362 2361 2361 2363 2365 2367 2369 2371 2375 2378 2379 2379 2381 2382 2383 2385 2387 2391 2396 2403 2406 2417 2424 2431 2435 2442 2443 2448 2453 2460 2469 2486 2492 2511 2547 2574 2613 2632 2649 2662 2685 2690 2713 2742 2761 2778 2788 2800 2812 2810 2793 2757 2730 2695 2621 2569 2529 2494 2445 2400
2443 2428 2420 2422 2420 2412 2407 2401 2388 2380 2371 2369 2362 2362 2358 2357 2361 2362 2369 2375 2379 2379 2376 2372 2368 2364 2366 2370 2368 2369 2370 2372 2374 2374 2374 2373 2374 2374 2374 2374 2378 2387 2391 2401 2407 2413 2416 2420 2424 2428 2432 2439 2445 2454 2463 2479 2490 2513 2539 2565 2597 2617 2631 2650 2664 2680 2708 2729 2750 2766 2780 2794 2801 2796 2777 2759 2729 2694 2626 2573 2526 2494 2450 2415
2450 2423 2428 2423 2416 2410 2401 2393 2380 2372 2365 2361 2363 2357 2355 2354 2357 2360 2364 2362 2371 2376 2378 2374 2372 2371 2369 2370 2370 2370 2372 2375 2379 2380 2379 2378 2375 2374 2374 2375 2378 2382 2388 2395 2401 2406 2409 2412 2418 2421 2421 2430 2440 2453 2463 2476 2491 2518 2539 2557 2583 2607 2620 2638 2657 2679 2702 2730 2751 2767 2770 2790 2795 2790 2777 2754 2718 2670 2628 2575 2533 2503 2460 2412
2469 2435 2424 2422 2422 2412 2405 2392 2382 2374 2363 2359 2357 2353 2351 2353 2353 2353 2356 2359 2360 2365 2372 2373 2372 2373 2371 2367 2369 2372 2373 2380 2382 2383 2380 2378 2376 2377 2376 2376 2377 2380 2385 2389 2393 2398 2402 2405 2407 2412 2417 2427 2439 2452 2462 2476 2497 2502 2538 2562 2580 2583 2609 2636 2659 2678 2701 2733 2751 2762 2771 2779 2788 2780 2772 2757 2708 2668 2630 2581 2539 2515 2460 2410
2482 2453 2441 2422 2419 2414 2406 2394 2381 2373 2363 2360 2355 2352 2350 2353 2356 2354 2353 2356 2354 2358 2365 2369 2372 2372 2374 2370 2371 2374 2377 2381 2384 2388 2383 2380 2379 2382 2383 2383 2382 2385 2388 2391 2393 2393 2394 2398 2402 2409 2418 2425 2439 2449 2465 2472 2482 2493 2529 2564 2564 2583 2603 2628 2656 2677 2699 2722 2739 2756 2765 2770 2774 2773 2767 2745 2703 2674 2625 2577 2572 2512 2462 2408
2511 2481 2453 2437 2422 2409 2409 2393 2378 2369 2368 2361 2356 2351 2350 2350 2357 2356 2354 2353 2355 2359 2362 2363 2370 2373 2377 2376 2377 2381 2383 2386 2391 2391 2391 2389 2387 2388 2382 2385 2386 2389 2388 2390 2388 2387 2391 2396 2400 2407 2415 2423 2429 2444 2448 2463 2470 2479 2503 2523 2561 2576 2598 2631 2657 2682 2686 2699 2723 2737 2747 2756 2759 2764 2748 2741 2687 2654 2608 2571 2568 2516 2443 2396
2537 2503 2465 2448 2427 2421 2407 2390 2372 2360 2358 2357 2358 2351 2351 2350 2355 2360 2360 2356 2356 2357 2362 2366 2373 2375 2378 2380 2382 2385 2393 2394 2396 2397 2401 2397 2393 2388 2385 2386 2385 2387 2386 2385 2386 2387 2389 2391 2397 2401 2405 2414 2423 2427 2434 2438 2435 2434 2457 2514 2543 2586 2600 2622 2645 2664 2675 2686 2698 2711 2724 2725 2735 2745 2739 2680 2652 2601 2572 2566 2522 2467 2424 2330
2551 2520 2493 2460 2436 2426 2414 2385 2365 2355 2352 2348 2350 2355 2347 2351 2359 2361 2359 2362 2361 2361 2364 2365 2368 2370 2374 2382 2383 2386 2393 2392 2397 2398 2399 2395 2395 2388 2384 2381 2379 2378 2378 2379 2384 2385 2386 2390 2393 2398 2403 2408 2412 2414 2416 2412 2414 2425 2438 2457 2529 2592 2597 2613 2621 2645 2655 2664 2670 2678 2687 2693 2705 2705 2658 2632 2578 2555 2532 2513 2475 2422 2355 2294
2555 2529 2515 2478 2451 2433 2410 2390 2351 2345 2343 2346 2346 2354 2352 2355 2354 2357 2360 2363 2367 2366 2362 2363 2364 2368 2379 2383 2384 2384 2387 2395 2398 2396 2396 2388 2387 2382 2380 2377 2374 2372 2372 2374 2376 2377 2379 2385 2389 2394 2397 2400 2403 2401 2402 2403 2406 2416 2431 2459 2512 2545 2590 2603 2613 2615 2628 2635 2642 2647 2660 2661 2663 2632 2598 2571 2545 2520 2496 2463 2423 2359 2298 2243
2565 2546 2519 2482 2459 2426 2421 2387 2357 2340 2340 2338 2344 2350 2355 2356 2358 2357 2359 2365 2368 2370 2368 2366 2367 2372 2376 2379 2384 2386 2390 2395 2393 2389 2383 2376 2376 2377 2378 2375 2370 2371 2370 2366 2371 2369 2375 2380 2385 2388 2393 2391 2398 2400 2409 2406 2401 2423 2433 2460 2512 2540 2556 2579 2591 2594 2601 2613 2623 2635 2642 2642 2637 2589 2568 2529 2508 2479 2453 2404 2354 2301 2243 2198
2577 2559 2535 2494 2463 2430 2418 2381 2353 2334 2337 2335 2342 2351 2357 2355 2356 2359 2358 2363 2374 2375 2372 2373 2373 2375 2377 2382 2387 2389 2389 2388 2381 2376 2369 2363 2365 2365 2368 2368 2366 2362 2362 2361 2365 2369 2372 2375 2383 2388 2393 2398 2398 2401 2411 2406 2418 2427 2431 2454 2508 2516 2534 2541 2553 2566 2583 2595 2612 2629 2631 2630 2585 2554 2524 2489 2457 2430 2385 2351 2299 2238 2214 2171
2595 2578 2531 2496 2458 2436 2423 2376 2350 2335 2336 2340 2344 2353 2354 2356 2359 2361 2362 2374 2376 2377 2375 2375 2378 2378 2379 2383 2388 2387 2385 2383 2375 2365 2361 2357 2357 2359 2366 2364 2363 2359 2358 2359 2359 2363 2370 2375 2378 2386 2393 2398 2401 2407 2414 2417 2425 2437 2450 2466 2482 2504 2512 2520 2529 2551 2561 2582 2601 2611 2615 2582 2547 2514 2486 2453 2429 2388 2348 2294 2259 2228 2186 2148
2603 2575 2540 2498 2463 2429 2422 2377 2351 2331 2338 2343 2346 2349 2356 2356 2359 2362 2368 2371 2374 2378 2378 2377 2381 2384 2384 2385 2386 2386 2379 2373 2361 2355 2352 2349 2349 2355 2357 2355 2350 2349 2351 2352 2354 2358 2360 2369 2379 2383 2387 2396 2402 2408 2414 2419 2427 2438 2451 2460 2472 2482 2491 2511 2517 2532 2554 2565 2562 2568 2556 2525 2518 2478 2454 2428 2398 2336 2307 2270 2235 2205 2161 2128
2601 2570 2533 2520 2468 2459 2418 2376 2360 2337 2338 2350 2348 2349 2355 2357 2357 2357 2366 2368 2370 2375 2377 2378 2376 2382 2382 2386 2377 2375 2367 2351 2339 2340 2338 2341 2344 2343 2348 2347 2345 2340 2332 2329 2336 2341 2350 2365 2375 2383 2388 2391 2399 2405 2412 2418 2425 2434 2444 2450 2462 2474 2483 2497 2514 2528 2535 2540 2538 2532 2528 2504 2475 2457 2428 2416 2363 2321 2265 2233 2221 2164 2139 2107
2598 2571 2561 2525 2494 2456 2425 2394 2362 2331 2337 2343 2352 2354 2349 2358 2357 2359 2365 2367 2372 2373 2372 2370 2375 2377 2378 2380 2374 2356 2345 2328 2321 2318 2317 2318 2315 2313 2316 2320 2324 2320 2301 2307 2319 2319 2332 2353 2366 2374 2382 2378 2381 2389 2398 2404 2411 2421 2433 2443 2458 2470 2481 2489 2504 2520 2531 2532 2529 2518 2496 2487 2466 2445 2424 2394 2354 2299 2258 2214 2192 2134 2108 2046
2594 2572 2555 2548 2510 2477 2427 2400 2366 2347 2340 2337 2339 2344 2359 2358 2363 2367 2365 2368 2368 2372 2370 2371 2373 2372 2373 2364 2352 2333 2321 2310 2305 2300 2295 2290 2291 2280 2258 2255 2234 2235 2269 2270 2275 2305 2314 2334 2359 2372 2376 2376 2375 2382 2386 2392 2401 2412 2425 2443 2456 2461 2479 2479 2504 2500 2512 2514 2519 2497 2486 2469 2447 2428 2399 2372 2336 2292 2231 2208 2153 2135 2073 2004
2588 2585 2563 2548 2512 2476 2445 2403 2372 2356 2337 2333 2340 2337 2352 2358 2361 2368 2366 2368 2370 2369 2370 2368 2373 2371 2363 2351 2334 2314 2303 2291 2283 2274 2261 2257 2254 2239 2227 2222 2217 2216 2217 2247 2260 2282 2307 2317 2350 2357 2365 2371 2378 2383 2387 2393 2397 2405 2413 2425 2447 2452 2447 2473 2472 2505 2498 2493 2496 2486 2460 2446 2429 2398 2378 2329 2290 2267 2213 2162 2131 2088 2056 1990
2608 2583 2576 2559 2524 2484 2446 2417 2379 2357 2348 2328 2334 2337 2344 2350 2355 2356 2358 2360 2367 2368 2367 2369 2366 2362 2348 2334 2306 2297 2286 2272 2264 2250 2240 2235 2229 2217 2208 2206 2200 2200 2209 2222 2247 2264 2283 2304 2326 2346 2355 2362 2371 2376 2379 2386 2394 2400 2411 2417 2413 2422 2445 2442 2442 2438 2455 2447 2453 2442 2409 2377 2376 2354 2326 2289 2262 2226 2202 2152 2091 2082 2030 1974
2615 2601 2588 2570 2527 2488 2453 2414 2379 2366 2353 2333 2334 2334 2335 2345 2351 2359 2356 2360 2361 2366 2367 2367 2365 2357 2344 2312 2294 2288 2272 2260 2250 2233 2225 2216 2204 2196 2192 2188 2189 2189 2196 2202 2218 2231 2254 2278 2297 2324 2338 2351 2360 2364 2372 2376 2380 2396 2402 2397 2373 2412 2414 2425 2427 2424 2414 2415 2398 2364 2370 2345 2317 2294 2258 2235 2231 2199 2153 2129 2094 2035 2026 1932
2641 2623 2610 2568 2539 2485 2466 2422 2393 2371 2365 2355 2330 2333 2336 2340 2351 2350 2354 2359 2354 2361 2368 2367 2363 2351 2339 2296 2287 2272 2266 2253 2242 2229 2218 2196 2183 2175 2173 2174 2175 2174 2177 2183 2194 2212 2227 2257 2277 2297 2316 2330 2341 2347 2360 2360 2360 2359 2335 2318 2299 2295 2356 2358 2359 2373 2367 2364 2357 2341 2316 2305 2288 2258 2229 2198 2189 2154 2127 2094 2059 2025 1989 1908
2660 2645 2620 2613 2569 2515 2484 2461 2429 2396 2369 2367 2363 2358 2346 2349 2351 2349 2348 2357 2351 2358 2362 2363 2355 2347 2329 2292 2271 2260 2258 2249 2234 2215 2199 2184 2173 2167 2164 2163 2165 2167 2169 2171 2183 2191 2210 2231 2253 2277 2289 2297 2301 2321 2323 2315 2306 2248 2251 2246 2249 2263 2286 2289 2292 2295 2333 2338 2329 2312 2277 2235 2241 2224 2194 2171 2158 2129 2087 2061 2030 1995 1929 1879
2669 2662 2644 2625 2606 2567 2518 2483 2455 2423 2394 2382 2380 2376 2368 2359 2359 2354 2349 2351 2353 2359 2359 2356 2344 2336 2305 2295 2274 2258 2242 2231 2223 2201 2187 2172 2166 2162 2161 2158 2158 2159 2158 2166 2172 2183 2194 2216 2231 2240 2249 2251 2257 2244 2242 2225 2219 2192 2183 2185 2192 2185 2184 2214 2226 2240 2261 2262 2246 2251 2228 2206 2176 2155 2154 2134 2127 2083 2057 2042 1996 1922 1885 1827
2687 2672 2655 2634 2622 2592 2562 2517 2480 2461 2425 2426 2401 2386 2377 2369 2359 2352 2355 2356 2352 2352 2348 2348 2337 2320 2304 2290 2272 2251 2241 2222 2202 2186 2174 2165 2160 2156 2153 2150 2149 2150 2151 2152 2156 2168 2183 2190 2203 2201 2190 2195 2173 2166 2155 2149 2149 2114 2113 2114 2141 2122 2125 2128 2194 2206 2206 2220 2214 2194 2183 2162 2151 2118 2111 2113 2070 2039 2047 1970 1923 1888 1837 1813
