terrain/dems/testing/coldaiFlip.asc
ncols        212
nrows        284
xllcorner    12.028750000000
yllcorner    46.322083333333
cellsize     30
[rows 190 to 227 of 284, columns 0 to 83 of 212]
1370 1379 1386 1392 1431 1438 1459 1498 1527 1563 1611 1621 1628 1647 1660 1677 1703 1718 1724 1733 1744 1761 1777 1787 1798 1803 1809 1817 1827 1832 1838 1845 1875 1923 1946 1948 1954 1959 1965 1972 1977 1989 1999 2001 2006 2012 2018 2025 2029 2030 2033 2041 2053 2064 2073 2081 2092 2107 2122 2129 2142 2148 2152 2161 2154 2156 2157 2171 2191 2205 2214 2223 2235 2244 2255 2284 2318 2363 2386 2459 2473 2492 2519 2547
1383 1393 1400 1405 1433 1455 1470 1483 1548 1607 1609 1618 1633 1652 1669 1688 1705 1717 1728 1738 1749 1769 1789 1798 1805 1812 1818 1826 1833 1838 1844 1849 1879 1922 1942 1946 1951 1957 1967 1975 1982 1991 1995 1998 2001 2006 2012 2018 2023 2026 2030 2040 2050 2063 2067 2081 2101 2113 2122 2128 2133 2141 2150 2155 2164 2162 2169 2188 2203 2213 2220 2229 2246 2260 2263 2290 2313 2341 2378 2419 2453 2483 2508 2527
1397 1408 1421 1430 1439 1464 1497 1520 1551 1612 1614 1624 1635 1651 1674 1695 1706 1717 1727 1736 1753 1777 1794 1803 1811 1818 1827 1835 1841 1847 1855 1858 1894 1929 1938 1944 1948 1956 1966 1977 1984 1990 1993 1995 2001 2007 2012 2018 2024 2027 2032 2043 2057 2065 2076 2088 2102 2109 2117 2125 2132 2139 2149 2157 2166 2162 2182 2197 2209 2218 2227 2236 2256 2260 2276 2294 2316 2334 2372 2416 2457 2476 2510 2533
1406 1418 1436 1446 1468 1483 1507 1534 1554 1581 1633 1633 1639 1653 1672 1692 1707 1717 1727 1739 1760 1782 1798 1808 1816 1823 1832 1842 1852 1858 1870 1894 1915 1926 1936 1942 1947 1954 1963 1972 1981 1987 1993 1999 2004 2009 2016 2023 2028 2029 2035 2044 2060 2075 2083 2092 2103 2111 2117 2125 2135 2143 2153 2164 2170 2167 2172 2198 2215 2228 2238 2247 2253 2264 2282 2301 2314 2319 2372 2423 2436 2478 2524 2535
1422 1444 1454 1459 1483 1507 1533 1543 1561 1588 1631 1640 1644 1654 1671 1695 1712 1722 1733 1747 1769 1790 1803 1812 1820 1829 1838 1850 1859 1875 1894 1907 1916 1926 1935 1941 1947 1953 1958 1967 1976 1985 1994 2001 2005 2011 2019 2024 2029 2032 2038 2052 2065 2073 2082 2092 2105 2113 2122 2134 2144 2154 2162 2169 2173 2172 2188 2206 2223 2231 2243 2251 2247 2270 2284 2300 2307 2317 2377 2406 2440 2476 2527 2541
1425 1441 1458 1478 1490 1527 1543 1561 1575 1609 1633 1647 1655 1664 1682 1702 1717 1731 1743 1755 1770 1789 1803 1812 1819 1828 1840 1850 1863 1883 1902 1914 1922 1931 1939 1947 1951 1956 1959 1968 1979 1990 1999 2008 2014 2022 2028 2029 2028 2035 2044 2054 2066 2078 2088 2100 2112 2121 2131 2142 2154 2164 2171 2176 2181 2176 2183 2196 2209 2219 2238 2248 2258 2275 2290 2301 2308 2314 2325 2388 2406 2473 2505 2538
1438 1449 1459 1478 1500 1544 1556 1575 1591 1603 1637 1659 1673 1678 1687 1702 1721 1736 1749 1762 1775 1790 1803 1813 1821 1830 1839 1848 1862 1883 1902 1914 1925 1937 1949 1958 1962 1965 1968 1976 1991 2001 2008 2013 2021 2031 2036 2037 2045 2053 2058 2065 2082 2099 2108 2118 2130 2143 2151 2158 2167 2175 2180 2183 2184 2183 2184 2186 2203 2218 2228 2236 2260 2276 2289 2299 2305 2315 2326 2358 2393 2429 2478 2526
1454 1463 1478 1496 1516 1536 1569 1576 1591 1604 1626 1657 1672 1681 1693 1705 1722 1739 1751 1763 1775 1786 1799 1812 1822 1832 1843 1853 1865 1885 1903 1917 1931 1942 1953 1960 1967 1974 1979 1988 1999 2008 2014 2022 2031 2041 2045 2051 2059 2066 2072 2081 2096 2110 2121 2131 2140 2149 2157 2164 2170 2174 2181 2185 2187 2188 2188 2191 2206 2220 2233 2238 2233 2261 2281 2290 2308 2314 2329 2356 2381 2425 2479 2512
1464 1472 1487 1508 1527 1543 1575 1580 1591 1614 1618 1650 1674 1686 1697 1712 1731 1744 1753 1766 1776 1787 1800 1814 1824 1834 1848 1861 1874 1888 1903 1917 1930 1943 1953 1964 1972 1981 1988 1995 2003 2010 2018 2027 2036 2047 2058 2062 2066 2073 2080 2093 2106 2122 2137 2140 2142 2149 2156 2162 2167 2176 2182 2187 2190 2193 2196 2202 2217 2225 2234 2240 2232 2255 2268 2285 2292 2311 2332 2346 2381 2422 2473 2488
1471 1482 1495 1516 1541 1554 1566 1585 1604 1617 1630 1654 1678 1689 1703 1721 1736 1748 1759 1769 1779 1791 1804 1815 1825 1838 1855 1871 1883 1895 1908 1923 1935 1948 1961 1972 1982 1990 1992 2000 2008 2016 2024 2031 2039 2051 2061 2068 2077 2086 2091 2098 2107 2116 2130 2141 2146 2150 2155 2163 2170 2179 2187 2191 2194 2200 2206 2213 2221 2228 2235 2238 2242 2244 2268 2282 2293 2306 2318 2344 2381 2419 2477 2489
1480 1493 1511 1532 1550 1565 1582 1599 1613 1629 1648 1663 1677 1690 1706 1722 1737 1751 1764 1774 1785 1795 1805 1817 1830 1847 1864 1876 1889 1905 1919 1929 1939 1951 1964 1980 1991 1997 2002 2004 2011 2022 2029 2037 2046 2056 2068 2077 2086 2095 2102 2110 2119 2128 2139 2150 2149 2151 2156 2161 2168 2175 2189 2195 2199 2208 2209 2219 2219 2223 2229 2236 2238 2257 2264 2273 2286 2309 2324 2346 2371 2421 2454 2496
1485 1506 1524 1542 1561 1579 1596 1610 1625 1640 1655 1668 1683 1698 1715 1729 1745 1761 1771 1781 1791 1799 1808 1821 1837 1853 1866 1878 1889 1905 1921 1930 1942 1957 1972 1986 1998 2006 2010 2013 2021 2030 2038 2045 2053 2064 2073 2080 2088 2099 2112 2119 2125 2134 2143 2149 2154 2159 2164 2169 2174 2182 2192 2196 2203 2204 2206 2212 2212 2215 2221 2227 2230 2245 2258 2268 2278 2305 2323 2341 2374 2403 2419 2480
1499 1512 1526 1546 1566 1584 1602 1618 1634 1650 1663 1673 1687 1706 1725 1745 1759 1767 1777 1789 1798 1807 1817 1829 1843 1857 1870 1884 1896 1907 1920 1934 1954 1970 1980 1992 2001 2008 2013 2020 2029 2039 2045 2051 2058 2067 2078 2086 2094 2102 2109 2118 2126 2134 2143 2149 2156 2164 2171 2176 2183 2187 2190 2195 2197 2197 2200 2205 2206 2211 2216 2225 2232 2247 2253 2255 2276 2292 2328 2339 2369 2389 2427 2462
1513 1528 1542 1558 1576 1594 1610 1627 1645 1658 1665 1678 1693 1713 1738 1752 1762 1774 1784 1794 1803 1811 1821 1832 1846 1862 1878 1888 1898 1909 1924 1943 1958 1967 1977 1988 2001 2014 2022 2026 2034 2044 2050 2056 2061 2067 2078 2088 2098 2108 2115 2121 2129 2136 2141 2147 2153 2161 2169 2176 2179 2180 2183 2189 2192 2191 2193 2197 2203 2210 2223 2232 2245 2253 2255 2259 2275 2294 2307 2328 2351 2381 2425 2467
1533 1549 1562 1576 1588 1604 1620 1636 1649 1661 1673 1688 1712 1732 1743 1755 1765 1776 1787 1796 1804 1815 1829 1841 1853 1866 1880 1892 1903 1913 1923 1938 1958 1971 1978 1990 2005 2020 2029 2034 2040 2047 2053 2056 2061 2068 2078 2088 2099 2108 2117 2126 2133 2139 2143 2147 2154 2161 2167 2174 2175 2175 2179 2183 2186 2186 2188 2194 2204 2215 2228 2248 2256 2258 2259 2266 2271 2282 2297 2311 2334 2376 2427 2467
1546 1564 1580 1591 1603 1619 1634 1647 1663 1679 1695 1712 1726 1740 1750 1759 1767 1778 1793 1805 1814 1825 1835 1847 1860 1874 1886 1899 1916 1926 1934 1948 1966 1978 1987 1999 2013 2025 2034 2039 2045 2051 2055 2060 2066 2073 2081 2090 2099 2107 2114 2123 2133 2143 2151 2154 2158 2163 2167 2170 2173 2176 2179 2180 2181 2183 2187 2195 2212 2220 2226 2250 2259 2259 2260 2266 2273 2277 2284 2299 2339 2366 2417 2460
1554 1580 1598 1614 1627 1638 1650 1666 1685 1700 1715 1724 1735 1747 1758 1767 1776 1790 1804 1815 1826 1836 1845 1853 1863 1874 1891 1917 1935 1942 1948 1960 1972 1986 1996 2012 2018 2027 2036 2040 2045 2051 2055 2061 2068 2076 2085 2093 2100 2109 2117 2125 2135 2144 2149 2152 2155 2160 2163 2166 2168 2173 2176 2177 2177 2181 2186 2196 2210 2226 2231 2245 2252 2259 2261 2265 2270 2277 2284 2301 2324 2368 2400 2436
1559 1580 1605 1628 1646 1663 1681 1696 1708 1720 1733 1743 1749 1756 1769 1780 1791 1801 1809 1818 1828 1842 1853 1866 1875 1884 1898 1922 1948 1955 1957 1970 1980 1997 2011 2020 2024 2031 2040 2046 2049 2052 2058 2064 2071 2078 2087 2095 2103 2111 2118 2125 2133 2141 2145 2149 2155 2159 2162 2164 2166 2169 2175 2178 2180 2184 2189 2199 2219 2232 2235 2238 2253 2259 2261 2265 2270 2281 2293 2296 2322 2353 2390 2419
1593 1607 1626 1645 1658 1682 1696 1716 1725 1737 1749 1756 1766 1774 1779 1787 1797 1807 1815 1824 1834 1848 1866 1881 1893 1905 1920 1936 1948 1960 1970 1983 1994 2006 2019 2029 2034 2040 2048 2051 2053 2058 2062 2067 2072 2081 2089 2096 2105 2110 2116 2124 2133 2141 2147 2153 2160 2166 2169 2169 2171 2170 2184 2188 2191 2188 2201 2219 2235 2240 2242 2247 2258 2261 2262 2264 2270 2279 2297 2304 2315 2332 2359 2391
1601 1619 1638 1649 1674 1701 1718 1738 1736 1747 1757 1764 1773 1787 1798 1804 1813 1825 1834 1840 1846 1858 1872 1887 1901 1912 1924 1937 1954 1973 1989 1996 2012 2023 2033 2042 2043 2047 2049 2052 2055 2060 2066 2070 2075 2083 2094 2101 2106 2112 2117 2123 2130 2138 2148 2161 2172 2176 2182 2180 2182 2192 2216 2210 2211 2218 2226 2240 2258 2252 2255 2257 2264 2263 2262 2264 2270 2281 2295 2304 2311 2330 2349 2373
1615 1638 1642 1648 1684 1716 1743 1752 1761 1769 1756 1788 1818 1821 1821 1826 1836 1842 1849 1856 1861 1869 1880 1893 1906 1917 1929 1943 1959 1979 1997 2014 2028 2036 2042 2046 2049 2051 2055 2057 2061 2067 2073 2075 2080 2089 2096 2103 2112 2119 2126 2131 2136 2145 2157 2172 2181 2185 2187 2193 2198 2210 2218 2227 2232 2246 2245 2254 2257 2262 2261 2266 2267 2266 2266 2266 2272 2280 2289 2294 2310 2322 2341 2356
1629 1649 1653 1661 1709 1727 1746 1761 1779 1791 1806 1831 1837 1842 1844 1845 1848 1852 1861 1868 1873 1881 1896 1910 1920 1927 1941 1956 1967 1978 1996 2010 2024 2036 2042 2047 2051 2057 2062 2066 2069 2076 2080 2083 2089 2094 2100 2105 2113 2130 2141 2150 2151 2159 2169 2177 2185 2189 2195 2203 2212 2218 2225 2233 2241 2251 2252 2252 2256 2258 2266 2270 2272 2275 2274 2274 2277 2283 2289 2294 2306 2323 2335 2358
1628 1653 1663 1685 1710 1729 1759 1786 1792 1805 1821 1839 1840 1853 1859 1860 1862 1868 1884 1894 1896 1904 1917 1931 1936 1940 1951 1964 1977 1988 1998 2009 2024 2037 2045 2053 2061 2069 2074 2077 2078 2080 2085 2090 2094 2098 2103 2112 2121 2140 2152 2156 2159 2167 2176 2189 2196 2200 2202 2213 2224 2225 2232 2237 2245 2251 2253 2254 2258 2265 2270 2274 2277 2281 2282 2281 2282 2288 2293 2294 2308 2322 2333 2352
1617 1646 1671 1709 1731 1742 1774 1789 1800 1822 1837 1857 1857 1873 1886 1891 1898 1919 1936 1933 1930 1927 1926 1935 1944 1950 1960 1975 1986 1995 2006 2021 2033 2043 2053 2063 2072 2081 2087 2088 2087 2088 2091 2095 2099 2102 2111 2125 2139 2151 2158 2163 2168 2176 2185 2193 2202 2204 2211 2218 2223 2231 2235 2244 2248 2256 2259 2263 2268 2273 2278 2281 2285 2287 2288 2288 2290 2293 2295 2298 2313 2322 2329 2346
1621 1644 1677 1711 1734 1757 1775 1800 1807 1818 1850 1871 1874 1895 1904 1912 1919 1926 1935 1946 1949 1945 1943 1943 1947 1969 1989 1995 2001 2009 2019 2030 2040 2051 2061 2071 2080 2090 2098 2102 2105 2105 2101 2104 2104 2110 2119 2134 2150 2157 2168 2170 2177 2185 2190 2192 2200 2208 2217 2223 2231 2237 2243 2252 2257 2264 2271 2273 2273 2280 2287 2290 2291 2293 2292 2293 2296 2298 2299 2301 2307 2315 2328 2332
1622 1644 1671 1705 1730 1769 1785 1805 1809 1820 1853 1879 1886 1920 1945 1924 1933 1940 1950 1960 1964 1966 1957 1956 1982 1998 2006 2014 2016 2022 2031 2040 2056 2067 2076 2089 2101 2112 2121 2126 2127 2125 2120 2112 2113 2118 2124 2131 2149 2158 2169 2176 2182 2188 2192 2194 2201 2214 2222 2230 2237 2243 2251 2254 2263 2272 2276 2276 2278 2284 2292 2294 2296 2295 2296 2298 2299 2300 2301 2300 2305 2312 2319 2330
1638 1651 1683 1724 1766 1770 1804 1816 1818 1835 1866 1896 1923 1939 1965 1976 1975 1980 1979 1989 1999 1998 2004 2040 2057 2043 2035 2040 2052 2065 2073 2082 2086 2091 2103 2117 2131 2144 2143 2142 2142 2142 2135 2128 2125 2124 2129 2135 2144 2157 2166 2173 2180 2189 2193 2196 2203 2214 2226 2232 2240 2247 2256 2261 2267 2276 2278 2279 2282 2289 2294 2298 2301 2302 2302 2302 2301 2303 2303 2306 2308 2311 2320 2332
1654 1686 1704 1727 1763 1790 1805 1826 1840 1856 1880 1910 1944 1967 1984 1986 1991 2003 2012 2016 2028 2047 2066 2065 2065 2067 2070 2083 2095 2099 2107 2126 2138 2131 2127 2141 2151 2158 2161 2158 2158 2158 2152 2148 2134 2134 2136 2143 2152 2160 2166 2172 2181 2191 2195 2200 2208 2216 2227 2232 2235 2244 2259 2265 2272 2277 2279 2283 2288 2294 2299 2303 2307 2311 2310 2309 2309 2308 2309 2309 2308 2311 2320 2331
1665 1681 1709 1720 1757 1791 1812 1836 1854 1879 1900 1932 1943 1963 1983 1987 2008 2021 2029 2044 2053 2059 2071 2076 2078 2081 2088 2099 2112 2131 2152 2164 2167 2168 2169 2168 2169 2168 2172 2176 2179 2177 2176 2172 2159 2152 2153 2156 2160 2166 2170 2176 2187 2195 2199 2203 2212 2221 2228 2230 2233 2237 2252 2263 2273 2277 2283 2288 2295 2299 2304 2309 2314 2320 2318 2318 2315 2314 2313 2312 2310 2314 2323 2336
1683 1694 1715 1736 1742 1787 1831 1849 1886 1894 1906 1952 1956 1970 1986 1994 2010 2031 2043 2054 2069 2078 2088 2094 2101 2108 2119 2130 2141 2153 2165 2176 2182 2188 2192 2195 2186 2183 2203 2193 2195 2194 2194 2186 2181 2173 2170 2170 2170 2174 2179 2183 2194 2200 2204 2209 2214 2222 2226 2231 2234 2240 2252 2264 2273 2281 2288 2296 2301 2305 2310 2314 2319 2322 2324 2322 2320 2317 2315 2313 2312 2315 2326 2339
1685 1693 1713 1742 1747 1782 1827 1857 1888 1908 1961 1957 1968 1977 1987 1997 2015 2036 2057 2072 2090 2105 2108 2128 2145 2152 2158 2157 2179 2180 2192 2202 2213 2224 2228 2230 2233 2249 2255 2240 2214 2206 2207 2213 2198 2199 2187 2184 2181 2188 2193 2194 2199 2205 2209 2214 2219 2221 2223 2226 2235 2245 2261 2269 2277 2283 2292 2301 2306 2312 2316 2318 2320 2327 2329 2327 2323 2321 2318 2318 2309 2321 2331 2342
1682 1698 1711 1726 1740 1780 1810 1853 1895 1932 1957 1969 1982 1986 1990 1999 2017 2032 2051 2080 2107 2114 2127 2150 2158 2170 2176 2184 2185 2221 2253 2262 2238 2272 2285 2288 2288 2283 2287 2285 2264 2235 2249 2246 2249 2233 2226 2216 2212 2206 2206 2206 2206 2211 2217 2220 2222 2221 2220 2225 2237 2248 2263 2274 2278 2287 2298 2306 2313 2318 2322 2325 2330 2333 2337 2337 2333 2330 2329 2330 2326 2339 2343 2352
1674 1697 1707 1718 1735 1763 1806 1854 1895 1935 1962 1982 1986 1989 2000 2004 2009 2024 2043 2082 2113 2122 2141 2150 2170 2191 2195 2201 2231 2269 2275 2285 2297 2309 2310 2333 2319 2339 2328 2326 2300 2284 2278 2277 2273 2275 2260 2276 2243 2228 2222 2219 2221 2221 2222 2223 2225 2223 2227 2233 2242 2253 2264 2272 2279 2289 2301 2310 2315 2322 2327 2333 2339 2344 2347 2347 2344 2341 2342 2344 2348 2345 2353 2358
1674 1696 1707 1711 1719 1743 1811 1871 1901 1940 1970 1987 2000 1996 1998 2005 2006 2007 2014 2048 2078 2131 2146 2156 2176 2194 2210 2220 2248 2292 2288 2299 2311 2331 2342 2352 2356 2353 2346 2335 2322 2306 2299 2291 2286 2282 2287 2280 2270 2260 2244 2244 2238 2230 2227 2227 2232 2239 2241 2246 2250 2259 2267 2275 2282 2294 2303 2310 2316 2323 2331 2337 2343 2349 2352 2351 2350 2349 2351 2354 2357 2358 2362 2364
1666 1686 1706 1709 1722 1745 1811 1883 1909 1921 1945 1995 1997 2001 1996 1995 1992 1983 2006 2018 2045 2109 2147 2153 2164 2200 2228 2249 2267 2271 2288 2301 2314 2326 2349 2361 2364 2358 2352 2341 2333 2324 2313 2307 2298 2301 2305 2300 2283 2288 2278 2273 2259 2252 2241 2242 2247 2255 2259 2259 2261 2266 2275 2281 2291 2301 2307 2311 2317 2328 2336 2341 2347 2354 2356 2357 2356 2356 2358 2360 2362 2366 2372 2377
1662 1682 1690 1715 1737 1762 1815 1877 1893 1911 1928 1947 2001 2001 1995 1980 1974 1972 1981 1960 2069 2103 2125 2141 2154 2179 2201 2232 2245 2264 2277 2295 2310 2327 2347 2361 2362 2359 2354 2347 2342 2340 2337 2331 2335 2328 2329 2329 2320 2315 2306 2304 2295 2287 2281 2267 2273 2270 2274 2272 2270 2277 2285 2293 2302 2307 2313 2317 2324 2334 2341 2345 2351 2358 2364 2366 2366 2365 2365 2365 2367 2370 2376 2379
1653 1674 1691 1713 1745 1773 1804 1856 1881 1899 1914 1932 1947 1963 1958 1961 1971 1950 1950 1956 2024 2057 2097 2118 2126 2145 2163 2188 2229 2250 2266 2285 2295 2323 2340 2357 2359 2361 2357 2356 2362 2358 2366 2373 2367 2364 2352 2345 2347 2347 2335 2325 2324 2318 2313 2310 2301 2298 2291 2285 2290 2300 2304 2311 2318 2324 2326 2330 2333 2340 2347 2353 2358 2364 2368 2372 2374 2373 2372 2370 2371 2375 2374 2378
1653 1672 1690 1719 1752 1776 1799 1825 1866 1877 1903 1914 1917 1928 1967 1960 1952 1944 1943 1969 1994 2042 2075 2090 2101 2119 2124 2139 2193 2213 2243 2255 2271 2283 2322 2337 2352 2356 2362 2371 2385 2383 2390 2388 2390 2380 2373 2366 2365 2364 2365 2357 2349 2346 2333 2335 2326 2321 2314 2310 2317 2320 2327 2326 2330 2329 2331 2334 2338 2343 2350 2357 2364 2369 2373 2377 2379 2380 2379 2380 2381 2380 2379 2387
