terrain/dems/testing/lincoln.dem.grd
ncols 300
nrows 300
xllcorner 0
yllcorner 0
cellsize 10
[rows 0 to 41 of 300, columns 188 to 281 of 300]
778 778 777 777 772 767 760 753 747 742 737 733 730 727 723 719 717 715 716 717 718 720 721 722 723 725 726 728 728 729 729 730 731 732 734 736 733 730 725 721 719 717 717 717 715 714 712 711 713 716 718 721 725 729 736 743 760 777 790 804 813 822 829 836 838 840 841 842 841 840 836 833 828 823 821 819 819 819 829 840 855 870 884 899 913 928 949 971 994 1017 1026 1036 1044 1053
759 764 770 776 772 769 762 756 751 746 741 737 734 731 726 722 719 716 714 712 713 714 717 720 721 722 721 721 723 725 728 731 732 734 734 735 731 728 723 719 716 714 713 712 711 711 711 711 713 715 718 721 724 728 734 740 761 782 797 812 822 833 840 847 848 850 850 850 848 847 843 839 832 826 823 820 819 818 828 839 853 868 879 891 902 913 934 956 979 1002 1011 1021 1029 1038
754 762 768 775 772 770 763 757 752 747 743 739 736 733 729 725 721 717 713 710 711 712 715 719 718 718 716 714 717 720 724 729 731 733 733 734 730 727 722 717 714 712 711 710 710 711 711 711 713 716 718 721 724 728 734 740 764 788 803 819 827 836 842 848 850 853 854 855 853 852 848 845 839 834 830 827 824 822 827 832 840 848 861 875 889 904 926 949 972 996 996 997 997 997
743 750 755 760 759 759 756 753 750 747 744 741 738 735 730 726 721 717 712 707 707 708 711 715 714 714 710 707 710 713 720 727 729 732 732 733 729 726 721 716 713 711 710 710 711 713 714 715 717 720 722 725 727 729 734 740 765 790 807 824 830 837 842 848 850 853 854 855 854 853 851 850 848 847 846 845 844 843 843 843 844 845 855 865 877 890 914 939 965 991 986 982 976 971
702 708 714 720 727 734 740 746 746 746 744 743 739 736 731 727 721 716 710 704 703 702 704 706 707 708 707 706 710 714 720 727 729 732 732 733 728 724 718 713 711 710 711 712 715 718 722 726 727 729 729 729 729 730 735 741 765 790 807 824 830 836 841 846 849 853 854 855 854 854 854 854 854 855 855 855 854 853 846 840 832 824 834 844 859 874 898 922 947 973 970 967 963 959
673 679 685 692 703 714 725 737 740 743 743 743 740 737 732 727 720 714 708 702 699 696 695 694 697 700 702 705 709 713 718 724 726 728 729 730 725 721 715 710 710 710 712 714 717 721 725 730 731 733 733 733 733 733 737 742 766 790 806 822 827 832 836 841 845 850 852 854 853 853 855 857 859 862 863 864 863 863 855 847 836 826 834 843 857 872 890 908 927 947 949 951 951 951
668 674 680 686 695 705 715 726 731 736 739 742 738 735 728 721 714 708 701 695 689 683 677 671 676 681 691 702 706 711 715 719 720 721 721 721 717 714 710 707 708 710 713 716 720 725 729 734 735 736 736 736 735 735 739 743 762 781 796 811 817 824 829 835 838 842 845 848 849 851 854 858 862 866 866 867 865 864 856 849 840 832 835 839 846 854 873 892 912 932 930 929 927 925
647 659 671 683 690 697 703 710 717 724 731 738 734 731 722 713 706 699 693 687 681 676 672 668 674 680 691 702 705 708 707 707 708 710 711 713 710 708 704 700 704 708 713 718 723 728 733 738 739 740 739 739 738 737 740 743 756 770 782 795 803 812 818 825 829 833 836 840 843 847 851 856 861 867 867 867 864 862 856 851 845 839 837 835 834 833 849 866 884 902 904 907 908 909
640 651 663 675 681 688 693 698 705 713 721 730 723 716 708 700 694 689 684 679 674 670 667 664 671 679 691 703 705 707 705 704 702 701 699 698 697 696 695 694 700 706 712 719 724 729 734 739 740 742 741 741 740 740 741 743 754 765 774 784 793 802 808 815 819 823 827 832 836 841 847 853 859 866 865 865 861 858 854 850 846 842 840 838 837 836 846 856 867 879 879 879 879 879
631 639 648 658 662 667 671 675 683 692 701 710 702 695 690 685 679 674 670 666 664 663 663 663 671 680 692 705 706 708 705 702 700 699 697 695 694 694 694 694 701 708 715 723 727 732 736 740 741 743 743 744 742 741 740 740 746 753 759 766 773 781 788 796 802 808 814 821 828 835 841 847 853 859 860 861 859 858 857 856 855 854 851 849 846 843 847 852 857 862 861 861 859 857
604 613 622 632 635 638 640 643 652 662 672 683 680 677 675 674 669 664 658 653 653 654 657 660 669 679 691 703 704 706 704 702 700 698 695 693 693 694 694 694 702 710 717 725 729 734 737 740 742 744 745 746 744 742 740 739 743 747 751 756 762 769 776 783 791 799 807 815 823 831 835 840 843 846 849 852 854 856 857 858 858 859 857 855 853 851 847 843 839 836 832 828 825 822
594 598 602 606 611 616 620 625 634 644 654 664 662 660 659 659 655 652 648 644 645 647 651 656 665 675 686 698 700 703 703 704 701 699 696 693 693 693 694 695 703 711 719 727 731 735 738 741 742 743 743 744 742 740 739 738 741 745 749 753 758 764 772 780 790 800 809 818 826 835 838 842 844 846 848 851 854 857 858 860 861 862 860 858 855 853 849 845 841 837 830 823 817 811
578 579 580 582 588 594 601 608 619 630 641 652 647 642 640 638 634 631 626 622 627 632 640 649 659 669 679 690 694 698 699 701 699 698 694 691 692 693 694 695 702 710 718 726 730 734 737 740 741 742 741 741 739 737 737 737 737 738 740 743 748 754 763 773 786 800 812 824 834 845 848 851 850 850 854 859 864 870 869 869 867 866 863 860 857 854 850 846 841 837 830 823 816 810
557 558 558 559 568 577 586 595 605 616 627 638 633 628 625 622 617 613 608 604 610 617 628 639 651 664 676 689 692 695 696 698 696 694 691 688 689 691 693 696 703 710 717 725 728 731 734 737 738 740 739 739 737 735 734 734 734 734 736 739 744 749 758 768 782 797 811 825 837 850 854 858 857 856 862 868 876 885 883 881 877 874 869 865 860 856 851 847 842 837 830 823 816 810
552 552 552 552 558 564 570 577 588 599 609 620 618 616 609 603 600 598 596 595 602 610 621 633 643 654 664 674 679 685 689 693 692 691 689 687 689 691 694 697 702 707 712 717 720 724 727 731 734 737 737 737 735 734 733 733 733 734 735 737 741 745 752 760 771 783 798 813 830 847 853 860 862 864 869 874 880 886 885 884 882 880 875 870 864 858 853 848 842 837 830 824 817 811
543 545 547 549 552 556 560 564 574 585 596 608 608 608 602 597 593 590 587 584 593 602 615 628 638 649 659 669 674 679 683 688 688 689 688 687 689 692 695 699 701 704 706 708 712 717 722 728 731 735 736 737 735 734 733 733 734 735 736 737 738 739 745 751 761 772 786 801 819 838 849 860 867 875 878 882 884 887 887 887 886 886 879 873 866 859 854 849 844 839 832 826 820 814
535 536 537 538 544 550 555 561 569 577 586 595 591 588 585 582 581 580 579 578 588 598 611 625 636 647 657 668 672 676 679 682 684 686 687 689 691 694 696 699 700 701 701 702 707 712 717 723 728 733 735 738 736 735 733 731 733 735 735 735 734 734 740 746 757 768 783 799 817 836 848 861 871 882 884 887 887 888 889 890 891 892 884 876 867 859 854 850 845 840 835 830 824 819
531 532 532 533 539 545 552 559 562 566 570 574 573 572 569 566 567 568 569 571 582 593 606 619 631 644 656 668 671 674 675 677 680 684 687 691 693 695 697 699 699 700 700 701 706 711 716 721 724 728 730 733 732 731 729 727 728 729 729 729 730 732 737 743 753 763 780 798 820 843 855 868 876 885 887 889 889 889 890 891 892 894 885 877 868 859 854 850 845 841 836 831 826 821
530 531 531 531 537 544 550 557 557 558 558 559 560 561 557 553 555 558 564 570 580 590 601 612 623 635 647 660 662 665 665 666 672 679 685 691 692 694 696 698 698 699 700 701 704 708 712 716 719 722 725 728 728 728 726 725 727 729 731 733 734 736 742 748 758 768 785 802 824 846 858 871 880 889 891 894 894 895 895 895 895 896 887 878 869 860 856 852 847 843 837 832 826 820
529 530 530 531 536 541 546 552 551 550 549 549 550 551 545 540 545 551 560 569 578 587 595 603 614 625 636 648 650 653 654 656 664 673 681 690 692 695 697 699 699 700 701 703 704 705 707 709 712 716 720 724 725 726 726 727 729 732 733 735 736 738 744 751 761 771 788 805 826 848 860 873 882 892 896 901 905 909 906 903 900 897 888 880 871 862 859 856 852 849 841 834 827 820
525 527 528 530 533 537 540 544 542 541 539 538 539 541 535 529 537 545 556 567 572 577 580 583 593 603 614 626 632 638 642 647 657 668 678 689 692 695 697 700 701 703 704 706 706 707 707 708 711 714 717 721 723 725 727 730 736 742 745 748 747 746 750 754 761 769 786 804 826 848 861 874 884 894 899 905 909 914 912 911 908 906 896 886 876 866 863 861 857 853 844 836 827 819
520 524 526 529 529 530 531 532 533 535 535 535 531 528 524 520 526 532 540 549 557 565 572 579 585 592 599 607 616 626 635 645 655 666 676 686 690 695 698 701 704 707 709 712 713 714 714 715 716 718 720 722 724 726 730 734 741 748 751 755 754 753 755 757 761 765 782 799 823 847 861 876 887 898 903 908 911 915 914 914 913 912 902 893 883 874 869 864 858 853 843 834 826 818
513 516 519 522 521 521 521 521 524 528 531 534 526 519 514 509 514 520 523 526 535 544 553 563 572 582 591 600 612 625 637 650 660 670 679 688 692 696 700 704 707 711 714 718 720 723 724 726 726 727 727 728 729 730 734 739 748 757 760 763 761 759 759 760 763 766 781 797 818 840 856 873 887 902 910 918 924 931 927 923 918 914 904 895 886 877 869 861 853 846 837 829 821 814
508 510 512 514 514 515 515 516 520 525 528 532 521 511 503 496 503 510 518 526 534 543 552 562 572 583 593 603 617 631 644 658 666 675 683 691 695 700 704 708 710 713 716 719 722 725 727 730 730 731 732 733 735 737 741 746 755 765 766 768 764 760 760 761 764 767 781 795 814 834 851 868 885 902 911 920 928 936 931 927 921 916 906 896 886 876 867 859 850 842 834 826 819 812
505 506 508 509 511 510 509 508 508 513 518 522 526 517 508 503 499 511 524 538 552 561 570 578 586 594 603 612 621 631 642 652 663 670 678 685 692 697 703 708 713 715 718 720 722 726 730 734 739 739 740 740 741 743 745 749 754 760 767 768 769 765 761 762 763 767 771 782 793 807 821 840 859 879 900 910 920 928 936 931 927 922 917 907 897 887 877 870 863 855 848 838 828 820
500 503 506 508 510 507 504 502 500 502 505 507 510 508 506 509 513 526 540 554 569 576 584 590 597 607 617 626 635 643 652 660 669 675 682 688 695 700 706 711 716 718 721 723 726 730 735 739 743 743 744 744 744 746 749 753 757 762 768 769 770 767 764 765 766 770 775 785 796 809 822 838 855 873 891 903 915 926 937 932 928 923 918 908 899 890 881 875 869 862 855 843 831 821
497 500 504 506 509 506 503 500 498 496 494 494 494 501 509 518 527 540 553 566 579 589 599 607 616 626 636 646 656 660 665 669 673 679 685 691 698 702 707 712 717 720 723 726 730 734 738 741 745 745 746 746 746 750 754 759 764 767 771 773 775 775 776 776 777 778 780 790 801 815 830 844 858 872 886 898 911 923 936 931 927 922 918 909 901 893 886 880 874 867 860 846 833 822
495 497 499 501 503 501 500 497 495 490 485 482 480 496 512 523 535 548 561 573 586 599 612 624 637 643 650 655 661 666 671 676 681 686 691 695 700 704 709 713 718 721 725 728 732 736 740 743 746 747 748 749 750 755 761 767 774 775 776 779 782 785 788 788 788 786 785 794 803 816 829 845 861 877 893 903 914 924 935 931 927 923 919 910 902 894 887 882 877 870 863 849 835 823
493 493 493 493 493 490 488 486 485 481 478 476 475 496 517 531 545 558 571 583 595 608 622 635 649 654 659 663 667 671 676 680 685 689 693 697 701 705 710 714 719 722 725 728 732 735 739 742 746 748 750 752 754 759 765 771 778 778 778 782 787 792 798 797 796 792 788 795 802 813 824 841 859 877 896 903 910 916 922 921 920 919 919 911 903 895 887 882 878 871 864 850 836 825
483 485 487 487 488 483 478 474 471 473 475 478 482 502 522 535 549 562 575 588 602 614 626 639 652 657 662 667 672 675 679 682 685 689 694 698 702 706 710 714 719 722 725 728 731 735 739 742 746 748 751 754 758 764 771 777 784 784 784 787 791 795 800 799 798 793 789 794 800 809 819 837 856 876 896 902 908 913 918 918 918 918 918 911 904 896 889 884 879 872 865 851 838 827
477 480 484 485 487 481 476 472 469 472 476 481 486 505 525 538 551 564 577 590 604 615 627 639 652 657 662 667 673 676 679 682 685 689 694 698 703 707 711 714 718 721 724 727 730 733 737 740 744 748 753 757 762 769 776 781 787 788 789 791 794 797 801 800 799 795 792 795 799 805 812 831 850 871 892 898 905 910 915 916 917 917 918 912 906 900 894 888 882 875 868 854 841 830
474 478 482 483 485 478 471 467 463 469 475 481 488 508 528 540 553 565 577 589 602 614 626 638 651 656 661 666 671 674 678 681 685 689 694 698 703 706 710 714 718 720 723 725 728 731 735 739 743 748 754 759 765 770 776 780 785 788 792 794 797 800 803 802 801 798 796 799 802 807 813 827 842 859 876 886 896 904 913 914 916 917 918 914 910 905 900 893 886 878 871 859 848 838
467 470 473 474 476 469 463 459 456 465 474 484 494 512 531 542 554 565 576 586 597 609 621 633 646 651 656 660 665 670 675 680 685 689 694 698 703 706 710 713 717 720 723 725 728 730 733 736 740 747 755 761 768 772 777 780 784 789 794 797 800 802 805 804 803 800 797 799 802 806 810 820 831 843 855 869 884 898 912 914 916 917 919 915 911 906 901 894 888 880 872 861 851 841
463 464 466 467 468 466 464 464 465 473 481 489 498 515 532 542 552 562 573 583 593 603 614 624 635 639 644 648 652 658 665 671 678 684 691 697 703 706 709 712 715 719 723 726 730 733 736 741 746 753 760 766 772 775 779 782 786 792 798 800 802 804 806 804 803 800 798 798 798 799 801 810 820 830 840 858 877 894 912 914 916 917 919 915 911 907 903 896 890 882 875 864 853 842
460 462 464 465 467 466 466 467 469 477 486 494 503 516 529 537 546 555 565 574 583 593 603 613 623 627 631 635 639 644 649 654 660 670 681 690 699 702 706 709 713 717 722 725 729 734 739 745 751 757 764 769 775 777 779 782 785 792 800 802 804 805 806 805 804 802 800 797 794 791 789 799 809 820 831 850 870 889 908 911 914 916 919 915 912 908 904 898 893 886 879 866 854 843
455 458 462 464 467 466 466 468 471 480 489 496 504 513 523 528 534 543 553 561 570 577 584 591 598 604 610 615 621 626 632 638 644 657 670 681 693 697 701 704 708 713 719 723 728 733 738 744 751 758 766 771 776 776 777 778 779 789 800 802 804 805 806 805 805 803 802 798 794 789 785 792 800 809 819 834 849 865 881 891 901 909 917 914 911 907 904 899 895 888 882 870 859 848
452 455 458 461 464 464 465 467 470 479 488 495 502 508 515 519 524 533 542 550 558 565 573 580 587 590 594 598 602 609 617 624 632 645 658 669 681 686 691 696 702 708 715 721 727 731 736 742 749 757 766 771 777 775 774 774 775 786 798 801 804 805 806 805 805 804 804 799 795 790 785 792 799 807 815 820 825 831 837 855 874 890 907 906 906 904 903 899 896 890 884 873 862 851
450 451 453 454 456 458 460 464 469 478 487 493 500 503 506 509 512 520 528 535 543 549 556 563 571 574 577 581 586 596 607 617 628 640 652 663 675 680 685 690 696 703 711 718 725 730 735 741 748 756 764 769 774 773 772 772 773 784 796 798 800 800 800 801 803 804 805 800 795 788 782 788 794 801 808 810 813 817 821 837 854 870 886 891 897 900 903 900 897 891 886 875 864 853
449 449 449 450 451 453 456 460 465 474 483 489 496 498 501 502 504 512 520 528 536 541 546 552 559 562 566 570 575 587 599 611 624 634 644 654 664 671 679 685 692 699 706 712 718 724 731 737 743 751 759 764 770 769 768 771 774 778 783 785 787 788 789 792 796 800 805 799 793 784 776 782 788 795 802 804 807 810 814 829 844 858 873 881 890 896 902 900 898 893 888 876 865 853
447 447 448 448 449 451 453 456 460 467 474 480 486 487 488 490 493 499 506 514 522 527 533 538 543 549 555 562 569 580 592 604 616 626 637 647 658 667 676 683 691 697 703 708 713 718 723 728 733 741 749 754 760 759 759 765 771 775 779 779 780 779 779 783 788 794 800 794 789 780 772 779 786 793 801 803 805 808 811 822 834 846 858 870 882 890 899 898 897 892 888 876 865 853
444 445 447 447 448 448 449 451 453 457 461 465 469 472 476 478 481 489 498 506 515 520 526 530 535 541 548 556 564 575 586 597 608 618 629 639 650 660 670 679 689 695 701 707 713 717 721 725 730 736 743 746 749 743 738 742 747 755 764 766 769 769 769 774 779 785 791 786 782 775 768 775 783 791 799 801 803 806 810 820 830 840 851 864 877 886 895 894 894 890 886 875 864 853
441 443 445 446 447 445 444 444 444 446 449 453 457 464 472 475 479 486 494 502 510 515 521 526 532 538 545 552 560 571 582 592 603 613 624 634 645 654 664 673 682 686 691 695 699 703 708 712 716 720 724 726 728 726 724 727 731 736 741 745 749 752 755 757 760 762 764 764 765 764 763 769 775 781 788 792 797 802 808 819 831 841 852 860 869 876 883 883 884 881 879 870 861 851
