terrain/dems/testing/lincoln.dem.grd
ncols 300
nrows 300
xllcorner 0
yllcorner 0
cellsize 10
[rows 126 to 167 of 300, columns 0 to 93 of 300]
389 388 393 398 403 409 415 422 428 435 436 437 437 438 430 423 416 409 407 405 403 401 396 392 387 382 379 376 374 373 373 373 372 372 369 366 364 362 356 350 342 335 330 326 322 319 312 306 299 293 292 291 292 293 291 290 287 285 283 281 279 278 280 282 285 289 289 290 289 288 287 286 285 284 282 280 278 277 275 274 273 272 272 273 273 274 274 275 276 277 277 278 278 279
399 398 401 405 409 413 418 424 429 435 436 438 439 440 432 424 416 408 406 404 401 399 392 385 378 372 367 363 358 354 356 359 361 364 358 353 346 339 337 335 333 331 329 327 324 322 318 314 309 304 300 296 293 290 288 287 285 283 282 282 281 281 282 284 287 290 290 291 290 290 289 289 288 288 287 286 284 282 280 278 276 274 273 273 274 275 275 275 275 275 275 276 277 279
407 408 410 412 414 417 421 426 430 435 438 441 443 446 437 428 419 411 408 406 404 402 392 383 373 364 361 358 355 352 354 356 358 360 353 347 340 333 331 330 329 329 327 326 324 322 318 315 310 306 302 298 293 289 287 285 284 283 283 284 285 286 287 288 289 291 291 292 292 292 291 291 290 289 287 286 285 284 282 280 277 275 274 274 275 276 275 274 272 270 270 270 271 273
413 415 416 418 420 423 426 429 432 435 439 444 447 451 444 438 431 425 420 416 412 408 396 385 373 362 359 357 354 351 352 353 354 356 350 345 339 333 330 328 326 325 323 322 321 320 317 314 310 306 301 297 292 288 286 285 284 283 283 284 286 288 289 290 290 291 292 293 294 295 294 293 291 289 288 287 286 285 283 282 280 279 278 277 277 277 275 273 269 265 264 263 264 265
419 423 423 424 424 425 427 429 431 434 440 446 450 455 447 440 433 426 422 418 414 411 399 387 375 363 361 359 357 355 353 351 349 348 344 341 337 333 329 326 322 319 317 316 314 313 311 309 306 304 300 296 292 288 286 284 283 282 283 285 287 289 291 293 295 297 298 299 299 299 297 296 293 290 289 289 289 290 289 289 288 287 285 284 283 282 278 274 268 263 261 259 260 261
415 418 419 421 422 424 425 427 429 431 437 444 448 453 445 438 430 423 421 420 418 416 407 399 390 381 376 371 367 363 357 352 346 341 339 337 334 332 327 323 318 314 311 309 307 305 302 300 297 294 293 293 292 291 291 291 290 290 290 290 290 291 295 299 304 309 309 310 309 308 306 304 301 298 297 296 296 297 295 294 291 289 288 287 286 285 280 276 269 263 261 259 261 263
405 408 411 414 416 419 421 423 425 428 433 439 443 448 438 429 421 413 417 421 423 426 419 413 406 399 391 384 377 370 361 353 345 337 336 335 334 333 326 320 313 307 303 300 296 293 291 289 287 285 287 289 291 294 295 297 298 300 300 301 301 301 304 307 311 316 316 316 314 313 311 310 308 306 304 303 301 299 297 295 292 290 290 290 291 292 287 283 275 267 265 264 266 269
398 403 406 409 411 414 415 417 418 420 421 422 422 423 418 414 410 406 413 421 427 433 427 421 414 408 401 394 386 378 366 355 344 334 334 335 335 335 327 319 310 302 299 296 293 291 289 287 285 283 287 291 296 301 304 307 309 312 312 312 312 313 318 324 330 336 333 331 327 323 319 316 313 310 307 304 302 300 299 299 299 300 300 300 300 300 296 292 285 278 275 273 274 275
391 397 400 403 404 406 405 404 404 404 404 404 403 402 400 399 398 398 407 417 425 434 429 424 418 413 407 401 394 387 375 363 351 340 341 342 343 345 336 328 319 311 307 303 299 296 292 289 286 283 288 294 300 307 310 314 317 321 321 321 321 321 327 334 342 351 348 345 337 330 324 319 315 311 308 306 304 303 304 306 308 311 310 309 306 304 300 296 291 286 283 281 281 281
384 391 394 397 397 398 389 380 374 369 378 387 393 400 397 394 393 393 404 415 424 433 428 424 419 415 409 404 398 392 382 373 363 354 354 355 355 356 347 339 330 322 316 310 304 298 295 292 289 287 293 300 307 315 317 319 320 322 324 326 327 329 335 341 348 355 354 354 352 350 346 343 338 334 329 324 319 315 314 313 314 315 313 311 308 306 302 299 295 292 289 287 285 284
370 376 382 388 390 393 382 372 366 360 369 378 385 392 390 388 388 388 399 411 420 430 426 422 417 413 409 405 400 396 388 380 372 365 364 363 361 360 351 342 333 324 318 313 307 302 298 295 291 287 295 304 312 321 322 323 323 323 325 327 329 332 339 346 353 361 361 361 359 358 357 356 355 355 348 342 334 326 325 324 325 326 322 319 314 309 306 303 301 299 296 293 289 286
358 363 368 374 375 377 368 359 355 351 360 369 376 383 382 382 383 385 394 403 411 420 417 415 412 410 409 408 405 403 396 389 383 377 374 371 368 366 358 351 343 335 329 324 318 312 306 300 294 289 297 305 313 322 322 322 322 322 324 326 329 332 339 347 354 362 363 364 363 363 361 360 358 356 351 347 341 336 334 332 331 331 327 323 317 311 308 305 303 301 298 295 290 286
344 350 356 363 365 367 358 350 346 342 350 359 365 372 372 372 373 375 383 392 399 406 406 406 406 406 408 410 410 411 402 394 386 379 376 374 371 369 362 356 349 343 337 332 327 322 318 314 309 305 307 309 312 316 316 317 317 318 320 323 326 329 337 345 353 362 364 367 368 369 366 364 360 356 353 351 348 345 341 338 335 332 328 324 319 314 311 308 305 303 298 294 289 285
325 329 339 349 353 357 348 340 336 332 340 349 355 362 361 360 361 362 371 380 387 395 396 397 398 400 405 410 412 414 405 397 389 381 379 378 376 374 366 358 350 343 339 336 332 328 325 323 320 317 315 314 313 312 312 313 313 313 315 317 319 321 331 341 351 362 366 371 374 377 372 368 362 357 355 353 352 351 347 343 339 335 331 327 322 318 314 310 306 303 297 292 286 280
308 310 321 333 339 345 338 331 329 328 337 347 353 359 357 355 354 354 359 365 370 376 381 386 391 396 402 408 412 416 410 404 397 391 389 388 386 384 373 363 353 343 339 336 332 329 326 324 321 319 314 309 305 301 302 303 304 306 307 309 310 312 324 337 350 364 369 374 378 382 378 375 369 364 361 358 355 353 350 347 343 340 335 331 326 321 316 311 306 302 295 289 282 275
298 297 309 322 328 335 327 319 317 316 328 340 348 356 353 350 348 346 348 350 354 358 366 375 383 391 398 405 410 415 413 412 409 407 402 398 393 388 379 370 361 353 347 342 337 332 328 325 322 319 312 305 298 291 292 294 295 297 300 303 305 308 322 336 350 364 369 375 380 385 383 382 379 377 371 366 360 354 351 349 347 345 339 334 328 322 316 311 305 300 291 283 273 264
298 295 301 308 311 315 311 308 309 311 322 333 340 348 346 344 343 342 343 345 348 351 358 366 373 381 388 395 401 408 410 412 412 413 408 403 397 392 384 376 368 361 355 349 343 338 333 328 323 318 308 299 290 282 285 288 290 292 296 300 304 308 321 335 349 363 369 376 382 388 386 384 381 378 372 367 361 356 353 350 348 346 340 335 329 323 316 310 303 297 289 281 272 263
303 298 298 298 298 299 298 298 300 302 310 318 324 331 333 336 338 340 342 344 346 349 353 357 362 367 373 380 386 393 400 407 411 416 411 406 400 395 387 380 373 367 361 355 349 344 337 330 323 317 306 296 286 277 280 284 287 291 296 302 306 311 323 336 349 362 369 376 382 389 386 384 381 378 373 368 363 358 355 352 349 347 340 334 327 321 314 308 301 295 287 279 271 263
300 293 288 283 282 281 284 288 293 298 306 314 320 326 327 329 331 333 337 341 343 346 346 347 349 352 359 367 374 382 392 402 409 417 414 412 408 404 394 385 376 368 363 358 352 347 339 331 323 316 306 296 286 276 279 282 285 289 297 305 312 319 328 337 346 356 364 372 380 388 388 389 388 388 382 376 369 363 359 355 352 349 341 334 326 318 311 304 297 291 284 278 270 263
294 288 279 270 268 266 274 282 289 297 303 309 313 318 319 320 321 322 323 325 326 328 328 328 330 333 343 353 363 374 386 398 407 417 416 415 412 410 399 388 378 368 362 357 351 346 338 330 321 313 304 295 286 277 281 286 290 294 302 311 319 328 332 337 342 347 355 364 372 381 384 387 389 392 386 381 375 369 364 359 354 350 340 331 321 312 305 299 293 287 281 276 270 265
287 283 275 267 265 263 270 277 284 291 298 305 309 314 314 315 315 316 316 316 315 315 312 310 312 314 326 338 350 363 378 393 404 415 415 415 412 410 399 388 377 366 357 348 339 331 325 319 313 307 299 292 286 280 287 295 302 310 316 323 329 336 336 337 337 338 348 359 370 381 384 388 391 395 390 386 380 375 368 362 355 349 338 328 317 306 299 292 286 281 277 273 269 265
284 279 275 269 264 262 261 266 271 277 284 292 301 306 312 312 312 312 312 311 311 310 309 306 303 305 307 319 332 345 358 371 385 396 407 409 412 411 410 399 388 376 364 350 337 325 314 309 304 299 294 290 287 284 282 290 299 308 317 323 329 335 342 344 347 349 351 359 368 376 385 388 392 394 397 392 388 383 378 370 362 353 345 335 325 314 304 297 290 283 276 273 270 267
277 271 266 262 259 259 260 265 270 275 280 286 292 295 299 298 298 298 299 301 303 302 302 298 295 296 298 310 322 333 344 352 360 368 377 386 395 400 405 393 382 370 358 343 329 316 304 299 295 290 286 283 280 278 277 287 297 307 317 323 330 336 343 346 349 352 355 363 372 380 389 391 394 396 398 393 389 384 380 369 359 348 338 329 320 311 303 295 287 279 272 269 267 265
273 266 260 255 251 251 251 257 264 270 277 282 288 290 293 291 289 288 287 287 288 288 288 284 281 282 283 293 304 315 327 339 351 360 370 376 382 384 387 379 371 361 351 338 325 313 301 293 286 280 275 274 273 273 273 284 295 306 317 324 331 337 343 346 349 352 355 365 375 385 396 396 396 396 397 393 389 385 381 369 358 346 335 327 319 311 303 294 285 275 266 263 260 258
266 258 251 247 244 244 245 250 256 261 267 272 278 281 285 284 284 283 282 281 280 277 275 271 267 267 268 276 284 295 306 322 338 349 361 361 361 361 361 358 356 351 346 334 322 311 300 291 282 275 268 267 267 268 270 282 294 305 317 323 330 336 343 345 348 350 353 356 360 363 367 374 381 387 393 389 386 382 379 369 360 350 340 331 322 313 305 295 285 275 266 262 259 257
262 253 245 243 242 243 245 250 255 259 264 267 271 273 276 276 277 276 276 274 273 270 268 264 260 259 259 264 269 279 290 308 326 338 351 351 351 350 350 347 344 340 336 327 318 308 299 288 278 269 261 259 258 259 261 274 288 300 313 317 322 327 333 335 338 339 340 335 330 326 323 339 355 369 384 381 379 377 375 367 359 351 343 334 325 316 307 297 287 276 266 263 260 257
263 255 247 244 242 241 241 242 244 247 250 254 258 261 265 267 270 268 267 262 257 253 250 248 246 247 248 253 259 269 279 297 315 326 338 334 331 330 329 332 335 334 334 325 317 308 299 287 276 266 257 254 252 252 253 266 279 290 302 300 298 297 296 304 312 319 326 324 322 320 318 331 344 357 370 370 370 370 370 363 356 349 342 334 326 318 310 300 290 280 270 266 262 258
266 256 247 240 234 233 232 235 239 242 246 249 253 255 257 257 258 256 254 248 242 237 233 231 230 231 232 237 242 252 262 280 298 308 318 314 311 310 309 312 316 317 318 313 308 300 293 280 268 258 248 248 248 249 250 257 265 272 280 282 284 285 287 293 300 306 312 314 316 318 321 330 339 348 358 357 357 357 358 354 350 346 342 335 328 321 315 305 296 287 278 272 266 260
270 259 248 237 227 224 222 226 230 232 235 236 238 239 241 242 243 241 239 234 230 227 225 226 227 228 229 230 231 239 247 265 284 294 304 299 294 292 290 294 298 300 303 301 300 294 289 274 260 249 239 240 241 243 245 248 252 256 261 273 285 295 306 311 317 322 327 327 328 329 330 334 339 344 349 347 345 343 341 341 341 340 340 334 329 323 317 307 297 287 277 269 262 255
272 261 250 239 228 223 218 218 218 219 220 221 223 224 226 227 229 228 228 224 221 220 219 221 224 225 226 226 226 232 239 254 270 278 286 282 278 275 272 273 274 275 277 278 279 276 274 262 251 242 233 233 233 235 237 244 252 260 268 283 298 311 325 328 332 335 338 336 334 332 331 329 328 327 326 327 329 329 330 331 333 334 335 331 327 322 318 307 297 287 277 268 259 250
271 260 250 239 228 222 216 215 214 214 214 215 217 217 218 218 218 218 218 217 217 217 218 220 222 223 224 222 221 225 229 241 253 260 268 267 266 265 264 263 262 262 262 263 264 262 260 251 243 236 229 228 228 230 233 243 254 265 277 292 308 320 333 336 340 343 346 345 345 344 343 336 329 323 317 316 316 316 316 319 323 326 329 326 323 320 317 307 297 286 276 267 259 250
268 258 249 239 229 223 217 214 212 210 209 208 208 207 207 206 206 207 208 210 212 214 216 218 220 220 221 219 218 220 222 228 235 240 245 246 248 250 252 254 257 257 257 254 251 248 245 240 236 232 229 229 229 232 235 245 255 266 277 293 310 323 336 339 343 345 348 349 351 350 350 337 324 313 303 304 306 307 308 311 315 318 322 321 320 318 316 305 295 284 274 265 257 248
264 255 247 238 230 224 219 215 212 209 207 205 204 203 202 201 201 202 203 205 208 210 213 215 217 218 219 218 217 216 216 216 216 218 220 224 229 232 236 238 241 241 242 238 235 232 230 229 229 229 229 230 232 235 239 247 256 266 277 293 309 322 336 339 343 346 349 350 352 351 351 337 324 312 301 303 305 306 308 307 306 306 306 308 311 312 313 302 292 281 270 262 255 247
252 246 240 234 228 223 218 214 210 208 206 204 203 202 201 200 200 200 201 203 205 207 209 211 213 214 215 214 214 212 211 209 208 209 211 217 223 227 231 231 232 232 232 229 226 224 223 224 225 226 228 231 234 237 241 247 253 261 270 285 300 312 324 330 337 342 348 350 352 352 352 340 328 318 308 307 307 306 306 301 297 293 290 293 297 300 303 294 285 275 266 258 250 242
239 235 231 228 225 221 217 212 207 204 202 201 200 199 199 199 199 199 200 201 202 203 205 207 209 210 211 211 212 211 211 209 207 208 210 215 221 222 224 220 216 215 214 216 218 219 220 220 221 222 224 228 233 235 238 237 237 240 244 259 274 286 298 301 305 310 316 327 339 345 352 341 330 320 310 309 309 307 305 299 293 287 282 285 288 289 291 283 275 267 260 251 242 233
234 231 229 226 224 219 215 209 204 201 199 198 197 197 197 197 198 199 200 200 201 202 203 204 206 207 209 210 211 210 210 208 206 206 207 211 215 215 216 212 208 207 206 208 210 212 214 215 217 219 222 226 231 232 234 229 225 224 224 236 249 260 272 279 286 293 301 313 325 333 341 330 320 312 304 305 306 305 304 296 289 282 276 279 283 284 286 277 269 260 251 244 237 230
217 215 213 213 213 211 209 205 202 200 198 197 196 196 196 197 198 198 199 199 200 201 203 204 206 207 208 208 208 207 206 203 200 200 200 203 206 206 207 204 202 201 200 201 203 205 207 210 213 216 220 223 227 228 229 225 222 221 221 228 235 243 252 262 273 281 290 293 296 299 303 301 299 296 293 294 295 294 294 285 277 270 264 268 272 274 277 268 260 251 243 237 232 227
214 210 207 205 204 203 202 201 200 199 198 197 196 196 196 197 198 198 199 199 199 201 203 205 208 207 207 204 202 200 198 197 197 197 198 199 201 201 201 200 199 198 197 198 199 200 202 205 208 211 214 218 222 223 225 222 220 219 218 219 221 225 229 238 247 256 265 273 281 286 291 288 286 283 281 279 278 276 274 268 262 256 251 254 258 260 263 257 252 245 239 234 230 226
219 215 211 207 204 202 200 198 197 196 196 195 195 195 196 196 197 197 198 198 199 201 203 206 210 209 209 205 202 200 199 198 198 198 198 198 199 199 200 200 200 200 200 199 198 198 199 200 202 205 208 211 215 217 219 218 218 217 217 218 220 221 222 223 225 228 232 239 247 253 260 261 263 263 264 262 260 258 256 254 253 250 248 245 243 241 239 236 233 229 226 223 221 218
221 217 213 208 204 201 199 197 195 194 194 194 195 195 196 197 198 198 199 199 199 201 203 206 209 208 208 205 203 201 199 198 198 198 198 198 199 200 202 204 206 206 206 203 200 199 198 199 200 202 204 206 209 211 213 213 213 214 215 216 218 219 221 222 223 224 226 229 232 235 239 242 246 248 251 250 249 248 247 247 248 247 246 239 233 227 221 220 219 217 216 215 215 214
200 199 198 197 197 196 195 194 194 194 194 194 195 196 197 197 198 198 199 199 199 201 203 206 209 209 209 206 203 201 200 199 199 198 198 198 199 200 201 202 204 204 204 202 200 199 198 198 199 199 200 201 203 204 205 204 204 205 206 210 214 217 221 222 223 223 224 225 226 227 228 229 230 231 233 234 236 237 238 240 243 243 243 235 227 220 214 214 215 215 215 214 214 213
198 196 194 192 191 191 192 192 193 194 195 195 196 196 197 198 199 199 199 199 199 200 202 204 207 207 207 205 204 202 201 200 199 198 198 198 199 199 199 199 200 200 200 199 199 198 198 198 199 199 199 198 198 198 198 198 199 200 202 205 209 212 216 218 220 222 224 224 225 225 226 225 224 224 224 225 226 227 229 232 235 236 237 230 223 216 210 210 210 210 210 210 211 211
