terrain/dems/testing/lincoln.dem.grd
ncols 300
nrows 300
xllcorner 0
yllcorner 0
cellsize 10
[rows 252 to 293 of 300, columns 0 to 93 of 300]
585 597 606 615 622 630 628 627 626 625 622 620 616 613 603 594 584 575 568 562 555 548 543 538 533 528 524 520 515 511 501 502 498 494 493 492 491 490 493 501 498 501 500 500 499 498 504 510 516 523 534 546 558 571 587 604 621 638 648 658 666 674 685 697 709 721 725 730 731 733 729 726 721 717 705 694 679 664 654 644 637 630 617 605 589 574 564 555 550 545 539 533 526 520
575 587 599 611 620 630 628 627 625 624 621 619 616 613 603 594 584 575 569 563 556 550 546 542 538 534 531 529 526 523 515 501 501 501 493 492 491 490 493 501 501 505 503 502 500 498 503 509 515 521 531 542 553 564 580 596 613 631 642 653 662 672 682 693 704 715 720 725 728 731 728 726 721 716 704 693 679 666 656 646 638 630 618 606 590 575 566 557 551 546 539 533 526 520
571 582 594 607 617 627 625 624 622 620 617 615 611 608 599 591 583 575 570 565 560 556 551 547 542 538 536 535 533 532 522 512 503 494 501 492 501 501 501 497 500 504 502 501 499 497 501 506 511 516 526 537 548 559 572 586 600 614 627 640 653 667 676 686 695 704 711 718 724 730 727 725 719 714 703 693 680 668 658 648 639 631 619 607 593 579 569 560 553 546 540 534 528 522
553 562 573 584 593 603 605 608 609 610 608 606 603 600 593 587 580 574 570 567 563 559 554 550 546 542 540 538 535 533 523 513 503 494 494 501 501 493 495 498 500 502 501 501 500 499 503 508 512 517 525 534 544 554 568 583 598 613 624 636 647 658 668 679 689 700 707 715 722 729 726 724 718 712 702 693 682 672 661 651 641 631 620 610 598 587 577 567 557 548 541 534 528 523
544 551 555 559 564 569 575 582 586 591 590 590 588 587 583 579 574 570 567 564 561 558 554 551 547 544 543 543 541 540 530 521 512 503 501 499 497 496 497 498 499 500 500 501 501 502 510 518 525 533 536 539 542 546 560 575 591 607 618 629 639 650 661 672 683 694 701 709 715 722 720 718 713 708 700 692 683 674 664 654 643 632 622 612 602 593 583 574 564 554 545 537 530 524
535 541 543 545 548 551 558 565 569 574 573 573 572 571 569 568 566 565 563 562 560 559 556 554 552 551 549 548 546 544 535 526 517 509 506 504 501 499 499 499 498 498 499 501 502 504 512 521 530 539 538 538 537 536 551 566 584 603 613 623 632 642 650 658 666 675 685 695 705 715 712 710 705 700 694 688 681 675 665 655 643 632 621 611 600 590 583 576 571 566 557 549 540 531
525 531 531 531 531 532 536 540 544 548 552 556 557 559 556 554 553 552 554 556 556 557 555 554 552 550 549 549 548 547 539 531 523 515 511 508 504 501 500 499 498 497 499 502 504 507 514 522 530 538 540 542 543 545 553 561 569 578 591 605 618 631 640 649 657 666 674 682 690 699 698 698 694 691 686 682 677 672 662 653 642 632 620 608 596 584 578 572 568 565 559 553 545 538
510 514 517 520 521 522 521 521 522 524 530 536 540 544 540 537 534 532 537 542 546 551 550 550 549 549 549 550 549 549 544 539 533 527 521 515 509 504 502 500 498 496 499 502 505 509 516 523 530 538 541 545 548 552 560 568 576 585 596 607 619 631 638 646 653 661 666 671 675 680 682 684 684 685 681 678 673 669 660 651 641 631 620 609 597 586 580 575 572 569 564 560 554 549
506 508 509 510 511 512 513 514 514 515 517 520 522 524 523 523 523 524 529 535 539 544 544 545 545 546 548 550 551 552 550 549 546 544 535 527 520 513 512 511 509 508 509 510 511 513 519 525 531 538 541 545 549 553 562 572 582 592 603 614 625 636 643 650 657 664 666 668 670 672 673 675 677 679 676 673 668 664 656 649 639 630 619 609 597 586 584 582 582 583 578 573 565 558
499 500 501 503 503 503 500 498 497 497 499 501 502 504 505 507 509 511 516 522 527 532 534 537 540 543 546 549 551 553 552 551 549 548 542 536 530 525 524 523 522 522 522 522 522 522 525 529 533 537 541 546 550 555 566 577 588 599 609 619 629 639 647 656 664 672 672 673 673 673 671 669 668 667 664 661 657 654 648 642 635 629 619 609 597 586 584 582 583 585 580 575 568 561
497 498 499 500 498 497 491 485 482 479 482 485 487 489 490 491 493 496 503 510 516 523 526 529 532 536 541 546 549 553 552 551 550 549 547 545 542 540 538 536 534 532 531 531 531 531 532 534 535 537 542 548 553 559 571 583 595 607 614 622 629 637 646 656 665 675 676 677 677 677 672 668 663 658 655 653 651 649 644 639 633 628 619 611 601 592 589 586 586 586 583 581 577 573
492 492 492 493 490 488 481 475 471 468 472 476 478 481 481 482 484 486 492 498 503 509 511 513 516 520 529 539 545 552 551 551 551 551 552 554 555 556 555 555 554 553 549 546 543 540 541 542 542 543 547 552 557 563 575 588 600 613 619 625 630 636 650 664 677 691 689 688 685 683 677 672 666 660 655 651 647 643 639 635 631 628 621 615 607 600 597 595 594 593 590 588 584 580
483 483 483 484 482 480 472 465 461 457 460 464 467 470 471 473 476 479 484 490 495 501 505 509 514 519 528 537 544 552 554 556 557 559 560 561 562 563 564 566 567 568 562 557 552 548 553 558 562 566 565 565 564 564 576 589 602 615 620 625 630 635 651 667 682 698 697 696 693 691 685 679 673 667 660 653 646 640 637 635 632 630 624 619 613 607 605 603 601 600 597 594 590 587
475 474 476 478 476 475 468 461 457 453 455 457 459 461 462 463 466 469 476 483 490 497 502 507 513 519 528 537 544 552 555 559 562 565 566 568 569 570 572 574 575 577 573 569 566 563 567 572 576 580 578 576 574 573 583 594 605 616 621 627 632 637 652 668 683 699 699 699 698 697 693 689 684 679 671 663 655 647 646 645 645 646 639 632 624 616 612 608 605 602 599 597 594 591
465 463 466 469 469 469 463 457 453 450 450 450 451 452 452 453 455 457 461 466 471 477 485 493 501 510 519 529 537 546 551 557 562 567 570 573 575 578 580 582 583 584 580 577 574 572 576 581 585 590 587 584 581 578 587 597 607 617 624 631 638 645 658 672 686 700 702 704 705 706 701 697 692 688 680 673 664 656 654 652 651 651 644 637 629 621 616 611 607 603 602 601 600 600
450 448 450 452 452 453 450 447 445 443 442 442 442 443 444 446 448 451 456 461 467 473 481 489 496 504 512 521 529 538 546 555 562 569 573 577 580 584 584 585 585 585 583 581 579 578 582 586 589 593 591 590 589 588 596 604 612 621 629 637 645 654 665 677 688 700 703 707 710 713 707 702 695 689 683 677 671 665 662 659 656 654 647 640 633 626 622 618 614 611 609 607 606 605
439 436 436 437 437 437 435 434 434 434 435 437 438 439 440 442 444 446 448 451 455 459 468 477 486 496 505 515 525 535 545 555 563 572 576 581 584 588 588 588 587 587 586 586 586 587 594 601 606 612 608 605 602 600 606 613 620 627 635 644 652 660 670 681 691 701 705 709 712 716 711 706 700 695 689 683 677 671 671 671 672 673 664 655 645 635 631 628 625 622 618 614 610 606
429 426 424 425 426 426 427 426 426 426 426 427 428 429 431 433 435 437 439 442 446 451 456 465 474 482 491 498 506 516 526 540 555 566 577 580 584 587 591 592 594 594 595 594 594 594 595 601 607 612 617 613 610 607 605 611 618 624 631 640 650 659 668 679 690 701 712 713 715 717 719 716 713 710 707 700 694 687 681 679 678 676 675 665 656 645 635 632 629 627 625 621 618 614
420 417 414 414 415 416 418 419 421 421 422 421 421 422 423 426 430 433 437 441 445 450 455 462 470 478 486 494 502 513 524 539 555 568 581 585 589 593 597 599 601 603 605 605 605 605 606 609 613 615 618 617 617 617 618 628 638 647 656 665 674 683 692 702 713 723 734 731 728 725 723 721 719 716 714 708 703 698 693 692 691 690 690 678 667 654 642 639 637 636 635 630 626 621
412 410 408 409 410 411 413 415 418 419 420 419 419 419 419 421 423 426 430 435 441 446 452 457 463 470 477 487 497 509 521 537 554 567 581 586 592 596 600 601 603 605 607 609 611 613 615 618 621 623 625 623 621 621 622 636 650 663 676 683 691 699 707 717 728 738 749 744 740 735 730 729 728 726 725 718 711 704 697 696 695 694 693 682 671 659 648 646 644 643 642 637 633 628
409 408 407 408 409 410 411 412 414 415 416 416 417 418 419 420 421 422 424 426 429 433 438 447 456 464 472 479 487 499 511 530 549 564 579 585 592 597 602 603 604 606 608 612 616 619 623 627 631 634 637 633 630 629 628 642 657 670 684 691 698 705 713 723 734 743 753 749 745 741 737 736 735 734 733 725 717 709 701 699 697 695 694 686 679 671 663 658 653 649 645 641 638 634
404 404 405 406 407 408 409 409 410 411 412 413 415 416 418 419 420 421 422 424 426 429 433 439 446 454 462 472 482 494 507 525 543 558 574 582 591 597 604 606 608 610 613 618 624 628 633 635 637 639 642 648 655 660 665 671 677 684 691 697 704 711 719 728 738 746 755 751 748 744 741 739 737 735 733 727 721 714 708 704 701 697 694 687 680 673 666 664 663 661 660 654 649 643
395 396 397 398 399 399 400 400 401 403 406 409 413 414 416 416 417 418 420 422 424 427 430 434 439 445 452 461 470 482 494 510 527 542 558 570 583 593 603 608 614 618 623 628 633 638 643 646 649 652 655 658 661 665 670 678 686 693 701 706 712 718 724 732 740 747 755 751 748 744 740 738 736 734 732 728 724 720 716 712 709 705 702 694 687 679 672 670 668 667 666 660 655 649
383 384 386 388 391 391 392 391 390 392 394 398 403 406 410 411 413 415 417 420 423 425 428 431 434 439 445 453 462 472 483 497 511 525 540 555 570 583 597 606 615 623 631 636 641 645 650 655 660 664 669 670 671 673 676 683 691 698 706 710 715 720 726 733 741 747 754 750 746 742 739 737 735 732 730 728 726 723 721 716 711 706 702 694 687 679 672 670 669 667 666 662 659 655
377 379 381 384 388 389 390 388 387 387 388 390 393 395 398 401 404 406 409 410 412 415 418 422 427 433 440 450 460 470 481 492 504 516 529 543 557 571 586 598 611 622 634 641 649 655 661 664 667 670 673 675 677 679 682 688 694 700 706 710 715 720 725 731 738 743 749 745 741 737 733 732 731 730 729 728 727 726 725 719 713 707 702 694 687 679 672 670 669 668 667 665 663 661
371 372 373 376 380 381 383 383 384 384 385 386 388 390 393 396 399 401 403 404 405 408 412 417 423 430 438 447 456 465 474 482 490 501 513 527 542 557 572 588 605 619 634 644 655 662 670 671 673 675 677 680 684 687 691 694 697 700 703 707 711 715 719 723 728 732 736 732 728 724 721 722 724 725 727 727 727 726 726 719 713 707 701 694 688 681 675 675 676 676 676 673 671 668
366 366 367 369 371 373 375 376 378 378 379 378 378 380 382 386 390 393 397 399 402 406 410 416 422 428 435 442 449 456 464 471 479 489 499 513 527 543 560 579 599 616 633 644 656 664 672 672 673 674 676 679 682 685 688 691 694 697 700 701 703 705 707 707 708 708 709 708 707 706 706 710 714 717 720 721 723 724 726 719 713 706 700 695 691 686 682 683 684 685 686 682 679 675
361 361 362 364 367 368 370 371 373 373 373 372 371 373 376 381 386 390 394 397 401 405 410 416 422 427 433 439 445 451 458 465 473 483 494 507 521 537 553 572 592 609 627 640 653 661 670 670 671 669 668 661 654 654 654 666 678 686 695 692 690 688 687 686 686 685 684 684 684 685 686 692 698 704 710 712 715 717 719 714 710 705 701 698 695 692 689 689 689 689 689 688 688 686
355 355 355 356 358 360 362 365 368 369 370 370 370 373 376 381 386 390 394 397 401 405 410 415 421 426 432 437 443 449 456 463 471 480 490 503 516 530 545 561 578 593 608 619 631 638 645 645 645 643 642 638 635 636 637 650 664 672 681 675 669 666 663 665 668 670 672 671 671 671 672 678 685 691 698 702 706 709 712 708 705 702 699 698 697 696 695 693 692 691 690 691 692 692
350 351 352 353 354 355 357 359 362 364 366 367 369 372 376 380 385 389 394 397 401 405 410 415 421 426 432 437 442 448 455 462 470 478 487 497 507 518 530 543 557 569 582 595 608 616 624 622 620 619 619 620 621 623 626 632 639 644 650 647 644 642 641 646 651 655 659 657 656 656 656 661 666 671 676 683 690 696 703 701 699 697 695 695 696 697 698 698 699 699 700 698 696 695
349 351 353 354 356 357 359 360 362 363 365 367 369 372 375 378 382 386 391 395 399 403 408 412 417 423 429 435 441 447 454 460 467 474 482 491 500 510 521 534 547 559 571 581 591 598 605 607 609 610 611 610 610 612 614 619 624 628 632 631 631 631 632 637 642 645 649 648 647 646 646 650 655 659 664 668 672 675 679 679 679 680 681 686 692 697 702 705 708 710 713 709 705 701
353 355 357 360 363 363 364 363 363 364 365 367 369 371 374 377 380 384 389 394 399 402 406 408 411 417 423 431 439 445 452 457 462 468 475 483 491 500 509 519 530 540 550 561 572 579 587 590 593 596 599 601 604 606 609 613 618 621 625 626 628 630 632 636 641 643 646 642 639 637 635 637 640 643 646 650 655 660 665 667 669 672 675 682 690 697 704 707 711 714 717 713 709 705
361 363 365 368 371 371 371 369 367 367 367 368 369 370 372 373 375 379 384 390 397 402 407 411 415 420 426 433 440 445 450 453 457 462 467 473 480 490 500 513 526 537 548 556 565 570 576 577 578 581 584 590 596 600 605 608 611 614 617 620 624 627 630 633 636 637 638 632 626 622 619 624 629 634 639 642 646 650 655 662 670 676 683 688 694 699 705 710 715 719 723 717 712 707
369 371 373 374 376 375 375 373 372 371 371 370 370 370 371 371 372 377 382 389 396 402 408 413 419 424 430 435 441 445 449 451 454 458 462 467 472 481 490 504 519 530 541 547 554 559 564 567 570 574 578 584 591 595 600 602 605 608 611 615 619 621 623 621 620 618 617 612 608 605 603 609 615 621 628 635 642 649 656 665 674 682 690 693 697 701 706 711 717 722 727 722 718 714
385 386 387 387 387 385 383 380 377 375 374 373 372 372 372 372 372 376 380 385 391 398 405 412 420 425 430 433 437 441 445 448 452 456 460 463 467 474 482 493 504 514 525 535 546 552 559 560 561 565 570 578 587 590 593 588 583 584 586 597 608 612 616 609 602 597 592 590 588 588 589 597 606 614 623 632 642 651 660 669 678 685 693 695 698 701 704 710 716 721 726 724 722 719
398 399 401 400 400 397 395 392 390 388 386 384 383 383 383 384 386 386 386 386 386 392 398 407 417 422 427 429 431 435 440 445 450 454 458 460 463 470 478 489 501 509 517 522 527 531 536 539 542 546 550 556 562 565 569 567 565 566 568 578 588 594 600 596 592 587 583 581 579 580 581 589 597 606 615 627 639 650 662 670 679 685 692 693 694 696 698 705 713 719 725 723 721 719
406 406 406 404 403 401 399 396 393 392 392 393 395 394 394 393 392 390 389 387 385 390 395 403 412 417 423 425 428 432 437 442 448 452 457 460 463 469 475 483 492 498 504 507 511 511 512 511 510 515 520 530 541 547 554 556 559 561 564 568 573 576 580 581 582 582 582 579 576 576 577 584 592 601 610 623 637 649 662 669 677 683 689 688 688 689 691 700 710 717 725 723 721 720
419 418 418 415 412 410 408 406 405 404 404 403 402 403 405 407 409 409 410 409 408 406 405 405 405 409 414 419 425 430 435 440 445 449 454 458 462 467 473 480 488 494 500 504 508 509 510 508 507 509 511 518 525 532 539 544 550 554 559 561 564 566 568 569 571 571 572 570 568 569 570 579 589 599 610 623 637 649 661 668 675 680 685 684 684 685 687 697 707 715 724 723 723 723
424 424 425 423 421 419 418 416 415 414 414 415 416 415 415 413 412 413 414 415 417 415 413 410 407 409 411 416 422 425 429 431 434 440 446 453 460 466 472 478 484 489 494 500 506 507 509 507 506 507 509 514 520 525 530 534 538 542 547 551 555 557 559 558 557 556 556 556 557 561 565 576 587 598 610 623 637 648 660 664 669 673 677 677 677 679 681 692 703 712 721 722 724 726
433 433 434 433 433 434 436 437 439 435 431 426 421 419 417 415 414 415 417 419 422 420 418 414 410 410 411 413 416 418 420 421 422 429 437 448 459 467 475 480 485 487 489 489 490 492 494 497 501 504 508 512 517 520 524 526 529 532 535 539 543 546 549 550 552 552 553 553 554 558 563 575 588 599 611 622 633 642 652 657 662 665 669 670 672 675 679 690 701 710 720 723 727 730
445 444 444 442 440 444 448 453 459 452 445 434 424 424 425 429 433 432 431 429 428 429 430 431 433 429 425 420 416 417 419 423 427 433 440 448 457 463 470 475 481 484 487 487 487 489 491 494 498 501 504 507 510 513 517 520 524 526 529 530 532 535 538 542 547 550 553 553 554 558 563 575 587 598 609 618 628 636 645 650 656 660 665 668 671 675 680 691 703 713 723 729 736 741
446 446 447 446 446 449 452 456 460 453 447 438 430 430 430 433 436 435 434 432 430 433 436 440 445 441 438 431 424 425 427 432 437 440 444 446 449 450 452 452 453 456 459 464 469 473 478 481 485 488 492 495 499 503 507 511 515 518 522 523 525 528 532 536 541 545 549 551 554 559 564 575 587 596 606 612 619 626 633 642 651 658 665 669 673 678 684 695 707 717 728 735 743 750
