terrain/dems/testing/lincoln.dem.grd
ncols 300
nrows 300
xllcorner 0
yllcorner 0
cellsize 10
[rows 126 to 167 of 300, columns 188 to 281 of 300]
395 397 397 397 396 395 394 394 396 399 403 407 406 406 400 395 393 391 388 385 385 385 388 391 393 396 397 398 398 399 395 392 389 387 386 385 383 382 379 377 377 377 384 391 397 404 407 410 413 417 421 426 427 429 428 427 436 445 442 439 435 432 428 424 425 426 430 434 436 438 439 441 437 434 429 424 430 437 445 453 463 474 484 494 497 501 504 507 509 511 513 515 518 521
375 380 385 391 392 394 393 393 394 395 396 397 396 395 392 389 387 386 385 385 388 391 395 399 402 405 404 403 402 401 398 395 391 388 387 386 385 384 381 379 378 378 383 389 393 398 400 403 405 408 409 411 412 413 413 413 421 429 429 429 427 425 422 419 420 421 424 427 430 433 435 438 435 432 428 424 428 433 439 445 456 468 479 490 491 492 493 494 495 497 499 502 508 514
368 374 380 387 389 391 391 392 391 391 390 390 389 388 386 385 383 381 382 383 388 393 398 403 404 406 405 405 404 404 401 398 395 392 390 388 386 385 382 379 378 377 381 386 390 394 397 401 402 404 403 403 402 401 399 397 404 411 412 414 414 414 413 412 412 413 414 416 419 422 425 429 427 425 422 420 422 424 426 429 441 454 466 479 482 486 488 491 492 493 494 495 498 502
360 367 374 382 384 386 387 388 384 380 375 370 371 372 374 376 375 374 377 381 387 394 399 405 407 409 408 407 406 405 402 400 396 393 390 388 386 384 380 377 375 373 376 379 382 385 387 390 391 392 390 389 387 385 383 381 388 396 400 404 403 403 400 398 399 400 402 404 407 411 414 418 415 413 409 405 408 411 415 419 431 443 454 465 465 466 468 471 477 484 489 494 496 498
349 357 365 373 374 376 376 376 374 372 369 367 366 365 366 368 371 374 378 382 388 394 399 405 408 411 409 407 406 406 403 400 396 392 389 387 385 384 379 375 373 371 373 376 375 375 372 370 371 372 375 378 378 378 375 373 378 383 388 394 394 395 392 389 389 389 391 393 395 397 400 403 401 400 397 395 400 406 412 418 429 441 452 464 463 463 464 465 473 481 487 493 493 493
344 352 360 368 368 369 367 366 363 361 358 355 355 355 358 361 367 374 379 384 388 392 397 403 406 409 407 406 404 403 401 399 395 392 389 386 383 381 377 373 371 370 371 373 371 370 366 362 362 363 367 372 372 373 369 366 369 373 378 383 384 385 384 383 384 385 386 388 388 388 388 388 385 383 380 378 386 395 404 413 422 431 439 448 451 455 458 462 467 473 478 483 484 486
337 343 350 357 359 361 362 363 359 355 350 346 349 352 356 360 368 376 380 385 387 390 395 401 404 407 404 401 397 394 393 392 390 389 387 385 382 380 375 371 369 368 369 370 367 365 361 357 357 358 362 366 365 365 362 359 362 365 369 373 374 376 375 375 377 379 381 384 383 383 382 382 378 374 370 366 375 384 393 403 413 424 434 444 448 452 455 459 461 464 467 470 471 472
334 338 341 345 349 353 357 361 357 354 349 345 349 353 356 360 368 376 380 384 386 388 392 397 400 404 401 399 395 391 389 388 386 385 383 382 379 377 371 366 361 357 355 353 352 351 350 349 350 352 355 358 358 358 354 351 354 358 361 364 366 368 370 372 373 374 375 377 376 376 375 375 372 369 365 362 371 380 389 399 404 410 416 423 433 443 449 455 448 442 439 436 442 449
331 332 333 335 337 340 343 347 347 347 345 344 348 352 355 358 366 374 377 381 383 385 387 389 391 393 392 392 390 388 384 381 378 375 374 374 370 367 363 359 354 350 347 344 343 343 344 346 347 348 348 349 346 344 340 336 339 342 349 357 360 363 365 367 367 367 367 367 366 366 366 366 365 364 363 362 366 371 376 381 384 387 391 396 410 425 435 445 438 431 429 427 441 455
329 328 328 328 329 330 331 332 335 338 340 343 346 350 353 357 362 367 371 376 378 380 379 378 377 376 378 380 381 382 377 372 368 365 366 368 366 365 359 353 348 344 342 340 340 341 341 342 343 344 344 345 342 340 334 329 331 333 341 349 352 356 357 358 359 360 361 362 361 360 359 358 357 357 356 355 356 357 358 359 362 365 369 373 381 389 396 403 409 415 423 431 444 457
323 321 318 316 317 319 321 324 328 332 336 340 344 348 351 355 357 360 364 368 369 371 369 368 366 365 368 371 372 374 369 365 362 359 360 361 358 356 351 346 342 338 337 337 338 339 339 339 339 339 340 341 338 336 330 325 328 332 338 345 346 348 347 347 349 352 356 360 359 358 356 355 352 350 347 345 348 352 355 358 361 364 368 373 385 397 407 417 424 431 438 446 454 463
315 314 313 312 313 315 317 319 320 322 324 326 332 338 344 351 352 353 356 359 361 363 362 362 361 361 362 363 364 365 361 357 353 350 348 347 344 342 338 335 332 329 328 328 329 331 331 332 332 332 332 332 330 328 324 320 323 327 334 341 342 344 343 343 346 350 354 359 357 356 353 350 348 346 344 343 351 359 366 373 373 373 374 375 387 399 410 421 428 436 443 450 457 464
307 306 304 303 305 308 311 314 316 319 322 325 330 335 341 348 347 346 348 350 353 356 357 358 358 358 358 358 358 358 354 351 347 344 343 342 339 336 332 328 324 321 319 318 319 320 322 324 324 324 324 324 323 322 320 318 320 322 327 332 335 338 340 342 343 344 345 346 345 344 342 341 340 340 340 340 349 358 365 373 375 377 379 382 391 400 409 418 425 433 440 448 455 463
303 301 299 297 300 304 308 312 315 318 321 325 329 334 339 345 342 339 337 336 338 341 345 349 350 351 350 349 348 348 345 342 338 335 333 332 330 328 325 322 319 317 315 314 315 317 318 320 320 321 320 319 317 316 315 314 315 316 318 320 324 328 332 337 337 337 336 335 335 336 336 337 338 339 340 341 349 358 365 373 378 383 387 392 396 400 405 410 416 422 429 437 446 456
294 291 288 285 287 290 292 294 302 310 317 325 329 334 336 339 336 334 330 327 327 328 330 333 335 337 336 335 334 334 332 331 328 325 323 322 320 318 317 316 314 313 311 310 311 312 315 318 318 318 317 316 314 312 310 308 309 310 312 315 318 321 325 329 329 330 330 331 331 332 332 333 335 338 341 344 351 358 365 372 377 382 386 391 393 395 398 401 406 412 419 426 436 447
283 282 281 281 285 290 294 299 305 312 318 324 327 331 331 332 329 327 324 321 319 318 319 320 322 325 326 328 328 328 327 326 324 322 319 316 313 311 310 309 308 308 307 307 308 309 311 313 314 315 314 313 311 309 306 304 306 308 310 313 315 318 320 323 324 325 326 327 327 327 327 327 327 327 328 329 339 350 358 367 368 370 373 377 383 390 396 402 408 415 423 431 441 452
282 282 281 281 287 293 299 305 307 309 311 313 315 318 318 319 320 322 319 316 313 311 313 316 319 322 322 322 321 320 318 317 315 314 311 309 307 305 305 305 304 304 303 303 304 306 308 311 312 313 312 312 310 308 305 302 304 307 309 311 313 315 317 319 318 318 317 317 314 312 310 308 311 315 318 321 329 338 346 354 357 360 365 370 383 396 406 417 422 428 434 441 448 456
282 282 281 281 286 291 295 300 302 305 307 309 309 310 311 313 316 319 316 314 312 310 311 313 313 314 312 311 309 308 308 308 307 306 303 300 298 297 298 300 300 301 301 301 302 304 306 308 308 309 309 310 307 305 302 299 301 304 306 309 309 310 309 309 307 306 304 303 304 306 307 308 314 321 327 333 337 342 347 352 360 368 376 384 394 404 413 422 427 432 438 444 450 457
282 282 282 282 284 287 290 293 296 300 303 306 305 305 306 307 309 312 311 310 308 307 307 308 306 305 301 297 295 294 296 298 298 298 295 292 291 291 294 297 298 299 299 299 300 302 304 306 306 306 306 306 304 303 300 298 300 303 304 306 307 308 308 309 307 306 303 301 305 310 314 319 325 332 338 345 349 353 358 363 371 380 388 396 402 409 415 421 427 433 439 445 451 457
281 281 281 281 283 286 288 291 291 291 291 292 294 297 299 302 304 307 304 302 300 299 298 298 295 292 289 286 286 286 288 290 289 289 288 287 287 288 291 294 295 297 297 297 299 301 303 305 305 305 305 305 303 302 300 299 300 302 300 299 299 300 301 302 302 302 301 300 306 312 318 325 331 338 344 351 355 359 363 368 376 384 391 398 403 408 413 418 422 426 432 438 445 452
281 281 281 281 282 283 284 285 286 287 287 288 290 292 294 297 298 299 295 292 290 288 288 289 286 283 280 277 278 279 281 283 284 285 284 283 284 285 287 289 290 292 292 293 295 297 299 302 303 304 303 303 301 300 299 298 299 300 298 297 297 298 298 299 299 299 299 299 305 312 319 326 333 341 348 355 359 363 367 371 377 383 388 394 397 400 402 405 406 407 412 418 428 439
281 281 281 281 281 281 282 282 283 284 286 287 288 288 289 288 287 285 284 283 283 284 285 285 285 282 279 276 273 273 274 276 279 281 283 282 282 282 283 284 286 287 288 289 290 292 294 296 298 298 299 299 300 298 297 295 294 293 293 292 291 291 292 293 295 295 296 297 298 304 311 318 325 333 341 349 357 360 364 367 370 372 374 376 379 381 383 384 386 388 390 396 402 415
278 279 280 280 281 281 281 281 281 282 284 285 287 287 288 286 284 283 282 280 279 278 278 278 278 276 275 272 269 269 270 273 276 277 278 278 278 278 278 278 278 280 282 285 288 289 290 291 292 293 295 296 298 296 295 292 290 289 288 288 288 289 290 291 293 294 295 295 296 302 309 316 324 331 339 346 353 357 361 362 364 359 355 354 353 359 366 371 376 380 384 389 394 401
272 274 277 279 281 280 279 278 278 279 281 282 284 284 285 283 282 281 281 279 277 274 271 271 272 271 271 269 267 267 267 269 271 271 271 272 274 275 276 275 275 277 280 283 287 287 287 287 287 289 291 293 295 293 292 289 287 287 288 288 288 289 290 291 293 294 295 296 297 302 308 313 319 317 315 313 312 314 316 320 325 333 342 349 356 360 365 370 376 381 386 390 394 395
267 271 275 278 281 279 278 277 276 276 277 278 279 279 279 279 279 278 278 276 274 271 268 267 266 265 265 264 263 264 265 266 268 269 270 271 272 273 274 274 274 275 276 279 282 283 284 284 284 285 286 288 290 289 288 285 283 285 288 288 289 289 289 289 289 293 297 300 304 307 310 312 315 315 315 314 314 316 319 324 329 342 355 364 373 372 372 376 380 389 399 403 407 404
264 264 265 265 266 268 271 272 273 272 272 271 271 271 272 273 275 274 274 272 270 267 264 262 261 261 261 261 262 262 263 263 263 264 266 267 268 269 270 270 271 272 274 276 279 280 281 281 282 282 282 282 283 282 282 281 281 285 289 290 291 289 287 284 282 288 295 302 309 308 308 307 307 311 316 320 325 330 335 341 347 357 367 374 382 383 385 389 393 401 409 411 414 410
260 261 262 263 264 265 267 268 269 269 269 268 268 268 268 269 270 269 268 266 264 262 260 259 259 259 260 261 262 262 263 263 263 263 263 263 264 264 265 265 266 268 270 273 276 278 280 280 280 279 279 278 278 278 278 278 279 283 288 290 292 289 287 283 280 288 296 304 312 313 315 316 318 323 328 332 337 343 349 355 361 367 374 377 381 378 376 379 383 394 406 410 415 411
255 257 260 261 263 261 259 258 258 260 263 265 267 266 266 266 267 266 265 264 263 262 261 261 261 261 262 262 263 263 264 264 265 264 263 262 262 263 264 264 265 266 268 271 274 276 278 278 279 278 277 276 275 275 275 275 276 278 281 283 285 284 284 283 282 289 296 303 311 313 315 317 320 325 330 335 340 344 349 354 359 364 369 372 375 372 370 373 376 386 397 400 403 397
254 256 259 260 262 260 258 256 255 258 261 263 265 264 264 264 265 264 263 262 262 261 261 261 262 262 262 262 263 264 265 265 265 264 263 262 262 263 265 265 266 266 267 268 270 271 272 272 273 273 273 272 271 271 272 273 274 275 277 277 277 279 281 283 286 290 295 299 304 308 312 315 319 324 329 333 338 343 348 352 357 359 361 362 364 364 365 367 370 374 378 381 384 383
255 257 259 260 262 259 257 255 254 255 257 258 260 260 261 262 263 262 262 262 262 261 261 261 262 262 262 262 263 263 264 264 265 264 264 263 262 263 265 266 267 267 267 268 269 269 270 270 271 271 271 271 271 271 272 273 274 276 278 278 279 281 283 285 287 289 291 293 296 301 307 312 317 320 323 327 331 336 342 346 350 350 351 352 353 355 357 358 359 359 360 361 363 365
253 255 258 259 260 258 256 254 253 253 254 254 255 255 256 257 258 258 259 259 260 260 260 260 261 261 262 262 263 264 265 265 266 265 265 264 263 264 266 268 270 270 270 269 269 270 271 271 272 272 272 271 271 271 272 273 274 276 279 279 280 281 283 284 285 285 286 286 286 291 297 302 308 312 316 319 323 328 334 338 342 341 341 342 343 345 348 348 349 347 345 346 347 350
253 255 257 258 259 257 255 253 251 251 251 251 252 254 257 257 258 258 258 258 258 258 258 259 260 261 262 262 263 263 264 264 265 264 264 263 262 264 267 269 271 271 271 270 270 270 271 271 271 271 272 272 272 272 273 273 274 276 279 280 281 281 281 281 282 282 283 284 285 289 293 296 300 304 308 312 317 322 327 331 336 338 340 340 341 340 340 338 337 334 332 332 333 336
252 252 253 253 253 252 251 250 249 248 248 249 251 254 258 259 261 259 258 257 257 257 258 258 259 260 261 261 262 263 264 264 264 262 261 261 261 263 266 268 271 271 272 272 272 272 272 271 271 271 271 272 273 273 274 274 275 276 278 279 281 280 280 279 279 280 281 282 283 286 289 292 295 297 300 303 306 312 319 324 330 332 335 336 338 337 336 334 333 329 326 325 324 325
251 250 250 249 249 248 248 247 247 247 247 248 250 254 258 259 260 258 257 256 256 256 257 258 259 260 261 261 262 263 264 264 264 262 261 260 260 262 265 267 270 271 273 274 275 274 274 273 272 272 272 273 274 274 274 274 275 276 278 280 282 281 280 278 277 278 279 280 281 282 284 286 288 292 296 300 304 308 313 316 320 321 323 323 324 323 323 323 323 322 322 322 322 322
250 249 249 248 248 247 247 246 246 246 247 248 249 253 258 258 258 257 256 256 256 256 257 258 259 259 260 260 261 262 263 263 263 262 261 260 260 262 264 266 269 271 273 275 277 276 276 274 273 273 273 273 274 274 274 274 274 275 277 278 280 279 279 278 277 277 278 279 280 280 281 283 285 289 294 298 303 304 306 308 311 313 315 316 318 318 318 318 319 319 320 319 318 314
248 248 248 248 249 250 251 251 251 249 248 248 249 253 257 257 257 256 255 255 255 256 257 258 259 259 260 260 261 261 262 262 263 262 262 261 261 263 265 267 269 270 272 273 274 273 273 272 272 272 273 273 273 273 273 273 273 274 276 277 279 278 278 277 277 277 278 278 279 279 280 281 283 288 294 298 302 304 306 307 309 309 310 311 312 313 314 314 315 315 315 314 314 313
245 246 248 249 250 251 252 252 253 251 250 249 248 251 254 254 255 255 255 255 255 256 257 258 260 260 261 261 261 261 262 262 263 263 263 263 263 265 267 269 271 271 271 270 270 270 271 271 271 271 271 271 271 271 272 272 273 274 275 276 277 277 277 276 276 277 278 278 279 279 279 280 281 284 288 292 296 299 302 304 306 305 305 304 304 304 304 304 305 305 306 306 307 307
257 254 252 251 250 251 252 252 253 251 250 249 249 251 253 253 254 254 255 255 256 257 258 259 261 261 262 261 261 261 262 262 263 263 263 263 264 266 268 270 273 272 271 269 268 268 269 269 270 270 270 270 270 270 271 272 273 273 274 275 276 276 276 276 276 277 278 278 279 279 279 279 279 280 282 283 285 288 292 294 297 298 300 300 301 300 299 298 298 298 298 299 300 302
257 255 253 251 250 251 252 252 252 251 250 250 251 252 253 254 256 256 257 256 256 256 257 259 261 261 261 261 261 261 262 262 263 263 264 265 266 268 270 272 274 272 271 269 268 268 268 268 269 269 269 269 270 270 271 272 273 273 274 275 276 276 276 276 276 277 278 278 279 278 278 278 278 279 280 281 282 284 286 288 290 291 293 293 294 291 289 288 288 289 290 290 291 291
256 254 253 252 251 251 252 252 252 251 250 250 251 252 253 255 257 257 257 256 255 256 258 259 260 260 260 259 259 260 261 262 263 264 265 266 268 269 271 272 274 272 271 269 268 268 268 268 268 268 269 269 269 270 271 272 273 273 274 275 276 276 276 276 276 277 278 278 279 278 278 278 278 279 280 281 282 283 285 286 288 288 289 289 289 288 288 288 288 288 289 289 290 291
256 255 255 254 254 253 253 252 252 251 250 250 251 252 253 254 255 255 255 255 255 256 258 259 260 259 259 259 259 260 261 262 263 263 264 265 266 268 270 271 273 271 270 269 268 268 268 268 268 267 267 267 267 268 269 271 273 273 274 275 276 276 276 276 276 277 278 278 279 278 278 278 279 280 281 282 283 284 285 285 286 286 287 287 288 288 288 288 289 289 290 291 293 295
255 255 255 255 255 254 254 253 252 251 250 251 252 252 253 254 256 256 256 256 256 257 258 259 260 259 259 259 259 261 264 266 269 268 268 266 265 266 267 268 269 268 268 267 266 266 266 266 267 267 267 267 267 268 269 270 272 272 273 274 275 275 276 276 276 276 277 277 277 277 278 278 279 280 282 283 284 284 285 285 286 286 287 287 288 288 289 289 290 290 290 292 295 298
