terrain/dems/testing/singleTP.dem.grd
ncols 160
nrows 91
xllcorner 245814.500000
yllcorner 688877.500000
cellsize 5.000000
NODATA_value -9999.000000
[rows 0 to 33 of 91, columns 77 to 153 of 160]
54.29 54.55 54.19 53.74 56.97 59.36 60.02 58.31 57.47 57.27 57.93 57.45 57.39 57.10 56.56 56.56 56.94 57.06 56.87 56.89 57.14 57.36 57.53 57.43 57.21 57.20 57.42 57.54 57.98 58.19 57.90 58.03 58.62 58.68 58.31 57.96 57.96 58.25 58.33 58.45 58.60 58.57 58.48 58.52 58.80 59.48 59.75 59.29 58.87 58.77 58.79 59.09 59.69 60.19 59.74 59.17 59.06 58.98 59.03 59.40 59.57 59.45 59.43 59.51 59.87 60.30 60.44 60.10 60.06 60.36 60.44 60.48 60.07 59.61 59.83 60.36 60.65
54.68 55.07 54.71 55.18 56.35 57.16 57.53 57.85 57.87 58.68 58.37 57.57 57.41 57.30 56.74 56.68 57.10 57.19 56.93 56.82 56.96 57.02 57.25 57.47 57.36 57.15 57.17 57.46 57.70 57.57 57.53 57.96 58.25 58.41 58.34 58.18 58.10 58.19 58.47 58.63 58.37 58.34 58.56 58.65 58.78 59.07 59.33 59.10 58.86 58.79 59.05 59.20 59.40 59.72 59.54 59.38 59.30 58.86 58.46 58.95 59.34 59.62 59.65 59.38 59.47 59.82 60.17 59.96 59.72 59.65 59.72 59.93 59.59 59.25 59.63 60.22 60.45
54.31 54.62 55.13 56.91 57.16 57.35 57.59 57.69 57.46 57.50 57.30 56.97 57.24 57.28 56.75 56.78 56.99 57.11 57.02 57.07 57.20 57.40 57.78 58.14 57.91 57.49 57.36 57.67 57.71 57.28 57.32 57.61 57.64 57.93 58.38 58.50 58.16 58.02 58.56 58.68 58.20 58.31 58.51 58.66 58.75 58.68 58.68 58.74 58.73 58.78 59.26 59.30 59.12 59.19 59.39 59.58 59.39 58.78 58.63 58.88 58.77 59.50 60.06 59.56 58.94 58.88 59.55 59.73 59.59 59.43 59.28 59.30 59.16 59.18 59.63 60.07 59.96
53.91 54.20 55.30 56.76 57.66 58.66 59.39 57.86 56.80 56.92 57.01 57.09 57.25 57.00 56.73 56.95 57.20 57.37 57.30 57.35 57.49 57.69 57.96 58.06 57.84 57.51 57.26 57.64 57.75 57.40 57.47 57.65 57.55 57.81 58.14 58.37 58.13 58.04 58.54 58.54 58.25 58.42 58.49 58.55 58.59 58.39 58.53 59.07 59.19 59.16 59.51 59.46 58.94 58.70 59.08 59.34 59.10 58.89 59.34 59.16 58.75 59.46 60.15 59.73 58.97 58.75 59.25 59.54 59.57 59.30 58.99 59.03 59.08 59.24 59.52 59.51 59.48
53.93 54.33 55.04 55.87 56.47 57.82 58.37 57.27 56.92 57.18 57.67 57.76 57.29 56.89 57.03 57.41 57.70 57.60 57.40 57.44 57.57 57.77 57.81 57.63 57.56 57.31 57.04 57.40 57.80 57.72 57.91 58.01 58.01 57.89 57.81 58.09 57.83 57.79 58.11 58.15 58.40 58.81 58.72 58.54 58.41 58.30 58.61 59.16 59.58 59.52 59.62 59.39 58.66 58.58 58.90 59.01 58.93 59.19 59.61 59.10 58.79 59.30 59.74 59.67 59.33 59.04 59.11 59.20 59.16 58.93 58.90 59.10 59.16 59.30 59.10 58.89 59.00
53.90 54.23 54.81 55.17 55.49 56.17 56.39 56.83 56.82 56.75 57.13 57.43 57.23 57.15 57.40 57.58 57.80 57.61 57.46 57.49 57.44 57.49 57.49 57.54 57.67 57.43 57.16 57.64 57.98 58.06 58.32 58.41 58.38 58.21 58.29 58.37 57.99 57.75 57.77 58.02 58.88 59.24 58.88 58.42 58.34 58.71 58.56 58.61 59.04 59.22 59.22 58.92 58.74 59.02 58.99 59.00 58.85 59.16 59.29 58.73 58.59 59.12 59.49 59.54 59.42 59.12 58.88 58.49 58.43 58.61 59.11 59.14 59.05 59.10 58.84 58.67 58.64
53.86 54.12 54.47 55.05 55.61 56.29 57.90 58.35 58.07 56.83 56.97 57.03 57.41 57.60 57.56 57.39 57.44 57.21 57.32 57.52 57.40 57.25 57.12 57.23 57.42 57.36 57.38 57.61 57.70 57.99 58.39 58.24 58.21 58.38 58.50 58.40 58.23 58.21 57.82 57.98 58.97 59.25 58.72 58.08 58.35 58.85 58.41 58.22 58.67 58.77 58.77 58.66 59.04 59.15 59.01 58.85 58.48 58.77 59.02 58.88 58.98 59.41 59.46 59.22 58.96 58.98 58.71 58.20 58.10 58.50 59.01 58.89 58.76 58.78 58.67 58.65 58.58
54.04 54.39 54.52 54.64 55.03 57.75 60.68 61.22 60.24 58.12 56.87 57.23 57.56 57.81 57.84 57.76 57.36 57.24 57.14 57.46 57.65 57.56 57.23 57.19 57.32 57.48 57.45 57.50 57.61 57.89 58.00 57.79 57.86 58.11 58.19 58.14 58.35 58.27 57.80 57.86 58.61 58.95 58.62 58.12 58.36 58.55 58.20 58.38 58.59 58.73 59.08 59.40 59.44 59.09 58.78 58.39 58.18 58.67 59.25 59.49 59.37 59.30 59.03 58.65 58.51 58.79 58.78 58.29 58.27 58.46 58.72 58.76 58.72 58.53 58.36 58.44 58.54
54.02 54.51 54.63 54.00 54.08 58.19 61.73 62.22 60.71 58.38 57.18 57.26 57.20 57.40 57.89 58.04 57.59 57.27 57.29 57.37 57.52 57.55 57.51 57.68 57.87 57.94 57.74 57.85 58.06 58.20 58.12 58.02 58.08 58.19 58.30 58.40 58.47 58.55 58.24 58.12 58.39 58.87 58.93 58.40 58.36 58.31 58.25 58.62 58.52 58.67 59.21 59.65 59.40 58.84 58.60 58.30 58.35 58.79 59.34 59.29 58.88 58.65 58.59 58.47 58.45 58.74 58.40 58.11 58.40 58.35 58.22 58.47 58.62 58.41 58.30 58.33 58.45
53.72 53.95 54.02 54.34 56.99 59.85 61.32 60.90 58.77 56.86 56.72 56.79 56.77 57.20 57.70 57.76 57.73 57.86 57.80 57.34 57.08 57.28 57.84 58.04 57.91 58.02 58.14 58.21 58.16 58.24 58.36 58.37 58.38 58.46 58.48 58.31 58.64 59.07 58.78 58.48 58.40 59.01 59.08 58.41 58.22 58.10 58.41 58.81 58.60 58.57 58.87 59.19 58.94 58.63 58.47 58.40 58.58 58.87 58.98 58.72 58.39 58.57 58.76 58.49 58.38 58.28 57.92 58.09 58.51 58.13 57.72 57.94 58.20 58.34 58.38 58.49 58.58
53.82 53.74 54.15 59.38 60.90 61.06 60.61 58.93 56.57 56.28 56.58 56.58 56.81 57.54 57.66 57.52 57.71 58.08 58.05 57.51 57.04 57.31 57.88 57.79 57.35 57.70 58.19 58.06 57.82 57.98 58.23 58.26 58.46 58.65 58.17 57.83 58.43 58.90 58.77 58.43 58.36 58.96 58.71 58.23 58.06 57.97 58.38 58.44 58.22 58.31 58.44 58.46 58.50 58.53 58.47 58.35 58.57 58.80 58.82 58.43 58.20 58.67 58.76 58.48 58.24 57.97 58.00 58.54 58.87 58.34 57.80 57.66 57.88 58.22 58.31 58.42 58.58
53.83 53.62 57.43 62.00 61.21 60.50 59.06 56.67 55.76 56.60 56.74 56.50 57.11 57.97 57.80 57.44 57.43 57.76 57.99 57.84 57.70 57.61 57.59 57.41 57.09 57.48 57.80 57.86 57.84 58.03 58.22 58.31 58.59 58.32 57.89 57.89 58.44 58.57 58.54 58.19 58.15 58.51 58.47 58.29 58.10 58.02 58.17 57.91 57.72 58.10 58.10 57.84 57.99 58.48 58.49 58.35 58.33 58.55 58.67 58.24 57.95 58.10 58.29 58.30 58.28 58.13 58.30 58.73 58.94 58.67 58.03 57.46 57.47 57.93 58.29 58.27 58.18
53.38 53.18 59.04 61.39 60.45 59.00 56.61 54.99 55.50 56.37 56.26 56.06 56.78 57.67 57.58 57.28 56.98 57.15 57.53 57.88 58.06 57.58 57.35 57.30 57.51 57.62 57.65 57.87 57.85 57.95 58.22 58.51 58.27 57.94 57.96 58.53 58.66 58.54 58.46 58.13 57.95 58.39 58.79 58.70 58.31 58.10 58.20 58.08 58.22 58.52 58.21 57.75 57.97 58.47 58.75 58.82 58.55 58.67 58.69 58.25 57.75 57.77 57.93 58.06 58.14 58.38 58.46 58.49 58.74 58.73 58.28 57.53 57.12 57.60 58.32 58.39 57.99
52.92 54.36 60.25 60.66 59.93 57.79 55.28 54.58 55.09 55.63 56.00 56.06 56.28 56.42 56.61 56.87 56.71 56.75 56.86 57.19 57.40 57.31 57.14 57.41 57.88 57.78 57.66 57.67 57.51 57.66 58.18 58.44 58.28 58.03 58.30 58.77 58.69 58.54 58.56 58.30 57.94 58.36 58.94 58.72 58.25 57.96 57.95 58.24 58.70 58.74 58.39 57.89 57.91 58.16 58.64 58.89 58.87 59.05 58.75 58.13 57.65 57.71 57.87 57.78 57.82 58.15 58.28 58.24 58.40 58.50 58.38 57.81 57.30 57.49 57.94 58.15 57.75
53.65 58.57 60.81 60.43 59.29 56.86 54.98 54.77 55.10 55.61 56.36 56.58 56.34 56.01 56.27 56.76 56.87 56.90 56.62 56.44 56.66 56.84 56.97 57.23 57.57 57.53 57.49 57.46 57.51 57.75 58.05 58.08 58.02 57.89 58.09 58.53 58.42 58.30 58.47 58.26 57.81 58.20 58.70 58.44 58.14 57.97 58.02 58.46 58.45 58.22 58.00 57.84 57.81 57.75 57.98 58.37 58.96 59.17 58.67 58.05 57.76 57.89 57.95 57.67 57.50 57.59 57.62 57.68 58.02 58.04 58.06 57.86 57.73 57.47 57.26 57.40 57.38
55.11 59.33 60.84 60.16 58.36 56.08 55.06 55.52 55.62 55.78 56.27 56.38 56.26 56.25 56.66 57.01 57.06 57.06 56.77 56.59 56.63 56.78 56.84 56.90 57.06 57.21 57.34 57.42 57.65 57.86 57.81 57.73 57.75 57.66 58.04 58.32 58.09 57.86 58.07 58.05 57.78 58.10 58.41 58.26 58.15 58.08 58.29 58.53 58.12 57.58 57.63 57.96 58.09 57.74 57.77 58.29 58.89 58.94 58.32 57.97 57.99 58.05 57.77 57.44 57.43 57.42 57.19 57.46 57.84 57.97 57.82 57.66 57.75 57.35 56.74 56.80 57.06
53.15 58.24 59.86 58.99 56.90 55.14 55.23 56.01 55.91 55.70 55.97 56.26 56.29 56.48 56.86 56.93 56.96 56.85 56.89 56.97 56.94 56.86 56.84 56.74 56.81 57.15 57.27 57.33 57.52 57.55 57.57 57.64 57.74 57.92 58.36 58.27 57.98 57.97 58.11 58.00 57.73 57.79 58.12 58.14 57.99 57.88 58.10 58.25 57.74 57.52 57.65 58.15 58.36 58.07 58.14 58.36 58.45 58.32 58.06 58.12 58.13 58.00 57.66 57.39 57.70 57.61 57.31 57.46 57.98 58.20 57.96 57.60 57.51 57.21 56.80 56.54 56.69
55.83 58.93 58.97 57.51 55.41 54.53 54.91 55.50 55.57 55.48 56.02 56.45 56.39 56.72 56.89 57.00 57.00 56.95 57.14 57.04 56.69 56.69 56.98 56.98 57.11 57.22 57.23 57.45 57.47 57.33 57.14 57.14 57.24 57.68 57.96 57.68 57.84 58.11 58.04 57.79 57.49 57.62 58.03 58.14 57.99 58.02 58.25 58.02 57.55 57.60 57.89 58.17 58.22 58.24 58.46 58.22 57.96 57.98 58.08 58.18 57.96 57.79 57.58 57.46 57.56 57.58 57.54 57.82 57.93 57.88 57.67 57.45 57.14 56.93 56.88 56.57 56.52
58.81 58.86 57.71 55.84 54.54 54.39 54.78 55.29 55.34 55.37 55.87 56.14 56.49 56.91 57.08 57.30 57.20 57.26 57.39 56.88 56.77 56.79 57.23 57.44 57.37 57.09 56.90 57.21 57.38 57.25 56.96 56.86 56.83 57.24 57.54 57.54 57.80 57.95 57.79 57.54 57.27 57.43 57.92 58.04 58.04 58.17 58.20 57.85 57.52 57.80 58.30 58.60 58.49 58.36 58.31 58.05 57.99 57.97 58.05 58.07 57.73 57.52 57.48 57.33 57.20 57.48 58.02 57.98 57.46 57.04 56.92 57.05 56.96 57.14 57.35 57.07 57.06
58.62 58.47 56.84 55.31 54.65 54.47 54.86 55.19 55.25 55.32 55.40 55.83 56.46 56.68 56.79 57.01 56.91 57.14 57.32 56.89 56.71 57.27 57.47 57.57 57.46 56.94 56.67 56.96 57.26 57.25 57.26 57.46 57.48 57.76 57.98 57.84 57.93 58.03 57.96 57.77 57.34 57.34 57.73 57.88 58.05 57.82 57.63 57.69 57.97 57.97 58.36 58.95 58.94 58.47 58.09 57.90 57.86 57.79 57.77 57.67 57.44 57.18 57.11 57.01 57.11 57.68 58.06 57.71 57.10 56.70 56.54 56.66 56.99 57.61 57.81 57.57 57.69
58.13 57.80 56.33 55.54 55.17 54.82 54.98 55.15 55.39 55.53 55.57 55.79 56.15 56.08 56.34 56.48 56.60 57.17 57.38 57.05 57.14 57.47 57.38 57.31 57.12 56.84 56.83 57.10 57.50 57.36 57.39 57.61 57.80 58.29 58.18 57.64 57.60 58.08 58.02 57.86 57.51 57.43 57.48 57.76 58.12 57.72 57.46 58.10 58.32 57.87 57.93 58.54 58.57 58.08 57.79 57.55 57.42 57.53 57.43 57.16 57.00 56.74 56.55 56.52 56.92 57.52 57.66 57.41 57.23 56.99 56.53 56.27 56.49 57.44 57.64 57.48 57.72
57.35 56.68 55.54 55.54 55.40 55.29 55.18 55.32 55.67 55.99 56.13 56.44 56.48 56.27 56.37 56.28 56.63 57.21 57.09 56.86 57.11 57.41 57.28 57.14 56.98 56.92 56.98 57.26 57.57 57.50 57.31 57.04 57.29 57.77 57.63 57.08 57.39 57.85 57.79 57.70 57.43 57.15 56.99 57.39 57.88 57.34 57.24 58.11 58.28 57.84 57.80 58.11 57.94 57.50 57.41 57.12 56.99 57.25 57.17 56.96 56.79 56.53 56.40 56.35 56.46 56.72 57.09 57.22 57.39 57.23 56.64 56.03 56.26 57.11 57.29 57.20 57.47
56.80 56.31 55.63 55.51 55.43 55.36 55.30 55.44 55.79 56.43 56.96 57.44 57.11 56.72 56.60 56.48 56.69 56.61 56.35 56.37 56.90 57.08 57.02 57.25 57.20 57.03 57.02 57.21 57.39 57.38 57.22 57.04 57.09 57.16 57.19 57.40 57.55 57.54 57.41 57.29 56.97 56.69 56.56 57.02 57.39 56.88 56.88 57.63 57.85 57.72 57.75 57.98 57.66 57.25 57.28 57.07 56.90 56.97 56.98 57.04 56.85 56.63 56.57 56.46 56.03 56.17 56.83 57.16 57.30 57.04 56.46 56.14 56.46 56.69 56.87 57.17 57.47
56.58 56.24 55.80 55.57 55.43 55.34 55.31 55.45 55.84 56.43 57.21 57.48 57.03 56.78 56.94 57.10 56.75 56.37 56.29 56.53 56.86 56.72 56.59 56.96 57.05 56.88 56.99 57.29 57.27 57.04 57.02 57.28 57.26 57.22 57.69 58.03 57.75 57.31 57.14 57.05 56.74 56.33 56.20 56.58 57.06 57.03 57.15 57.33 57.45 57.57 57.86 57.95 57.47 57.22 57.41 57.34 57.19 56.90 56.83 56.91 56.96 56.93 57.02 56.92 56.27 56.43 56.84 56.99 56.94 56.48 56.32 56.65 56.50 56.25 56.27 56.76 57.31
56.53 56.30 55.94 55.66 55.45 55.30 55.22 55.24 55.37 55.74 56.36 56.63 56.56 56.84 57.31 57.46 56.85 56.44 56.62 56.72 56.68 56.28 56.07 56.49 56.69 56.80 56.99 57.19 57.10 56.91 57.00 57.15 57.14 57.27 57.46 57.56 57.34 57.18 57.13 57.18 56.90 56.36 55.98 56.19 56.82 57.28 57.17 56.87 57.03 57.61 58.03 57.77 57.25 57.15 57.27 57.23 57.03 56.78 56.76 56.60 56.74 56.99 57.32 57.18 56.75 56.61 56.48 56.49 56.38 56.44 57.26 57.20 56.48 56.20 56.18 56.29 56.85
56.57 56.37 56.05 55.74 55.48 55.29 55.18 55.15 55.25 55.52 55.95 56.27 56.49 56.87 57.28 57.37 56.97 56.61 56.77 56.96 56.83 56.23 56.15 56.45 56.54 56.60 56.63 56.67 56.79 56.79 56.87 56.77 56.77 56.75 56.58 56.74 56.88 56.91 56.87 56.96 56.94 56.64 56.19 56.25 56.72 57.03 56.78 56.35 56.39 57.09 57.63 57.40 57.09 56.96 56.73 56.63 56.40 56.60 56.79 56.47 56.25 56.43 56.87 56.79 56.48 56.30 56.21 56.08 55.99 56.63 57.24 56.75 56.16 56.54 56.75 56.47 56.44
56.62 56.44 56.14 55.81 55.52 55.32 55.20 55.19 55.28 55.52 55.85 56.18 56.50 56.87 57.20 57.32 57.16 56.70 56.74 57.06 56.97 56.63 56.77 56.80 56.70 56.71 56.63 56.64 56.64 56.67 56.70 56.60 56.62 56.45 56.42 56.69 56.71 56.82 56.87 56.81 56.83 56.70 56.40 56.43 56.55 56.70 56.51 56.07 56.01 56.47 56.80 56.73 56.76 56.49 56.35 56.23 55.98 56.31 56.62 56.21 55.71 55.96 56.62 56.65 56.71 56.85 56.39 55.86 55.88 56.45 56.54 56.02 55.75 56.71 57.03 56.64 56.11
56.67 56.49 56.19 55.86 55.57 55.37 55.27 55.28 55.39 55.60 55.90 56.21 56.53 56.85 57.11 57.21 57.11 56.87 56.86 57.02 57.01 56.90 56.96 56.96 56.90 56.89 56.87 56.89 56.66 56.56 56.51 56.72 57.02 56.63 56.55 56.66 56.67 56.96 56.92 56.66 56.56 56.52 56.39 56.31 56.32 56.27 56.08 55.93 55.89 55.96 55.87 56.03 56.06 56.21 56.28 55.98 55.81 56.05 55.94 55.48 55.34 55.89 56.49 56.65 57.02 56.93 56.16 55.49 55.83 56.30 56.28 55.80 55.57 55.96 56.19 55.98 55.73
56.69 56.53 56.23 55.90 55.62 55.43 55.36 55.39 55.51 55.72 55.98 56.27 56.56 56.82 57.01 57.10 57.05 56.94 56.92 56.99 57.00 56.99 57.02 57.02 57.01 57.01 57.01 56.95 56.60 56.31 56.21 56.85 57.41 56.93 56.56 56.44 56.73 56.97 56.62 56.26 56.34 56.52 56.36 56.21 56.19 56.05 55.97 55.94 55.83 55.50 55.36 55.45 55.59 55.90 55.90 55.58 55.70 55.79 55.51 55.24 55.50 56.00 56.25 56.68 56.69 56.28 55.62 55.52 56.01 56.07 56.08 55.89 55.49 55.35 55.43 55.62 55.78
56.71 56.54 56.24 55.92 55.65 55.49 55.43 55.48 55.62 55.82 56.07 56.33 56.58 56.79 56.94 57.01 56.99 56.95 56.93 56.95 56.97 56.98 57.01 57.03 57.04 57.06 57.07 57.01 56.78 56.55 56.41 56.76 57.06 57.08 56.62 56.51 56.82 56.68 56.14 55.94 56.27 56.52 56.34 56.30 56.29 56.24 56.21 56.20 56.00 55.68 55.55 55.43 55.44 55.60 55.46 55.47 55.74 55.74 55.54 55.47 55.81 55.81 56.01 56.58 56.48 55.95 55.94 56.36 56.27 55.90 55.96 56.05 55.72 55.44 55.60 55.82 55.81
56.71 56.55 56.25 55.94 55.68 55.53 55.49 55.56 55.70 55.91 56.13 56.37 56.58 56.76 56.88 56.93 56.94 56.92 56.91 56.91 56.92 56.94 56.96 56.99 57.02 57.04 57.04 56.98 56.83 56.68 56.60 56.75 56.92 56.94 56.72 56.62 56.69 56.52 56.18 56.07 56.27 56.40 56.26 56.22 56.28 56.26 56.17 56.13 56.20 56.15 56.11 55.87 55.72 55.63 55.61 55.91 56.12 56.12 55.78 55.51 55.60 55.56 55.73 56.04 55.76 55.86 56.46 56.68 56.10 55.55 55.87 56.07 55.78 55.63 55.81 55.70 55.41
56.71 56.55 56.25 55.94 55.69 55.56 55.53 55.61 55.76 55.96 56.18 56.39 56.58 56.73 56.83 56.88 56.89 56.88 56.87 56.87 56.88 56.89 56.91 56.94 56.96 56.98 56.98 56.93 56.84 56.74 56.69 56.76 56.84 56.85 56.75 56.68 56.64 56.51 56.33 56.28 56.37 56.36 56.06 55.97 56.00 56.02 55.85 56.02 56.20 56.28 56.43 56.40 56.06 55.72 55.88 56.21 56.25 56.20 55.73 55.22 55.23 55.40 55.72 55.59 55.32 55.82 56.37 56.27 55.55 55.42 55.99 55.98 55.70 55.81 55.79 55.34 55.19
56.71 56.54 56.25 55.94 55.70 55.57 55.55 55.64 55.79 55.99 56.20 56.40 56.57 56.71 56.80 56.84 56.86 56.85 56.85 56.84 56.84 56.85 56.87 56.89 56.91 56.92 56.91 56.88 56.82 56.76 56.73 56.76 56.80 56.81 56.76 56.70 56.65 56.57 56.49 56.49 56.57 56.62 56.46 56.20 56.17 56.09 56.00 56.16 56.10 56.07 56.29 56.32 56.04 55.83 56.09 56.28 56.13 55.93 55.48 55.14 55.06 55.34 55.72 55.52 55.33 55.62 55.79 55.58 55.38 55.79 56.01 55.70 55.72 56.12 55.90 55.42 55.31
56.71 56.54 56.24 55.94 55.70 55.58 55.56 55.65 55.81 56.00 56.21 56.40 56.57 56.69 56.77 56.82 56.83 56.83 56.83 56.82 56.82 56.82 56.83 56.84 56.86 56.86 56.85 56.83 56.79 56.75 56.74 56.76 56.78 56.78 56.76 56.72 56.68 56.64 56.60 56.62 56.66 56.68 56.56 56.37 56.26 56.17 56.11 56.14 56.10 56.08 56.18 56.20 56.05 55.95 56.06 56.14 55.95 55.85 55.63 55.49 55.37 55.34 55.38 55.41 55.44 55.37 55.24 55.30 55.63 56.04 55.83 55.48 55.87 56.17 56.00 55.76 55.82
