terrain/dems/testing/singleTP.dem.grd
ncols 160
nrows 91
xllcorner 245814.500000
yllcorner 688877.500000
cellsize 5.000000
NODATA_value -9999.000000
[rows 0 to 33 of 91, columns 0 to 76 of 160]
38.88 38.69 38.75 38.69 38.68 38.42 37.96 38.10 38.68 38.69 40.78 44.02 44.34 46.87 53.17 55.53 55.36 56.56 56.39 52.59 48.92 45.95 43.59 40.55 39.79 39.08 39.51 39.37 39.77 39.87 39.85 40.23 40.35 40.27 40.59 41.07 41.64 42.28 42.35 42.10 42.74 42.88 43.16 43.91 44.19 44.58 44.86 45.58 45.98 45.81 46.16 46.53 46.31 46.70 47.48 48.01 48.57 48.49 48.74 49.57 50.40 51.01 51.11 51.22 51.20 51.35 51.65 51.90 52.12 52.18 52.43 52.88 52.78 52.66 53.08 53.74 54.31
38.67 38.60 38.62 38.17 38.09 38.03 38.17 38.55 38.75 38.68 41.90 44.27 48.76 54.87 56.77 55.54 55.62 56.03 52.56 49.94 47.81 45.48 42.01 39.24 39.02 39.21 39.26 39.06 39.54 39.64 39.62 40.06 40.30 40.43 40.80 41.27 41.62 42.13 42.19 42.43 43.13 42.99 43.23 43.48 43.69 44.37 45.07 45.82 46.11 46.01 46.69 47.17 46.86 47.17 47.84 48.09 48.41 48.77 49.36 49.98 50.56 50.91 50.81 51.13 51.34 51.25 51.40 51.82 52.26 52.56 52.55 52.62 52.73 52.85 53.28 54.02 54.47
38.25 38.10 38.15 37.68 37.55 37.88 38.37 38.86 39.13 42.86 44.88 48.57 53.39 54.96 55.48 56.32 55.85 52.26 49.30 47.48 46.18 43.28 39.78 39.34 39.57 39.82 39.39 39.06 39.47 39.82 40.15 40.59 40.58 40.46 40.63 41.00 41.37 41.93 42.24 42.89 43.22 43.34 43.72 43.64 43.84 44.58 45.12 45.80 46.27 46.29 46.67 47.03 46.85 47.34 48.00 48.40 48.88 49.14 49.38 49.62 50.08 50.32 50.48 51.09 51.43 51.20 51.26 51.74 52.42 52.81 52.76 52.75 52.95 53.05 53.40 54.11 54.34
37.80 37.48 37.48 37.62 38.23 39.02 40.15 40.76 43.25 48.25 50.20 53.64 53.95 54.02 55.77 56.87 54.10 49.96 46.52 44.35 42.49 39.90 39.45 39.57 39.79 39.82 39.41 39.17 39.39 39.80 40.45 40.83 40.56 40.35 40.58 40.80 41.15 41.51 42.06 42.73 42.75 43.35 43.92 43.93 44.35 44.92 45.05 45.27 45.96 45.95 46.14 46.44 46.81 47.49 48.12 48.76 49.18 49.33 49.13 49.03 49.43 50.20 50.69 51.19 51.35 51.29 51.50 52.03 52.45 52.87 53.01 53.17 53.42 53.24 53.49 54.05 53.99
37.47 37.31 37.37 39.17 40.28 40.97 44.15 44.93 48.32 51.33 53.19 54.30 54.41 54.61 56.17 54.72 50.58 46.59 43.07 40.64 38.92 39.34 39.59 39.59 39.61 39.60 39.45 39.30 39.35 39.45 39.91 40.37 40.34 40.57 40.88 41.09 41.45 41.57 42.00 42.25 42.20 42.78 43.46 43.68 44.23 44.89 44.90 44.82 45.05 45.46 46.21 46.76 47.26 47.65 48.29 48.84 49.19 49.28 49.17 49.19 49.67 50.42 51.01 51.24 51.10 51.32 51.77 52.15 52.43 52.83 52.93 53.12 53.36 53.23 53.49 53.82 53.83
39.15 38.60 39.36 42.37 41.82 44.39 48.75 48.37 50.75 51.37 51.71 53.68 54.93 54.61 52.96 50.13 48.21 45.39 42.01 39.07 38.93 39.25 39.51 39.66 39.62 39.65 39.67 39.75 39.71 39.44 39.68 40.47 40.56 40.67 40.83 41.20 42.05 42.41 42.41 42.38 42.29 42.96 43.56 43.42 43.64 44.10 44.53 44.71 44.77 45.56 46.44 46.76 47.04 47.43 48.08 48.54 48.88 49.18 49.28 49.66 50.12 50.63 51.18 51.21 51.02 51.49 51.95 52.14 52.29 52.54 52.32 52.58 53.07 53.26 53.58 53.69 53.71
42.43 41.68 43.29 44.44 44.90 51.76 51.09 50.45 51.68 50.84 49.75 51.49 54.47 52.12 46.81 45.47 45.41 43.30 39.87 38.86 39.26 39.37 39.85 39.84 39.67 39.98 40.16 40.04 39.85 39.56 40.22 40.87 40.75 40.74 40.50 40.82 41.89 42.32 42.28 42.50 43.11 44.05 44.09 43.68 43.55 43.69 44.20 44.79 45.35 46.07 46.26 46.64 47.10 47.47 47.83 48.11 48.68 48.96 49.35 49.62 49.78 50.46 51.07 50.92 50.90 51.43 51.99 52.18 52.45 52.38 51.87 52.20 52.73 53.14 53.71 53.84 53.74
46.76 46.07 45.17 43.42 45.82 49.78 46.05 45.60 46.79 47.13 45.51 44.82 46.73 43.89 41.46 40.88 40.90 39.41 38.29 38.95 39.42 39.48 39.86 39.58 39.36 39.74 40.09 39.89 39.80 40.32 40.92 40.90 41.01 41.06 40.75 40.81 41.41 41.55 41.68 42.73 43.72 44.33 44.05 43.74 43.81 43.85 44.27 45.23 46.02 46.12 46.17 46.98 47.40 47.74 47.91 48.30 48.59 48.75 49.19 49.03 49.05 50.04 50.51 50.67 50.80 51.06 51.69 52.13 52.55 52.32 51.91 52.15 52.37 52.66 53.58 53.73 53.75
49.17 46.11 43.53 41.60 42.03 39.40 37.15 37.43 38.25 39.43 38.87 38.45 38.49 38.83 39.56 39.45 38.78 38.25 38.50 39.35 39.66 39.74 39.94 39.43 39.43 39.52 40.02 39.68 40.04 40.97 40.95 40.64 40.85 41.15 41.18 41.33 41.55 41.43 41.90 42.90 43.49 43.72 43.78 43.93 43.97 44.10 44.75 45.74 46.28 46.03 46.21 46.81 47.10 47.66 48.30 48.53 48.31 48.55 49.25 49.03 49.04 49.73 50.09 50.45 50.53 50.60 51.13 51.69 52.00 52.12 52.29 52.47 52.37 52.89 53.73 53.66 53.72
44.46 40.61 38.66 39.68 38.63 36.38 36.84 37.19 37.69 38.58 38.75 38.72 38.63 39.04 39.53 39.46 39.03 38.87 38.86 39.41 39.31 39.71 39.90 39.49 39.41 40.34 40.48 39.95 40.17 40.85 40.93 40.73 40.78 41.14 41.46 41.58 41.44 41.46 42.13 42.87 43.05 43.41 44.09 44.27 44.12 44.21 44.91 45.68 46.04 45.83 46.16 46.64 46.93 47.65 48.32 48.31 48.01 48.70 49.58 49.41 49.32 49.64 49.94 50.31 50.44 50.55 50.86 51.19 51.56 52.04 52.65 52.76 52.69 53.33 53.87 53.69 53.65
42.80 38.71 36.63 36.26 37.00 36.43 37.44 37.83 38.46 39.10 39.12 39.18 39.32 39.28 39.32 39.15 38.83 38.59 39.14 39.48 39.44 39.75 39.83 39.59 39.93 40.76 40.58 39.95 40.04 40.79 41.31 41.05 40.81 41.02 41.35 41.42 41.41 41.51 42.01 42.88 43.26 43.77 44.43 44.66 44.34 44.26 44.79 45.31 45.63 45.60 45.99 46.80 47.26 47.64 48.03 47.91 47.88 48.89 49.70 49.67 49.55 49.69 49.99 50.42 50.72 51.06 51.13 51.46 51.76 52.06 52.47 52.67 52.70 53.34 53.64 53.34 53.55
41.32 38.36 36.51 36.42 36.67 36.81 38.09 38.48 38.80 38.95 39.09 39.63 39.94 39.60 39.22 39.06 38.94 39.11 39.61 39.96 40.17 40.44 40.36 40.16 40.30 40.43 40.13 39.80 40.10 41.19 41.65 41.48 41.24 41.23 41.37 41.71 42.06 42.04 42.24 43.14 43.56 43.82 44.58 45.00 44.62 44.59 44.82 45.08 45.30 45.59 46.18 47.00 47.60 47.89 47.99 47.82 47.87 48.74 49.34 49.51 49.68 49.79 50.11 50.63 51.04 51.11 51.14 51.81 52.26 52.33 52.55 52.69 52.72 53.26 53.15 52.80 53.24
36.90 37.22 36.67 36.25 36.46 37.18 38.31 38.79 38.93 38.90 38.88 39.28 39.70 39.70 39.67 39.77 39.79 39.68 39.67 39.82 40.31 40.59 40.74 40.88 40.81 40.58 40.35 39.96 40.21 41.13 41.84 42.23 41.96 41.54 41.58 41.90 42.48 42.48 42.68 43.21 43.21 43.45 44.37 44.62 44.39 44.59 44.84 44.88 45.08 45.80 46.37 46.86 47.40 47.82 48.07 48.10 48.27 48.77 49.14 49.29 49.61 49.68 49.92 50.59 51.13 50.97 50.92 51.51 51.89 52.26 52.74 52.71 52.73 53.18 53.08 52.82 53.13
37.07 36.94 36.70 36.58 36.72 37.57 38.47 38.87 39.24 39.28 39.06 39.11 39.54 39.77 40.11 40.30 39.97 39.56 39.47 39.79 40.23 40.25 40.42 40.66 40.48 40.53 40.58 40.20 40.24 40.64 41.44 42.17 41.93 41.47 41.42 41.98 42.47 42.50 42.83 43.09 43.11 43.49 44.00 43.99 44.15 44.48 44.75 44.92 45.22 45.84 46.24 46.60 47.15 47.64 47.94 48.18 48.55 49.17 49.30 49.44 49.71 49.64 49.69 50.31 50.98 50.99 50.96 51.05 51.29 51.93 52.40 52.35 52.73 53.37 53.33 53.12 53.24
36.91 36.76 36.61 37.00 37.47 38.36 38.69 38.99 39.32 39.36 39.47 40.04 40.08 39.54 39.49 39.79 39.65 39.70 40.11 40.61 40.50 40.02 40.07 40.26 40.16 40.54 40.63 40.43 40.53 40.60 41.15 41.91 42.08 41.73 41.76 42.41 42.60 42.57 42.99 43.30 43.47 43.78 43.83 43.89 44.47 44.74 44.73 45.00 45.43 45.78 46.00 46.60 47.23 47.46 47.73 47.96 48.70 49.29 49.35 49.58 49.74 49.67 49.79 50.38 50.93 50.96 50.81 50.88 51.38 52.09 52.36 52.29 52.68 53.15 53.12 53.07 53.33
36.28 36.59 37.08 37.44 38.05 38.66 38.95 39.01 39.08 39.26 39.95 40.86 40.55 39.66 39.56 39.49 39.29 39.52 40.21 40.53 40.20 39.79 40.16 40.75 41.06 41.26 40.87 40.76 41.05 41.02 41.47 42.16 42.63 42.43 42.43 43.11 43.05 42.90 43.38 43.58 43.59 43.70 43.72 44.00 45.02 45.23 44.98 45.21 45.70 45.82 46.02 46.81 47.07 47.21 47.53 47.83 48.42 48.89 49.19 49.71 49.85 49.90 50.10 50.58 50.81 50.80 50.81 51.21 51.74 52.17 52.22 52.28 52.55 52.69 52.74 53.12 53.45
36.62 36.83 37.39 37.86 38.21 38.76 39.04 39.02 39.22 39.65 40.24 40.43 39.87 39.60 39.68 39.40 39.16 39.39 39.79 39.93 39.84 39.83 40.50 41.10 41.57 41.32 40.56 40.79 41.03 41.08 41.37 42.03 42.60 42.74 42.87 43.23 43.25 43.23 43.48 43.62 43.66 43.74 43.88 44.25 44.95 45.23 45.22 45.41 45.73 45.92 46.18 46.70 46.97 47.17 47.47 47.81 48.29 48.75 49.16 49.62 49.88 50.06 50.29 50.62 50.84 50.98 51.25 51.83 52.15 52.09 52.00 52.38 52.75 52.87 52.97 53.30 52.89
36.70 37.10 37.73 38.00 38.13 38.46 38.76 38.81 39.19 39.57 39.87 39.63 39.36 39.48 39.45 39.28 39.42 39.60 39.61 39.70 39.80 40.04 40.34 40.50 40.75 40.31 40.04 40.73 41.15 41.26 41.56 42.18 42.61 42.83 43.01 43.21 43.29 43.34 43.48 43.60 43.68 43.80 44.00 44.36 44.84 45.14 45.29 45.49 45.74 45.97 46.26 46.63 46.92 47.18 47.48 47.84 48.27 48.71 49.14 49.56 49.88 50.13 50.38 50.65 50.88 51.11 51.44 51.76 52.10 52.16 52.29 52.60 53.02 53.18 53.48 53.78 52.86
36.91 37.40 37.86 38.07 37.91 38.06 38.30 38.40 38.77 39.29 39.79 39.61 39.60 39.57 39.31 39.41 39.70 39.52 39.33 39.65 39.86 39.96 40.02 39.88 40.01 39.95 40.35 41.20 41.76 41.95 42.04 42.29 42.59 42.82 42.99 43.14 43.24 43.32 43.43 43.55 43.67 43.83 44.05 44.37 44.75 45.05 45.27 45.49 45.74 46.00 46.28 46.60 46.90 47.20 47.52 47.88 48.29 48.71 49.14 49.53 49.87 50.16 50.42 50.66 50.87 51.06 51.25 51.50 51.93 52.55 52.77 52.62 52.60 52.82 53.39 53.69 55.33
36.94 37.23 37.91 38.28 37.89 37.88 38.02 38.22 38.62 39.53 40.09 39.73 39.51 39.12 39.03 39.29 39.48 38.99 39.01 39.55 39.76 40.00 40.24 40.21 40.29 40.52 40.84 41.44 41.92 42.17 42.28 42.43 42.61 42.79 42.93 43.05 43.15 43.24 43.36 43.49 43.64 43.82 44.06 44.35 44.67 44.96 45.22 45.47 45.73 45.99 46.28 46.59 46.91 47.22 47.56 47.93 48.32 48.73 49.14 49.53 49.87 50.17 50.44 50.67 50.87 51.05 51.25 51.52 51.94 52.46 52.72 52.71 52.79 53.14 53.84 54.76 56.55
37.11 37.06 37.65 38.01 37.92 38.18 38.31 38.29 38.47 39.26 39.66 39.49 39.19 38.84 38.86 39.13 39.00 38.69 38.89 39.31 39.63 40.14 40.62 40.37 40.36 40.54 40.98 41.49 41.91 42.18 42.34 42.47 42.61 42.75 42.86 42.97 43.06 43.17 43.29 43.44 43.60 43.80 44.04 44.32 44.61 44.90 45.17 45.44 45.70 45.99 46.28 46.59 46.91 47.24 47.59 47.96 48.35 48.75 49.15 49.53 49.87 50.18 50.46 50.69 50.90 51.09 51.30 51.57 51.94 52.36 52.65 52.84 53.12 53.63 54.44 55.52 56.95
37.31 37.09 37.20 37.57 37.97 38.48 38.44 38.07 38.14 38.84 39.22 39.07 38.71 38.42 38.56 38.85 38.61 38.47 38.85 39.26 39.58 40.13 40.27 40.02 40.29 40.60 41.03 41.44 41.80 42.08 42.28 42.44 42.58 42.70 42.81 42.91 43.01 43.11 43.25 43.40 43.58 43.78 44.02 44.29 44.57 44.86 45.13 45.41 45.69 45.98 46.28 46.60 46.92 47.26 47.62 47.99 48.38 48.77 49.16 49.53 49.88 50.19 50.47 50.72 50.94 51.14 51.35 51.61 51.93 52.29 52.64 52.98 53.43 54.07 54.91 55.88 56.84
36.98 37.12 37.10 37.22 37.63 37.98 37.91 37.69 37.90 38.69 38.82 38.57 38.21 37.73 37.95 38.58 38.46 38.20 38.54 39.23 39.44 39.53 39.74 40.27 40.50 40.71 41.00 41.32 41.62 41.90 42.14 42.34 42.51 42.66 42.77 42.88 42.98 43.09 43.22 43.38 43.56 43.77 44.01 44.27 44.55 44.83 45.11 45.39 45.68 45.97 46.28 46.60 46.93 47.27 47.63 48.00 48.39 48.78 49.16 49.53 49.88 50.20 50.49 50.74 50.97 51.18 51.39 51.64 51.93 52.27 52.66 53.11 53.68 54.39 55.20 56.00 56.64
36.55 37.03 37.04 37.06 37.13 37.48 37.81 37.78 37.95 38.40 38.47 38.30 37.98 37.46 37.56 38.13 38.27 38.19 38.62 39.17 39.14 39.13 39.81 40.54 40.63 40.70 40.86 41.09 41.37 41.65 41.93 42.19 42.41 42.59 42.74 42.86 42.98 43.09 43.23 43.38 43.57 43.77 44.01 44.27 44.54 44.82 45.10 45.38 45.67 45.97 46.28 46.60 46.93 47.28 47.64 48.01 48.40 48.78 49.17 49.54 49.88 50.21 50.50 50.77 51.00 51.21 51.42 51.65 51.92 52.26 52.69 53.22 53.87 54.61 55.38 56.07 56.51
35.96 36.18 36.38 36.46 36.84 37.24 37.55 37.52 37.47 37.78 37.98 37.96 37.79 37.54 37.45 37.56 37.81 38.39 38.71 38.89 38.97 39.18 39.90 40.17 40.34 40.44 40.56 40.76 41.02 41.32 41.65 41.96 42.25 42.49 42.69 42.85 42.98 43.11 43.25 43.41 43.58 43.78 44.01 44.26 44.53 44.81 45.09 45.38 45.67 45.96 46.27 46.60 46.93 47.28 47.64 48.01 48.40 48.78 49.17 49.54 49.89 50.21 50.51 50.78 51.01 51.22 51.43 51.65 51.92 52.26 52.72 53.30 53.99 54.76 55.51 56.13 56.50
35.47 35.53 35.56 36.08 36.65 36.64 36.63 36.77 36.88 37.32 37.43 37.48 37.32 37.21 37.15 37.08 37.44 37.99 38.26 38.59 38.96 39.33 39.67 39.82 39.94 40.02 40.14 40.32 40.59 40.92 41.29 41.67 42.03 42.34 42.60 42.81 42.98 43.13 43.28 43.44 43.61 43.80 44.02 44.27 44.53 44.81 45.09 45.37 45.66 45.96 46.27 46.59 46.93 47.27 47.64 48.01 48.39 48.78 49.17 49.53 49.89 50.21 50.51 50.78 51.02 51.23 51.43 51.65 51.91 52.26 52.74 53.34 54.07 54.86 55.60 56.19 56.52
35.21 35.22 35.30 35.95 36.42 36.19 36.38 36.75 37.04 37.20 37.29 37.24 37.03 36.85 36.76 36.92 37.21 37.48 37.84 38.34 38.54 38.90 39.18 39.36 39.46 39.55 39.65 39.83 40.09 40.44 40.85 41.29 41.72 42.10 42.44 42.72 42.95 43.14 43.31 43.48 43.65 43.84 44.05 44.28 44.54 44.81 45.09 45.37 45.66 45.96 46.27 46.59 46.93 47.27 47.63 48.01 48.39 48.78 49.16 49.53 49.88 50.21 50.51 50.78 51.02 51.23 51.43 51.64 51.90 52.26 52.74 53.37 54.12 54.92 55.67 56.24 56.58
35.01 34.97 35.04 35.48 35.73 35.75 36.12 36.54 36.64 36.41 36.61 36.92 36.82 36.74 36.64 36.68 36.90 37.45 37.95 38.15 38.19 38.34 38.66 38.87 38.98 39.06 39.16 39.32 39.58 39.93 40.36 40.83 41.31 41.78 42.19 42.55 42.85 43.11 43.33 43.52 43.70 43.88 44.09 44.31 44.56 44.83 45.10 45.38 45.67 45.96 46.27 46.59 46.92 47.27 47.63 48.00 48.39 48.78 49.16 49.53 49.88 50.21 50.51 50.79 51.02 51.23 51.43 51.63 51.89 52.24 52.74 53.38 54.14 54.95 55.70 56.29 56.61
34.82 34.82 34.97 35.16 35.34 35.41 35.54 36.06 36.04 35.66 36.12 36.49 36.50 36.68 36.65 36.58 37.04 37.66 37.92 37.96 38.13 38.29 38.39 38.48 38.55 38.61 38.68 38.83 39.06 39.39 39.81 40.30 40.82 41.33 41.83 42.28 42.68 43.02 43.31 43.55 43.76 43.95 44.15 44.37 44.61 44.86 45.13 45.40 45.68 45.98 46.28 46.60 46.93 47.27 47.63 48.00 48.39 48.77 49.16 49.52 49.88 50.21 50.51 50.78 51.02 51.23 51.42 51.63 51.88 52.24 52.73 53.38 54.15 54.97 55.73 56.31 56.64
34.21 34.45 34.50 34.43 34.86 35.21 35.38 35.81 35.78 35.64 36.05 35.96 36.16 36.47 36.46 36.84 37.41 37.78 37.75 37.74 37.89 37.96 38.04 38.11 38.15 38.19 38.25 38.36 38.55 38.84 39.23 39.70 40.22 40.78 41.33 41.88 42.38 42.83 43.22 43.54 43.80 44.02 44.24 44.45 44.68 44.92 45.18 45.45 45.73 46.01 46.32 46.63 46.95 47.29 47.65 48.01 48.39 48.78 49.16 49.52 49.87 50.20 50.51 50.78 51.02 51.23 51.42 51.62 51.87 52.22 52.72 53.37 54.15 54.97 55.73 56.32 56.65
33.99 34.21 33.98 33.73 34.31 34.98 35.29 35.47 35.31 35.32 35.40 35.40 35.98 36.20 36.37 36.82 37.30 37.41 37.17 37.24 37.41 37.54 37.64 37.71 37.76 37.79 37.83 37.90 38.05 38.28 38.61 39.03 39.53 40.09 40.70 41.32 41.93 42.50 43.02 43.44 43.79 44.07 44.30 44.53 44.76 45.01 45.26 45.52 45.79 46.08 46.37 46.68 47.00 47.33 47.68 48.04 48.41 48.79 49.17 49.53 49.88 50.21 50.51 50.78 51.02 51.23 51.42 51.62 51.87 52.22 52.71 53.36 54.14 54.97 55.74 56.32 56.66
33.83 34.19 34.05 33.81 34.27 34.78 35.18 35.30 35.16 35.07 34.99 35.09 35.58 35.89 36.16 36.43 36.69 36.50 36.46 36.68 36.90 37.08 37.20 37.30 37.35 37.38 37.40 37.45 37.54 37.71 37.96 38.31 38.76 39.30 39.92 40.60 41.31 42.02 42.66 43.22 43.66 44.02 44.31 44.57 44.82 45.07 45.33 45.59 45.87 46.15 46.45 46.75 47.07 47.39 47.74 48.09 48.46 48.83 49.20 49.56 49.90 50.22 50.52 50.79 51.03 51.23 51.42 51.61 51.86 52.21 52.70 53.35 54.13 54.96 55.73 56.33 56.65
33.38 33.95 34.03 34.05 34.44 34.59 34.90 35.08 35.16 35.34 35.21 34.96 35.00 35.37 35.68 35.81 36.15 36.07 36.15 36.32 36.48 36.63 36.75 36.85 36.91 36.94 36.95 36.97 37.02 37.12 37.29 37.56 37.93 38.43 39.03 39.75 40.54 41.34 42.11 42.79 43.36 43.81 44.18 44.49 44.77 45.04 45.32 45.60 45.89 46.18 46.49 46.80 47.13 47.47 47.81 48.17 48.53 48.91 49.27 49.62 49.95 50.27 50.56 50.82 51.05 51.25 51.43 51.62 51.86 52.21 52.69 53.34 54.12 54.96 55.73 56.32 56.66
33.53 33.98 33.91 34.14 34.41 34.39 34.57 34.74 34.97 35.23 35.06 34.71 34.89 35.34 35.20 35.35 35.91 35.97 36.13 36.07 36.09 36.17 36.28 36.38 36.44 36.48 36.48 36.48 36.49 36.54 36.64 36.82 37.12 37.53 38.10 38.81 39.62 40.50 41.35 42.15 42.81 43.37 43.81 44.19 44.52 44.84 45.14 45.46 45.77 46.10 46.43 46.77 47.12 47.48 47.86 48.23 48.61 48.99 49.36 49.70 50.03 50.34 50.62 50.87 51.09 51.29 51.46 51.64 51.88 52.21 52.69 53.33 54.12 54.95 55.73 56.33 56.65
