terrain/dems/testing/singleTP.dem.grd
ncols 160
nrows 91
xllcorner 245814.500000
yllcorner 688877.500000
cellsize 5.000000
NODATA_value -9999.000000
[rows 34 to 67 of 91, columns 77 to 153 of 160]
56.70 56.53 56.24 55.93 55.70 55.57 55.57 55.66 55.81 56.01 56.21 56.40 56.56 56.68 56.76 56.80 56.82 56.82 56.82 56.81 56.81 56.81 56.81 56.82 56.82 56.82 56.81 56.79 56.76 56.74 56.74 56.75 56.76 56.77 56.76 56.74 56.71 56.68 56.67 56.67 56.68 56.66 56.56 56.42 56.30 56.21 56.15 56.14 56.11 56.10 56.14 56.13 56.05 55.96 55.91 55.77 55.68 55.53 55.59 55.76 55.63 55.21 55.09 55.50 55.87 55.72 55.54 55.58 55.84 56.10 55.85 55.67 55.83 55.77 55.70 55.94 56.12
56.72 56.53 56.23 55.93 55.69 55.57 55.57 55.66 55.81 56.01 56.21 56.40 56.56 56.68 56.75 56.80 56.81 56.82 56.82 56.81 56.80 56.80 56.80 56.80 56.80 56.79 56.78 56.76 56.74 56.73 56.73 56.74 56.76 56.77 56.77 56.75 56.73 56.71 56.69 56.68 56.66 56.62 56.53 56.42 56.31 56.22 56.17 56.14 56.12 56.11 56.12 56.10 56.04 55.97 55.91 55.81 55.54 55.40 55.64 55.79 55.62 55.30 55.26 56.03 56.35 56.02 55.76 55.66 55.51 55.60 55.66 55.70 55.67 55.48 55.91 56.29 56.45
56.74 56.55 56.25 55.93 55.70 55.57 55.57 55.66 55.81 56.00 56.21 56.39 56.55 56.67 56.75 56.79 56.81 56.82 56.82 56.81 56.80 56.80 56.79 56.79 56.78 56.78 56.76 56.75 56.73 56.72 56.72 56.73 56.75 56.76 56.77 56.76 56.74 56.72 56.70 56.67 56.63 56.57 56.49 56.39 56.29 56.22 56.17 56.14 56.13 56.12 56.11 56.09 56.03 55.96 55.87 55.75 55.56 55.48 55.61 55.70 55.62 55.52 55.67 56.24 56.19 55.70 55.90 55.77 55.22 55.09 55.40 55.62 55.54 55.73 56.12 56.23 56.17
56.81 56.61 56.29 55.97 55.71 55.59 55.58 55.67 55.82 56.01 56.20 56.39 56.55 56.67 56.75 56.79 56.81 56.82 56.82 56.81 56.80 56.80 56.79 56.78 56.78 56.77 56.75 56.73 56.72 56.71 56.72 56.73 56.75 56.76 56.77 56.76 56.75 56.72 56.69 56.66 56.60 56.53 56.45 56.36 56.27 56.20 56.16 56.14 56.13 56.13 56.11 56.08 56.01 55.93 55.83 55.72 55.59 55.53 55.58 55.63 55.60 55.57 55.64 55.77 55.69 55.98 56.60 56.22 55.33 55.02 55.40 55.50 55.59 55.99 56.07 55.90 55.86
56.92 56.70 56.37 56.02 55.77 55.63 55.61 55.69 55.84 56.02 56.21 56.39 56.55 56.67 56.74 56.79 56.81 56.82 56.81 56.81 56.80 56.79 56.79 56.78 56.77 56.76 56.74 56.73 56.71 56.71 56.71 56.73 56.75 56.76 56.77 56.76 56.75 56.72 56.69 56.64 56.58 56.50 56.42 56.33 56.25 56.19 56.16 56.14 56.14 56.13 56.11 56.06 55.99 55.91 55.80 55.70 55.61 55.56 55.57 55.59 55.58 55.58 55.61 55.67 55.75 56.09 56.47 56.25 55.66 55.47 55.55 55.56 55.94 56.39 56.17 56.17 56.16
57.04 56.82 56.47 56.13 55.85 55.70 55.67 55.74 55.87 56.05 56.23 56.41 56.56 56.67 56.75 56.79 56.81 56.82 56.82 56.81 56.80 56.79 56.78 56.77 56.77 56.75 56.74 56.72 56.71 56.71 56.71 56.73 56.75 56.76 56.77 56.76 56.75 56.72 56.68 56.63 56.57 56.49 56.40 56.31 56.24 56.18 56.15 56.14 56.14 56.13 56.10 56.05 55.97 55.88 55.78 55.69 55.61 55.57 55.57 55.58 55.58 55.59 55.62 55.69 55.82 56.08 56.31 56.29 56.14 55.92 56.04 56.33 56.51 56.34 56.24 56.36 56.22
57.09 56.90 56.57 56.21 55.94 55.77 55.74 55.80 55.93 56.09 56.27 56.44 56.59 56.69 56.77 56.81 56.83 56.83 56.83 56.82 56.81 56.79 56.78 56.77 56.76 56.75 56.73 56.72 56.71 56.70 56.71 56.72 56.74 56.76 56.77 56.76 56.75 56.72 56.68 56.62 56.56 56.48 56.39 56.30 56.23 56.18 56.15 56.14 56.13 56.12 56.09 56.04 55.96 55.86 55.76 55.67 55.61 55.57 55.57 55.58 55.59 55.61 55.64 55.71 55.83 55.99 56.11 56.08 55.96 55.98 56.47 56.88 56.62 56.28 56.21 56.29 56.39
56.96 56.82 56.53 56.20 55.93 55.80 55.77 55.85 55.99 56.16 56.34 56.50 56.63 56.74 56.80 56.84 56.86 56.86 56.85 56.84 56.82 56.81 56.79 56.77 56.76 56.75 56.73 56.72 56.70 56.70 56.71 56.72 56.74 56.76 56.76 56.76 56.74 56.72 56.68 56.62 56.55 56.47 56.38 56.30 56.23 56.18 56.15 56.14 56.13 56.12 56.09 56.02 55.94 55.84 55.74 55.66 55.60 55.58 55.57 55.58 55.60 55.63 55.66 55.72 55.80 55.88 55.92 55.89 55.84 55.93 56.30 56.67 56.61 56.52 56.29 56.38 56.64
56.45 56.43 56.21 55.96 55.75 55.67 55.70 55.83 56.02 56.22 56.42 56.58 56.71 56.80 56.86 56.89 56.91 56.91 56.91 56.89 56.87 56.84 56.82 56.79 56.78 56.76 56.74 56.72 56.71 56.70 56.71 56.72 56.74 56.76 56.76 56.76 56.74 56.71 56.67 56.62 56.55 56.47 56.38 56.30 56.22 56.17 56.15 56.14 56.13 56.12 56.08 56.01 55.92 55.82 55.73 55.65 55.60 55.57 55.58 55.59 55.62 55.64 55.68 55.72 55.76 55.78 55.77 55.71 55.65 55.65 55.76 55.96 56.54 56.61 56.44 56.53 56.63
55.48 55.56 55.50 55.35 55.26 55.28 55.43 55.67 55.96 56.24 56.48 56.66 56.78 56.86 56.91 56.94 56.96 56.98 56.98 56.97 56.94 56.92 56.88 56.85 56.82 56.80 56.77 56.75 56.72 56.72 56.72 56.73 56.75 56.76 56.77 56.77 56.75 56.72 56.68 56.62 56.55 56.47 56.38 56.29 56.22 56.17 56.15 56.14 56.13 56.11 56.08 56.01 55.91 55.81 55.71 55.64 55.59 55.58 55.58 55.60 55.63 55.66 55.68 55.70 55.71 55.70 55.65 55.56 55.45 55.36 55.32 55.41 56.08 56.10 56.25 56.50 56.44
53.94 54.21 54.28 54.31 54.37 54.56 54.88 55.31 55.75 56.15 56.46 56.68 56.80 56.86 56.90 56.94 56.98 57.02 57.05 57.05 57.05 57.01 56.98 56.93 56.90 56.86 56.83 56.80 56.78 56.76 56.76 56.76 56.78 56.79 56.80 56.79 56.77 56.74 56.69 56.64 56.56 56.48 56.39 56.30 56.23 56.17 56.15 56.14 56.13 56.12 56.07 56.00 55.91 55.81 55.71 55.64 55.59 55.58 55.59 55.61 55.64 55.66 55.68 55.68 55.67 55.63 55.55 55.45 55.32 55.20 55.13 55.19 55.51 55.56 55.62 55.89 56.11
52.01 52.40 52.65 52.84 53.10 53.49 54.04 54.68 55.35 55.91 56.33 56.57 56.69 56.73 56.75 56.79 56.86 56.95 57.03 57.09 57.12 57.11 57.08 57.04 57.00 56.96 56.92 56.89 56.86 56.84 56.83 56.83 56.84 56.85 56.85 56.84 56.81 56.78 56.73 56.67 56.59 56.50 56.41 56.32 56.24 56.19 56.16 56.15 56.14 56.13 56.08 56.01 55.91 55.81 55.71 55.64 55.60 55.59 55.60 55.62 55.65 55.66 55.67 55.66 55.63 55.57 55.48 55.36 55.23 55.11 55.04 55.05 55.17 55.23 55.33 55.69 55.93
49.88 50.39 50.76 51.11 51.56 52.16 52.95 53.86 54.74 55.50 56.01 56.30 56.38 56.37 56.35 56.39 56.50 56.66 56.83 56.98 57.07 57.11 57.12 57.09 57.07 57.03 57.01 56.98 56.96 56.94 56.93 56.93 56.93 56.93 56.92 56.90 56.87 56.83 56.78 56.72 56.64 56.55 56.45 56.35 56.28 56.22 56.19 56.18 56.17 56.15 56.11 56.03 55.93 55.82 55.72 55.65 55.61 55.60 55.61 55.63 55.65 55.66 55.65 55.62 55.57 55.50 55.41 55.29 55.17 55.06 54.99 54.97 55.02 55.10 55.27 55.67 55.75
47.87 48.43 48.89 49.37 49.95 50.76 51.76 52.90 54.01 54.92 55.54 55.81 55.84 55.73 55.64 55.66 55.81 56.05 56.34 56.58 56.78 56.90 56.96 56.98 56.99 57.00 57.01 57.02 57.02 57.02 57.01 57.02 57.01 57.00 56.98 56.96 56.92 56.89 56.84 56.78 56.70 56.62 56.51 56.42 56.33 56.28 56.24 56.23 56.21 56.19 56.14 56.06 55.95 55.84 55.74 55.67 55.63 55.62 55.62 55.64 55.65 55.64 55.62 55.58 55.51 55.43 55.33 55.23 55.12 55.02 54.96 54.93 54.95 55.02 55.18 55.42 55.53
46.25 46.79 47.30 47.82 48.52 49.44 50.63 51.95 53.24 54.28 54.92 55.15 55.05 54.81 54.61 54.58 54.74 55.06 55.43 55.82 56.11 56.35 56.47 56.58 56.65 56.73 56.80 56.87 56.93 56.97 56.99 57.00 57.00 56.99 56.97 56.94 56.91 56.88 56.85 56.81 56.75 56.68 56.59 56.49 56.40 56.33 56.30 56.27 56.26 56.23 56.18 56.09 55.98 55.86 55.76 55.68 55.64 55.62 55.63 55.63 55.63 55.61 55.58 55.52 55.45 55.36 55.26 55.16 55.07 54.99 54.93 54.90 54.90 54.94 55.02 55.11 55.14
45.12 45.64 46.12 46.69 47.40 48.42 49.68 51.14 52.54 53.63 54.27 54.39 54.13 53.71 53.35 53.22 53.35 53.69 54.17 54.62 55.04 55.34 55.58 55.74 55.92 56.08 56.26 56.42 56.57 56.67 56.74 56.77 56.79 56.78 56.77 56.74 56.74 56.73 56.74 56.75 56.73 56.69 56.61 56.52 56.43 56.36 56.31 56.29 56.27 56.24 56.19 56.10 55.99 55.87 55.76 55.68 55.63 55.61 55.61 55.60 55.59 55.57 55.53 55.46 55.39 55.30 55.20 55.11 55.03 54.96 54.91 54.87 54.86 54.86 54.86 54.84 54.76
44.50 44.96 45.43 45.96 46.70 47.71 49.05 50.54 51.99 53.10 53.66 53.65 53.20 52.56 52.02 51.73 51.79 52.11 52.59 53.11 53.55 53.94 54.22 54.48 54.73 55.01 55.29 55.58 55.81 56.01 56.13 56.22 56.24 56.27 56.26 56.28 56.30 56.36 56.43 56.51 56.56 56.57 56.52 56.44 56.35 56.28 56.23 56.20 56.19 56.17 56.13 56.05 55.94 55.82 55.71 55.63 55.58 55.56 55.55 55.54 55.53 55.50 55.46 55.41 55.34 55.25 55.17 55.09 55.02 54.95 54.91 54.87 54.85 54.83 54.79 54.73 54.63
44.27 44.69 45.12 45.64 46.33 47.36 48.67 50.20 51.65 52.71 53.20 53.03 52.39 51.55 50.77 50.35 50.25 50.51 50.93 51.41 51.86 52.23 52.55 52.85 53.18 53.54 53.94 54.31 54.66 54.92 55.13 55.25 55.33 55.37 55.41 55.46 55.55 55.68 55.86 56.02 56.17 56.23 56.24 56.17 56.09 56.00 55.95 55.94 55.95 55.96 55.95 55.89 55.81 55.70 55.60 55.52 55.46 55.44 55.43 55.43 55.42 55.41 55.39 55.35 55.30 55.24 55.17 55.10 55.03 54.98 54.94 54.90 54.88 54.87 54.85 54.83 54.79
44.26 44.67 45.07 45.56 46.25 47.23 48.55 50.05 51.47 52.51 52.89 52.62 51.80 50.76 49.83 49.19 48.98 49.07 49.40 49.78 50.16 50.48 50.78 51.08 51.44 51.84 52.30 52.76 53.16 53.51 53.75 53.94 54.05 54.14 54.22 54.33 54.50 54.73 55.00 55.28 55.51 55.66 55.69 55.65 55.55 55.48 55.43 55.44 55.49 55.57 55.61 55.61 55.56 55.49 55.40 55.32 55.28 55.26 55.25 55.26 55.27 55.28 55.29 55.29 55.27 55.24 55.20 55.14 55.09 55.05 55.01 54.99 54.97 54.98 55.00 55.05 55.13
44.35 44.74 45.14 45.61 46.28 47.26 48.55 50.04 51.45 52.42 52.78 52.38 51.46 50.29 49.18 48.43 48.03 48.00 48.17 48.44 48.69 48.93 49.15 49.42 49.74 50.16 50.62 51.10 51.54 51.91 52.20 52.41 52.57 52.70 52.83 53.00 53.24 53.57 53.95 54.33 54.65 54.84 54.91 54.86 54.77 54.67 54.65 54.70 54.82 54.97 55.12 55.19 55.22 55.18 55.12 55.06 55.02 55.01 55.01 55.04 55.08 55.12 55.18 55.22 55.25 55.26 55.25 55.22 55.19 55.16 55.14 55.13 55.13 55.15 55.19 55.26 55.37
44.43 44.84 45.23 45.70 46.37 47.33 48.62 50.09 51.47 52.46 52.73 52.33 51.32 50.06 48.89 47.99 47.50 47.31 47.36 47.48 47.62 47.74 47.89 48.06 48.35 48.70 49.13 49.57 50.00 50.36 50.67 50.90 51.09 51.25 51.44 51.66 51.98 52.37 52.83 53.28 53.66 53.89 53.95 53.90 53.78 53.68 53.67 53.77 53.98 54.25 54.50 54.70 54.80 54.83 54.80 54.76 54.73 54.72 54.74 54.78 54.85 54.94 55.04 55.14 55.22 55.28 55.31 55.32 55.32 55.32 55.33 55.36 55.39 55.42 55.44 55.44 55.40
44.50 44.89 45.30 45.78 46.44 47.42 48.69 50.16 51.54 52.48 52.79 52.33 51.33 50.04 48.80 47.86 47.26 47.00 46.92 46.94 46.97 47.00 47.05 47.17 47.36 47.65 47.99 48.38 48.74 49.09 49.37 49.62 49.82 50.02 50.23 50.51 50.85 51.31 51.81 52.30 52.69 52.92 52.97 52.87 52.72 52.61 52.61 52.79 53.09 53.48 53.86 54.17 54.37 54.46 54.48 54.45 54.43 54.43 54.45 54.52 54.61 54.74 54.89 55.04 55.18 55.29 55.37 55.43 55.48 55.54 55.62 55.72 55.81 55.88 55.87 55.77 55.56
44.52 44.93 45.33 45.82 46.50 47.46 48.75 50.21 51.58 52.55 52.82 52.40 51.38 50.10 48.86 47.88 47.25 46.92 46.78 46.73 46.69 46.65 46.64 46.68 46.82 47.02 47.29 47.59 47.90 48.18 48.46 48.69 48.91 49.12 49.36 49.64 50.04 50.49 51.02 51.51 51.89 52.08 52.08 51.93 51.75 51.61 51.65 51.86 52.27 52.77 53.28 53.71 54.00 54.15 54.20 54.19 54.17 54.17 54.20 54.27 54.39 54.54 54.73 54.93 55.11 55.28 55.41 55.54 55.68 55.84 56.03 56.25 56.46 56.59 56.60 56.43 56.12
44.53 44.92 45.34 45.84 46.51 47.50 48.78 50.24 51.61 52.55 52.87 52.43 51.46 50.19 48.95 47.98 47.33 46.97 46.81 46.71 46.64 46.57 46.52 46.53 46.60 46.75 46.95 47.19 47.43 47.68 47.92 48.15 48.37 48.60 48.84 49.15 49.53 50.01 50.51 50.98 51.32 51.46 51.41 51.21 50.97 50.84 50.86 51.15 51.61 52.22 52.83 53.36 53.73 53.93 54.00 54.00 53.98 53.98 54.00 54.08 54.20 54.37 54.58 54.80 55.03 55.24 55.45 55.66 55.91 56.21 56.57 56.98 57.36 57.65 57.70 57.45 56.86
44.51 44.92 45.34 45.84 46.54 47.51 48.80 50.25 51.61 52.57 52.86 52.47 51.50 50.25 49.05 48.07 47.43 47.07 46.88 46.79 46.70 46.63 46.57 46.56 46.61 46.72 46.87 47.06 47.26 47.48 47.70 47.93 48.15 48.38 48.64 48.94 49.32 49.78 50.26 50.70 50.99 51.09 50.98 50.73 50.47 50.30 50.36 50.65 51.20 51.86 52.55 53.15 53.57 53.81 53.90 53.89 53.87 53.85 53.87 53.94 54.06 54.23 54.45 54.69 54.94 55.20 55.46 55.77 56.16 56.64 57.23 57.88 58.53 59.02 59.26 59.01 58.17
44.51 44.91 45.33 45.84 46.53 47.53 48.80 50.26 51.61 52.54 52.87 52.46 51.52 50.30 49.09 48.14 47.50 47.14 46.97 46.87 46.80 46.72 46.67 46.66 46.70 46.79 46.92 47.08 47.26 47.46 47.68 47.90 48.13 48.36 48.62 48.92 49.30 49.74 50.20 50.60 50.87 50.92 50.78 50.50 50.20 50.04 50.08 50.41 50.97 51.69 52.42 53.05 53.51 53.76 53.86 53.86 53.82 53.79 53.80 53.86 53.97 54.13 54.34 54.58 54.84 55.13 55.46 55.86 56.39 57.09 57.92 58.88 59.82 60.63 61.14 61.20 60.68
44.49 44.90 45.32 45.83 46.54 47.53 48.82 50.25 51.59 52.54 52.83 52.46 51.52 50.31 49.13 48.17 47.54 47.18 47.01 46.93 46.86 46.80 46.76 46.75 46.79 46.88 47.00 47.16 47.33 47.53 47.74 47.97 48.19 48.43 48.69 49.00 49.37 49.80 50.24 50.63 50.85 50.89 50.72 50.43 50.13 49.94 50.00 50.32 50.91 51.64 52.39 53.05 53.51 53.77 53.87 53.86 53.82 53.78 53.78 53.83 53.92 54.07 54.26 54.48 54.74 55.04 55.41 55.90 56.57 57.46 58.57 59.80 61.05 62.13 62.88 63.14 62.84
44.49 44.88 45.31 45.83 46.54 47.54 48.81 50.25 51.58 52.50 52.82 52.43 51.52 50.32 49.14 48.20 47.55 47.20 47.03 46.95 46.90 46.84 46.81 46.81 46.86 46.95 47.07 47.22 47.40 47.60 47.82 48.04 48.28 48.51 48.77 49.08 49.45 49.87 50.31 50.68 50.91 50.92 50.75 50.45 50.14 49.96 50.01 50.35 50.92 51.66 52.42 53.07 53.54 53.80 53.90 53.89 53.84 53.80 53.79 53.82 53.90 54.03 54.19 54.39 54.63 54.92 55.30 55.84 56.61 57.68 59.00 60.49 61.96 63.19 63.94 64.01 63.25
44.47 44.88 45.30 45.82 46.55 47.54 48.82 50.24 51.55 52.48 52.77 52.41 51.50 50.31 49.15 48.19 47.56 47.20 47.03 46.96 46.90 46.86 46.83 46.84 46.89 46.98 47.11 47.27 47.45 47.65 47.87 48.10 48.33 48.57 48.83 49.14 49.51 49.94 50.37 50.74 50.95 50.98 50.79 50.50 50.19 50.01 50.07 50.39 50.97 51.70 52.45 53.11 53.57 53.83 53.92 53.91 53.87 53.82 53.81 53.83 53.90 54.00 54.13 54.30 54.50 54.76 55.12 55.67 56.48 57.64 59.14 60.79 62.36 63.55 64.06 63.53 61.55
44.48 44.87 45.30 45.83 46.54 47.55 48.81 50.23 51.54 52.43 52.75 52.36 51.47 50.30 49.13 48.20 47.55 47.20 47.03 46.95 46.90 46.86 46.84 46.85 46.90 46.99 47.13 47.29 47.47 47.67 47.89 48.12 48.36 48.60 48.86 49.17 49.54 49.97 50.40 50.76 50.99 51.00 50.84 50.54 50.24 50.07 50.11 50.44 51.01 51.73 52.48 53.12 53.59 53.85 53.95 53.94 53.89 53.84 53.83 53.84 53.89 53.97 54.07 54.19 54.35 54.55 54.86 55.36 56.15 57.32 58.91 60.62 62.14 63.10 63.18 61.90 58.69
44.49 44.89 45.32 45.84 46.57 47.55 48.82 50.22 51.51 52.42 52.69 52.34 51.44 50.28 49.13 48.18 47.55 47.19 47.02 46.95 46.90 46.86 46.84 46.84 46.90 46.99 47.13 47.29 47.47 47.68 47.90 48.13 48.36 48.60 48.87 49.18 49.56 49.98 50.41 50.78 50.99 51.02 50.85 50.57 50.27 50.10 50.15 50.47 51.03 51.75 52.48 53.13 53.59 53.86 53.95 53.95 53.90 53.85 53.83 53.84 53.87 53.92 53.98 54.06 54.16 54.32 54.56 54.98 55.67 56.72 58.38 59.98 61.25 61.66 61.18 57.40 55.52
44.52 44.92 45.36 45.89 46.59 47.59 48.83 50.23 51.51 52.39 52.70 52.32 51.43 50.27 49.11 48.19 47.54 47.19 47.02 46.94 46.90 46.86 46.83 46.84 46.89 46.99 47.12 47.29 47.47 47.68 47.90 48.13 48.36 48.60 48.87 49.18 49.56 49.98 50.41 50.77 50.99 51.01 50.85 50.57 50.28 50.11 50.16 50.48 51.03 51.74 52.48 53.12 53.59 53.85 53.95 53.95 53.90 53.85 53.82 53.81 53.82 53.83 53.86 53.90 53.97 54.07 54.28 54.65 55.25 56.03 57.84 59.06 59.82 58.93 57.51 55.38 55.73
44.58 45.00 45.44 45.96 46.67 47.63 48.89 50.27 51.56 52.46 52.74 52.37 51.46 50.29 49.13 48.18 47.55 47.19 47.02 46.94 46.90 46.86 46.84 46.84 46.89 46.99 47.12 47.28 47.47 47.67 47.89 48.12 48.35 48.60 48.86 49.18 49.55 49.97 50.40 50.76 50.97 51.00 50.84 50.56 50.28 50.11 50.17 50.47 51.03 51.73 52.46 53.11 53.57 53.85 53.95 53.94 53.89 53.84 53.80 53.77 53.74 53.72 53.70 53.73 53.77 53.88 54.08 54.51 55.29 55.76 57.92 58.21 58.46 56.17 54.19 55.06 55.68
44.67 45.11 45.57 46.09 46.76 47.73 48.97 50.39 51.71 52.64 52.94 52.54 51.59 50.38 49.18 48.23 47.57 47.21 47.03 46.95 46.91 46.87 46.84 46.85 46.89 46.99 47.12 47.28 47.46 47.67 47.89 48.11 48.35 48.59 48.86 49.17 49.54 49.97 50.39 50.74 50.96 50.98 50.82 50.55 50.27 50.11 50.15 50.47 51.01 51.71 52.44 53.08 53.57 53.84 53.95 53.94 53.87 53.81 53.76 53.71 53.65 53.58 53.53 53.54 53.62 53.76 54.01 54.51 55.90 58.45 58.99 57.96 55.71 55.05 54.23 54.87 55.18
