terrain/dems/testing/singleTP.dem.grd
ncols 160
nrows 91
xllcorner 245814.500000
yllcorner 688877.500000
cellsize 5.000000
NODATA_value -9999.000000
[rows 34 to 67 of 91, columns 0 to 76 of 160]
33.70 34.05 34.09 34.26 34.18 34.03 34.24 34.37 34.41 34.61 34.57 34.58 35.10 35.44 35.04 35.18 35.73 35.84 35.74 35.60 35.60 35.68 35.80 35.91 35.98 36.01 36.02 36.01 35.99 35.99 36.04 36.15 36.36 36.71 37.20 37.86 38.65 39.53 40.43 41.27 42.02 42.63 43.16 43.59 43.99 44.35 44.72 45.06 45.43 45.79 46.17 46.56 46.97 47.38 47.80 48.22 48.63 49.04 49.42 49.79 50.12 50.42 50.70 50.95 51.16 51.35 51.51 51.69 51.91 52.24 52.70 53.34 54.11 54.95 55.74 56.33 56.66
33.50 33.70 34.02 34.21 33.97 33.87 34.00 34.00 34.05 34.36 34.43 34.50 34.94 35.29 35.13 35.13 35.42 35.27 34.88 34.92 35.04 35.20 35.36 35.48 35.56 35.59 35.60 35.58 35.55 35.53 35.54 35.59 35.74 36.00 36.42 36.99 37.72 38.54 39.40 40.24 40.99 41.66 42.21 42.70 43.13 43.56 43.96 44.37 44.77 45.20 45.62 46.09 46.55 47.05 47.53 48.03 48.51 48.97 49.40 49.79 50.14 50.46 50.75 51.00 51.22 51.41 51.59 51.76 51.98 52.29 52.75 53.37 54.14 54.97 55.75 56.35 56.67
33.55 33.48 33.55 33.54 33.56 33.64 33.84 34.06 34.14 34.30 34.33 34.35 34.58 34.97 35.12 35.05 35.05 34.77 34.37 34.46 34.64 34.84 35.02 35.15 35.22 35.25 35.25 35.23 35.20 35.17 35.17 35.20 35.30 35.50 35.82 36.31 36.91 37.63 38.39 39.15 39.86 40.49 41.06 41.56 42.03 42.47 42.91 43.35 43.80 44.26 44.76 45.28 45.84 46.40 46.99 47.56 48.14 48.67 49.18 49.62 50.02 50.37 50.68 50.96 51.22 51.44 51.64 51.84 52.06 52.38 52.82 53.44 54.20 55.03 55.80 56.39 56.71
33.57 33.54 33.37 33.20 33.55 33.71 34.01 34.23 34.13 34.08 34.18 34.52 34.42 34.54 34.68 34.63 34.57 34.40 34.17 34.34 34.48 34.66 34.84 34.96 35.01 35.02 35.01 34.98 34.96 34.94 34.94 34.97 35.06 35.21 35.47 35.83 36.32 36.88 37.50 38.13 38.75 39.31 39.83 40.32 40.78 41.23 41.67 42.13 42.59 43.09 43.61 44.19 44.80 45.45 46.10 46.78 47.43 48.07 48.64 49.17 49.61 50.03 50.40 50.75 51.07 51.36 51.62 51.87 52.13 52.46 52.93 53.53 54.30 55.12 55.89 56.47 56.78
33.07 33.46 33.28 33.21 33.73 33.75 33.89 34.01 34.12 34.10 34.34 34.63 34.38 34.30 34.49 34.25 34.10 34.18 34.34 34.55 34.52 34.67 34.84 34.91 34.92 34.90 34.87 34.84 34.83 34.83 34.86 34.90 34.99 35.13 35.32 35.60 35.95 36.37 36.82 37.31 37.79 38.26 38.71 39.15 39.57 40.00 40.41 40.85 41.30 41.79 42.32 42.91 43.55 44.22 44.94 45.67 46.40 47.09 47.75 48.33 48.87 49.34 49.81 50.24 50.67 51.07 51.45 51.78 52.12 52.51 52.99 53.63 54.39 55.23 56.00 56.59 56.90
32.97 33.29 33.00 33.24 33.80 33.65 33.47 33.56 33.84 33.90 33.97 34.12 33.94 34.09 34.09 33.78 33.79 34.18 34.63 34.76 34.62 34.90 34.98 34.96 34.90 34.84 34.80 34.78 34.79 34.82 34.87 34.95 35.05 35.18 35.35 35.56 35.80 36.08 36.40 36.73 37.10 37.45 37.83 38.19 38.57 38.93 39.32 39.70 40.12 40.56 41.06 41.61 42.23 42.90 43.61 44.35 45.09 45.83 46.52 47.16 47.75 48.31 48.85 49.41 49.95 50.50 51.01 51.49 51.93 52.40 52.95 53.63 54.43 55.28 56.08 56.69 57.01
33.02 33.07 32.78 33.20 33.67 33.59 33.35 33.38 33.49 33.38 33.50 33.53 33.61 33.67 33.48 33.43 33.64 34.00 34.68 34.90 34.72 35.13 35.07 34.97 34.88 34.82 34.78 34.78 34.80 34.86 34.94 35.05 35.18 35.32 35.48 35.64 35.82 36.00 36.20 36.42 36.66 36.94 37.23 37.55 37.85 38.18 38.49 38.83 39.17 39.57 39.99 40.49 41.03 41.65 42.29 42.99 43.70 44.41 45.09 45.74 46.37 46.97 47.60 48.24 48.92 49.60 50.27 50.88 51.46 52.03 52.67 53.41 54.27 55.17 56.02 56.67 57.04
32.60 32.65 32.63 32.86 33.28 33.28 33.06 33.35 33.51 33.30 33.26 33.25 33.26 33.21 33.14 33.37 33.62 33.83 34.35 34.40 34.30 34.56 34.78 34.82 34.80 34.78 34.78 34.80 34.85 34.93 35.04 35.18 35.33 35.49 35.65 35.79 35.91 36.03 36.16 36.30 36.48 36.69 36.93 37.19 37.46 37.72 37.99 38.26 38.56 38.87 39.24 39.64 40.11 40.61 41.17 41.76 42.39 43.02 43.66 44.28 44.90 45.51 46.18 46.88 47.64 48.43 49.20 49.94 50.62 51.32 52.03 52.85 53.77 54.75 55.65 56.39 56.82
32.42 32.28 32.35 32.56 32.93 32.90 32.58 33.17 33.42 33.27 33.14 33.02 32.91 32.92 33.02 33.38 33.60 33.63 33.69 33.71 33.95 34.36 34.57 34.65 34.69 34.73 34.78 34.84 34.92 35.02 35.15 35.31 35.47 35.64 35.80 35.93 36.04 36.12 36.20 36.30 36.44 36.62 36.83 37.07 37.31 37.54 37.77 38.00 38.24 38.51 38.80 39.14 39.50 39.91 40.34 40.83 41.34 41.88 42.42 42.98 43.54 44.14 44.77 45.49 46.26 47.08 47.90 48.69 49.46 50.19 50.99 51.85 52.83 53.85 54.86 55.66 56.23
32.27 31.86 32.04 32.35 32.80 32.89 33.02 33.27 33.08 33.01 33.10 33.01 32.78 32.81 33.07 33.29 33.27 33.07 32.99 32.99 33.24 33.99 34.33 34.43 34.55 34.68 34.79 34.89 35.00 35.12 35.26 35.42 35.59 35.76 35.91 36.04 36.13 36.21 36.27 36.36 36.48 36.65 36.85 37.08 37.30 37.53 37.73 37.94 38.16 38.39 38.64 38.91 39.20 39.51 39.86 40.23 40.64 41.06 41.52 41.98 42.49 43.01 43.60 44.24 44.96 45.72 46.51 47.28 48.03 48.78 49.55 50.43 51.40 52.47 53.50 54.44 55.08
32.01 31.94 32.19 32.45 32.71 33.17 33.84 33.66 33.05 32.80 32.83 32.81 32.69 32.86 33.03 33.03 33.00 32.76 32.91 32.85 32.90 33.57 34.10 34.20 34.41 34.65 34.83 34.96 35.09 35.23 35.37 35.52 35.68 35.85 35.99 36.11 36.20 36.27 36.33 36.41 36.54 36.71 36.92 37.14 37.37 37.58 37.79 37.99 38.20 38.41 38.64 38.87 39.12 39.37 39.65 39.94 40.25 40.60 40.97 41.37 41.79 42.25 42.74 43.29 43.88 44.53 45.19 45.87 46.53 47.20 47.91 48.71 49.63 50.65 51.71 52.66 53.45
31.82 32.06 32.42 32.64 32.58 33.01 33.57 33.58 32.87 32.25 32.20 32.45 32.69 33.02 32.95 33.05 33.11 32.99 33.13 33.30 33.50 33.87 34.16 34.05 34.31 34.66 34.88 35.02 35.17 35.32 35.47 35.61 35.76 35.91 36.05 36.16 36.24 36.31 36.37 36.45 36.58 36.76 36.97 37.20 37.43 37.66 37.87 38.07 38.28 38.49 38.71 38.93 39.16 39.39 39.62 39.86 40.13 40.41 40.73 41.08 41.45 41.83 42.24 42.66 43.12 43.61 44.13 44.64 45.17 45.69 46.28 46.93 47.72 48.63 49.61 50.57 51.38
31.83 31.86 32.37 32.63 32.59 32.44 32.58 32.83 32.42 31.73 31.86 32.19 32.76 32.94 32.70 32.89 33.14 32.98 32.98 33.17 33.51 33.77 34.06 33.83 34.23 34.73 34.89 35.01 35.19 35.40 35.56 35.70 35.83 35.96 36.09 36.20 36.27 36.33 36.39 36.47 36.60 36.78 37.00 37.24 37.48 37.70 37.92 38.13 38.35 38.56 38.79 39.01 39.24 39.46 39.68 39.90 40.15 40.41 40.70 41.02 41.36 41.69 42.02 42.35 42.68 43.02 43.37 43.74 44.09 44.47 44.86 45.36 45.94 46.69 47.52 48.40 49.21
31.77 31.69 32.03 32.95 33.45 32.63 32.25 32.53 32.22 31.98 31.90 32.20 32.76 32.78 32.17 32.28 32.71 32.84 32.89 32.94 33.09 33.33 33.60 33.60 34.17 34.76 34.71 34.80 35.11 35.42 35.62 35.75 35.87 36.00 36.14 36.24 36.31 36.36 36.41 36.48 36.61 36.79 37.01 37.25 37.49 37.73 37.95 38.17 38.39 38.61 38.84 39.08 39.31 39.54 39.75 39.98 40.22 40.48 40.77 41.08 41.40 41.72 42.00 42.26 42.50 42.72 42.95 43.17 43.40 43.61 43.86 44.14 44.55 45.06 45.74 46.46 47.22
31.82 31.68 31.72 32.92 33.56 32.84 32.40 32.13 32.06 32.10 31.91 32.30 32.93 32.50 32.76 32.91 32.24 32.91 33.16 33.23 33.05 33.00 33.10 33.62 34.19 34.23 33.97 34.32 34.89 35.39 35.62 35.75 35.87 36.03 36.19 36.31 36.37 36.41 36.44 36.51 36.62 36.79 37.01 37.25 37.49 37.73 37.96 38.18 38.40 38.63 38.87 39.11 39.35 39.58 39.82 40.04 40.29 40.55 40.85 41.17 41.50 41.81 42.08 42.30 42.48 42.64 42.78 42.92 43.05 43.16 43.26 43.39 43.59 43.94 44.40 45.00 45.63
31.66 31.82 31.83 32.17 32.24 32.04 31.94 31.67 32.25 32.21 32.04 32.36 32.41 32.62 33.47 34.35 33.50 33.99 33.92 33.19 33.64 33.01 32.85 33.33 33.93 33.92 33.74 33.95 34.62 35.26 35.48 35.62 35.78 36.01 36.24 36.39 36.46 36.48 36.50 36.54 36.65 36.80 37.01 37.25 37.49 37.73 37.96 38.18 38.41 38.64 38.88 39.12 39.37 39.61 39.84 40.08 40.33 40.61 40.91 41.24 41.58 41.90 42.17 42.39 42.54 42.68 42.78 42.88 42.96 43.00 43.02 43.04 43.12 43.29 43.62 44.05 44.59
31.05 31.87 31.85 31.60 31.34 31.66 31.64 31.77 32.32 32.19 32.23 32.40 32.12 32.10 34.14 37.51 38.61 38.11 36.37 35.92 36.80 35.10 33.69 33.17 33.58 33.61 33.61 33.64 33.95 34.61 35.06 35.33 35.58 35.93 36.30 36.49 36.56 36.57 36.57 36.61 36.69 36.84 37.03 37.26 37.50 37.73 37.96 38.18 38.41 38.64 38.88 39.13 39.38 39.62 39.86 40.10 40.35 40.63 40.94 41.28 41.63 41.96 42.24 42.46 42.63 42.75 42.86 42.94 43.01 43.03 43.02 42.98 42.97 43.05 43.25 43.60 44.03
31.29 32.78 32.35 31.53 31.32 31.36 31.02 31.45 31.44 31.28 32.57 35.27 36.50 38.26 41.89 44.05 43.68 42.27 40.36 41.37 40.70 38.87 36.62 35.36 34.27 33.92 33.52 33.57 33.94 34.36 34.74 35.03 35.30 35.79 36.35 36.56 36.63 36.64 36.66 36.69 36.77 36.89 37.07 37.29 37.52 37.75 37.98 38.20 38.42 38.65 38.89 39.14 39.38 39.63 39.87 40.11 40.36 40.64 40.95 41.30 41.65 41.99 42.27 42.51 42.68 42.82 42.93 43.03 43.10 43.13 43.11 43.06 43.01 43.05 43.19 43.46 43.84
33.27 34.85 33.67 31.66 31.08 31.30 32.40 32.13 30.92 30.68 34.04 38.86 40.24 41.33 43.04 45.44 46.18 44.74 44.48 44.63 43.96 42.80 41.22 38.98 36.86 35.08 33.75 33.35 33.60 34.03 34.42 34.75 35.01 35.56 36.32 36.47 36.57 36.66 36.72 36.79 36.86 36.98 37.15 37.35 37.57 37.80 38.02 38.23 38.45 38.67 38.91 39.16 39.41 39.65 39.88 40.12 40.37 40.64 40.95 41.30 41.65 41.99 42.29 42.53 42.71 42.86 42.99 43.10 43.19 43.22 43.22 43.17 43.13 43.14 43.27 43.51 43.86
35.21 36.39 34.81 32.37 32.95 36.56 37.29 34.50 31.70 32.83 34.22 38.24 40.73 40.29 39.54 41.15 42.93 44.11 45.55 45.01 45.04 45.25 43.93 41.36 38.86 36.83 35.44 33.72 33.53 33.56 34.02 34.51 35.21 35.38 35.67 35.98 36.30 36.59 36.77 36.88 36.98 37.09 37.25 37.44 37.66 37.88 38.10 38.30 38.51 38.73 38.96 39.21 39.45 39.69 39.91 40.14 40.38 40.65 40.95 41.29 41.65 41.99 42.29 42.53 42.72 42.88 43.01 43.14 43.23 43.29 43.29 43.26 43.23 43.25 43.37 43.62 43.95
35.65 35.73 34.45 33.17 36.25 41.13 40.56 36.71 33.62 34.73 37.10 40.08 42.98 41.58 39.56 39.48 39.86 42.41 44.40 42.68 42.63 43.43 43.10 42.16 40.49 39.86 38.85 35.54 33.26 33.28 33.47 34.36 35.25 35.03 34.90 35.33 35.91 36.46 36.77 36.97 37.10 37.22 37.36 37.54 37.76 38.00 38.21 38.40 38.59 38.81 39.04 39.28 39.53 39.75 39.97 40.18 40.41 40.66 40.96 41.29 41.64 41.98 42.28 42.52 42.72 42.88 43.02 43.15 43.25 43.31 43.33 43.31 43.29 43.32 43.45 43.70 44.05
36.52 35.98 35.21 34.02 35.67 41.17 42.35 39.59 41.72 44.11 43.83 46.70 46.66 45.03 44.58 44.40 42.99 44.48 43.51 41.47 40.28 40.09 41.38 42.52 41.77 42.27 41.02 37.02 34.09 34.76 35.09 35.09 35.02 34.40 34.18 34.73 35.49 36.26 36.69 37.00 37.18 37.30 37.45 37.63 37.88 38.14 38.36 38.53 38.71 38.91 39.14 39.40 39.64 39.86 40.05 40.24 40.45 40.69 40.98 41.30 41.64 41.97 42.27 42.52 42.71 42.88 43.02 43.15 43.25 43.32 43.34 43.33 43.32 43.36 43.50 43.75 44.10
39.20 39.29 38.15 35.78 35.18 40.26 42.95 43.55 47.47 47.18 48.10 48.99 48.03 47.57 48.63 48.25 46.79 46.29 44.60 43.63 41.13 39.51 41.00 41.62 41.24 42.38 41.74 38.82 39.13 39.66 38.19 36.24 34.87 34.47 34.17 34.26 35.01 35.62 36.41 36.98 37.20 37.32 37.45 37.65 37.96 38.30 38.52 38.67 38.81 39.01 39.26 39.54 39.79 40.00 40.17 40.34 40.52 40.74 41.00 41.31 41.64 41.97 42.26 42.51 42.71 42.87 43.02 43.15 43.25 43.32 43.34 43.33 43.32 43.37 43.52 43.77 44.12
42.37 41.94 39.49 36.85 35.37 39.82 42.68 44.72 46.01 45.93 46.74 48.16 48.75 48.84 49.27 47.64 45.63 46.37 47.57 46.82 43.80 41.01 41.04 40.10 39.51 40.44 40.19 41.12 44.07 42.68 39.04 34.77 33.78 34.62 34.51 34.61 35.05 35.38 36.30 37.02 37.10 37.17 37.31 37.54 37.95 38.44 38.66 38.75 38.86 39.07 39.38 39.71 39.97 40.16 40.31 40.45 40.61 40.80 41.05 41.34 41.66 41.98 42.26 42.51 42.71 42.87 43.02 43.15 43.25 43.31 43.33 43.32 43.32 43.37 43.52 43.78 44.13
42.72 40.78 38.04 36.09 35.72 39.70 42.37 42.58 42.16 42.61 42.41 43.49 46.97 48.56 48.07 45.33 43.09 46.22 49.70 48.31 45.30 42.44 40.51 38.88 39.18 38.86 37.91 39.62 42.45 40.04 35.05 35.06 34.23 34.14 34.44 34.96 35.43 35.55 36.26 36.95 36.67 36.74 36.95 37.23 37.84 38.57 38.71 38.71 38.79 39.05 39.44 39.88 40.17 40.34 40.45 40.57 40.71 40.89 41.12 41.40 41.70 42.00 42.28 42.52 42.72 42.89 43.03 43.16 43.26 43.31 43.33 43.32 43.31 43.37 43.51 43.77 44.12
41.55 38.33 36.66 36.51 37.41 40.37 41.63 40.16 39.86 40.38 37.19 39.16 40.06 43.07 42.47 38.57 35.78 42.12 48.07 48.04 45.58 41.96 38.29 38.20 39.92 39.77 38.38 38.74 39.61 37.59 36.74 36.18 33.96 33.84 34.06 34.64 34.98 35.02 35.41 35.70 35.72 35.96 36.22 36.77 37.83 38.46 38.51 38.46 38.54 38.89 39.41 40.04 40.34 40.47 40.57 40.68 40.82 40.99 41.21 41.47 41.76 42.05 42.32 42.56 42.75 42.92 43.06 43.18 43.27 43.32 43.33 43.32 43.31 43.36 43.51 43.77 44.11
37.51 36.47 37.57 38.10 39.17 41.41 42.73 41.19 39.34 38.50 36.15 35.90 37.03 37.43 36.47 32.84 30.71 34.44 39.58 42.94 41.99 38.89 36.64 38.69 40.02 38.85 37.86 38.71 39.67 40.92 42.13 39.30 35.13 33.79 33.80 34.15 34.11 33.98 34.38 34.87 35.12 35.43 35.98 36.88 37.56 37.72 37.98 38.03 38.14 38.64 39.21 40.12 40.37 40.46 40.57 40.74 40.91 41.09 41.30 41.56 41.85 42.14 42.40 42.63 42.82 42.98 43.11 43.22 43.31 43.35 43.35 43.33 43.32 43.37 43.51 43.76 44.11
32.23 34.74 37.21 38.06 38.34 39.58 41.89 40.87 38.59 37.94 38.74 39.37 38.38 37.28 36.25 33.02 31.90 32.25 30.69 32.36 32.37 33.52 36.25 39.66 39.02 37.07 36.35 37.96 38.26 40.20 41.09 37.19 33.87 33.67 33.87 34.25 33.80 33.76 34.32 34.75 34.90 35.04 35.71 36.73 36.93 37.01 37.59 37.79 37.91 38.40 38.94 39.73 40.09 40.20 40.43 40.72 40.96 41.16 41.39 41.66 41.96 42.26 42.52 42.73 42.92 43.06 43.19 43.29 43.36 43.40 43.39 43.35 43.34 43.37 43.51 43.76 44.10
33.39 34.50 35.21 36.60 36.30 37.94 40.83 40.36 39.73 41.49 42.11 40.76 38.49 35.96 33.38 30.52 31.61 31.96 31.77 32.21 32.45 33.30 33.98 37.13 38.67 37.71 36.44 36.87 36.15 36.70 35.59 32.63 32.63 32.93 33.67 34.03 33.60 33.98 34.41 34.55 34.67 34.62 35.14 35.82 36.20 36.78 37.20 37.44 37.97 38.35 38.66 39.42 39.75 39.74 40.13 40.64 40.92 41.15 41.43 41.75 42.08 42.40 42.66 42.87 43.04 43.18 43.30 43.39 43.45 43.47 43.45 43.41 43.37 43.40 43.53 43.77 44.10
35.09 34.07 34.42 36.14 36.06 40.28 43.49 42.45 43.47 44.86 43.18 40.59 36.57 32.28 32.56 31.92 32.07 32.21 32.21 32.26 31.92 33.25 32.41 32.48 34.98 36.36 35.82 35.10 36.15 36.01 34.09 32.44 32.26 32.47 33.24 33.33 33.08 33.86 34.09 34.30 34.61 34.81 35.06 35.40 36.17 36.83 36.86 37.36 38.31 38.39 38.30 39.15 39.43 39.10 39.72 40.45 40.71 40.99 41.37 41.78 42.18 42.54 42.82 43.01 43.16 43.30 43.42 43.50 43.56 43.58 43.55 43.49 43.44 43.44 43.56 43.78 44.10
34.41 34.50 34.82 35.13 33.44 43.84 46.13 44.23 42.71 40.85 40.41 37.65 32.88 32.67 32.67 32.52 32.55 32.60 32.62 32.68 32.95 34.28 33.18 33.36 35.64 37.52 35.38 34.90 35.47 35.71 34.56 32.87 32.49 32.60 32.92 32.79 32.97 33.68 33.90 34.39 34.96 35.14 35.19 35.76 36.74 37.07 36.73 37.03 37.72 37.74 38.05 38.80 38.91 38.84 39.38 39.83 40.07 40.60 41.19 41.72 42.21 42.64 42.93 43.08 43.22 43.39 43.51 43.61 43.68 43.71 43.68 43.61 43.53 43.52 43.60 43.81 44.12
34.39 34.70 35.22 36.12 36.54 45.21 45.43 40.66 34.91 33.63 34.29 32.59 32.77 32.84 32.91 32.95 33.00 33.02 32.98 32.91 32.92 33.22 31.99 32.15 39.39 39.33 37.68 35.53 35.13 36.62 36.06 33.50 32.19 32.22 32.43 32.66 33.00 33.56 33.85 34.54 35.22 35.24 34.95 35.36 36.05 36.33 36.45 36.48 36.84 37.20 37.92 38.48 38.59 38.84 39.18 39.39 39.50 40.25 41.00 41.55 42.08 42.62 42.92 42.99 43.12 43.37 43.52 43.65 43.77 43.85 43.85 43.77 43.67 43.60 43.66 43.85 44.15
34.09 34.69 35.25 37.60 41.47 41.86 39.83 34.46 30.58 29.56 32.06 32.47 32.77 33.00 33.20 33.37 33.48 33.50 33.37 33.04 32.61 33.70 34.92 35.60 39.11 40.22 39.85 36.65 36.76 39.59 38.37 34.61 32.26 32.06 32.28 32.33 32.64 33.49 34.04 34.40 35.00 35.01 34.76 34.96 35.04 35.55 36.11 36.43 36.91 37.37 37.90 38.06 38.21 38.33 38.90 39.17 39.44 40.13 40.79 41.16 41.67 42.32 42.64 42.63 42.77 43.17 43.36 43.57 43.80 43.98 44.04 43.95 43.80 43.70 43.71 43.89 44.20
36.31 37.52 42.19 42.41 39.86 38.31 35.30 31.35 31.09 31.06 31.93 32.46 32.85 33.19 33.52 33.83 34.07 34.14 33.94 33.28 30.77 34.05 38.38 39.88 39.23 42.37 41.64 37.80 38.49 41.56 39.56 35.08 32.29 32.18 32.05 31.82 32.22 33.59 34.04 34.02 34.25 34.61 35.07 35.23 35.16 35.42 35.73 36.09 36.75 37.19 37.48 37.69 37.89 38.19 38.78 39.39 39.71 39.98 40.08 40.28 40.96 41.34 41.70 42.08 42.25 42.48 42.94 43.30 43.71 44.06 44.20 44.10 43.90 43.74 43.74 43.92 44.26
