terrain/dems/exampleFiles/whites/chocorua.grd
ncols        152
nrows        107
xllcorner    -71.283472222222
yllcorner    43.940972222222
cellsize     30
[rows 42 to 83 of 107, columns 0 to 93 of 152]
516 520 523 525 528 531 534 536 538 539 541 543 546 547 548 549 550 552 555 556 558 560 561 561 563 566 571 574 581 590 598 607 618 628 635 639 640 640 639 633 625 616 607 597 591 588 586 584 579 572 566 561 562 562 562 562 561 560 559 557 555 553 558 565 576 591 603 610 615 623 630 640 644 653 669 683 698 713 723 732 740 750 760 767 775 783 788 794 800 805 813 820 825 831
516 520 523 525 528 530 534 536 538 540 543 546 548 549 549 549 550 553 554 555 556 557 558 559 560 563 566 568 571 580 590 598 607 613 618 621 621 618 615 611 605 601 593 584 578 575 575 574 570 565 560 557 555 554 556 557 559 558 555 551 549 552 562 573 583 594 603 610 617 623 631 639 642 649 659 675 693 709 719 728 737 742 750 757 766 777 779 780 785 790 799 808 811 814
512 518 524 528 530 532 535 537 540 542 544 548 549 549 549 549 550 552 554 554 555 556 556 557 558 559 558 560 562 567 576 586 593 595 596 600 600 599 597 594 593 589 583 577 571 566 562 559 556 556 557 555 553 551 550 551 553 554 552 551 552 558 570 579 585 592 601 608 616 623 628 634 638 642 653 669 685 700 709 717 726 736 741 747 755 760 764 769 771 775 784 791 797 799
511 517 524 529 532 535 538 540 542 543 546 548 549 548 548 549 550 551 552 554 556 556 556 556 556 556 554 550 551 555 561 570 575 580 581 584 585 586 584 581 575 571 568 563 560 554 550 549 548 547 548 549 549 549 548 546 547 547 547 550 557 565 573 581 587 595 601 606 613 618 623 630 634 640 647 657 675 690 695 701 708 718 727 734 740 743 751 758 761 763 769 776 781 786
514 519 525 529 532 537 540 541 542 544 546 548 548 547 546 547 547 548 550 552 554 555 554 553 552 551 550 550 551 553 556 559 566 570 573 573 572 571 568 563 560 556 553 551 548 545 543 542 541 539 542 544 544 544 543 542 541 541 544 549 556 563 570 579 588 596 602 606 610 613 619 625 630 637 641 648 660 678 682 687 694 702 711 720 728 731 738 746 746 749 756 762 765 773
519 525 528 530 532 536 540 541 541 543 545 546 546 545 545 545 545 545 547 548 550 550 550 549 548 547 547 548 549 550 550 552 555 557 557 559 559 555 550 547 546 544 542 540 539 538 537 536 533 534 536 537 538 538 538 536 536 540 545 550 555 561 568 577 586 595 602 607 609 609 613 619 625 630 635 639 650 665 672 675 681 689 698 705 714 719 723 726 728 734 742 747 750 755
521 526 528 530 532 537 539 540 541 543 545 545 545 545 545 545 545 545 544 545 545 546 546 546 546 545 543 544 544 545 546 546 547 547 548 548 549 547 543 539 537 535 534 532 529 529 530 530 530 529 529 530 531 530 530 532 535 542 547 551 556 561 567 576 584 592 599 605 606 605 608 614 621 625 628 632 639 648 659 666 669 674 680 687 695 701 703 704 713 720 728 731 734 738
522 526 528 530 533 536 539 540 542 544 545 546 546 545 544 545 546 545 544 543 544 544 544 544 543 541 540 539 540 541 542 543 542 541 540 541 543 541 537 533 532 532 531 529 527 526 526 525 524 523 522 521 521 521 523 527 537 543 547 552 555 560 566 573 581 589 595 599 600 599 601 609 618 622 623 624 627 635 645 654 660 661 664 670 676 682 686 687 691 702 709 715 721 727
521 525 528 530 533 536 539 541 543 544 545 546 546 545 544 544 544 544 543 543 543 543 543 542 541 539 537 536 536 536 538 537 537 536 536 536 536 534 532 530 530 532 530 527 525 523 522 520 518 516 514 513 515 517 521 527 534 540 544 549 554 558 563 569 576 582 587 589 590 590 593 600 608 612 614 618 623 627 634 642 649 652 654 657 663 671 675 677 682 689 700 707 713 720
524 528 529 531 532 535 537 541 543 545 545 545 545 545 544 542 541 541 541 541 541 542 541 540 538 538 537 536 535 534 533 533 532 531 531 531 531 529 523 518 518 519 521 521 521 520 517 515 514 514 513 513 515 519 524 530 533 536 540 545 550 554 558 562 567 572 574 577 580 583 586 591 595 597 602 611 617 622 625 630 637 643 646 648 653 665 671 673 679 687 698 706 713 717
524 527 528 529 529 531 535 538 542 544 543 543 543 544 543 541 539 539 538 539 540 541 541 540 539 540 541 541 539 536 534 532 531 530 527 525 523 520 517 513 511 510 510 513 515 512 509 507 508 511 512 514 516 520 525 528 531 533 536 540 544 548 552 554 558 560 562 564 570 576 580 584 587 589 594 605 611 614 617 620 627 633 642 642 649 661 673 680 690 698 705 714 719 727
521 523 525 527 529 531 534 538 540 541 540 540 540 541 540 539 538 537 537 538 539 540 540 540 540 542 543 542 541 538 535 534 533 531 524 518 513 511 508 506 506 505 506 505 505 504 502 501 504 508 512 516 518 520 522 524 526 529 532 535 539 542 545 548 551 553 556 558 564 571 577 581 584 586 591 600 607 612 617 625 625 636 645 654 658 669 683 692 699 707 717 727 733 741
520 521 523 526 530 533 536 538 540 540 539 538 538 538 537 536 535 534 535 537 539 539 539 539 541 541 542 541 539 537 534 532 530 527 522 514 508 502 500 499 499 500 501 502 501 500 498 498 503 509 512 515 518 520 520 520 522 525 527 530 534 539 543 546 549 553 557 563 569 577 584 589 595 597 601 608 613 623 636 641 642 652 659 667 674 683 692 703 710 717 729 738 746 753
520 521 523 527 531 533 537 540 540 539 537 536 536 535 534 533 532 532 533 536 538 539 538 539 540 541 541 539 538 537 534 530 527 522 518 511 503 498 494 492 492 494 495 496 497 495 495 497 501 506 509 511 513 516 518 518 519 522 523 526 530 537 543 546 549 555 564 570 578 585 593 604 610 617 620 626 628 639 650 656 662 671 676 685 691 705 713 722 726 731 737 747 757 766
521 522 524 527 531 534 536 537 537 536 535 534 533 533 532 531 531 532 533 535 535 536 537 539 539 539 540 539 536 534 532 529 525 521 515 507 500 494 491 489 488 489 491 491 491 492 495 497 502 504 506 507 510 513 515 517 519 521 523 527 532 536 543 546 549 556 565 574 582 591 600 608 617 626 633 637 640 649 660 669 675 680 689 694 702 715 724 730 734 737 739 750 765 777
520 522 525 528 531 532 534 534 533 532 532 532 531 531 531 530 531 532 532 532 530 531 535 537 538 538 538 538 535 532 529 526 523 519 512 506 502 498 493 488 486 485 486 486 487 489 493 497 499 502 504 506 507 510 514 517 520 523 525 529 533 538 542 547 552 559 568 578 587 595 605 615 622 631 637 642 647 655 666 676 684 690 695 701 707 718 725 730 735 739 745 754 768 788
517 522 526 528 529 530 530 530 530 530 531 531 531 530 529 529 530 532 532 530 528 530 533 537 538 537 537 535 534 531 526 522 518 514 508 502 499 495 490 484 481 481 481 482 486 489 490 493 496 499 502 504 507 510 513 517 520 524 526 529 533 538 544 549 556 564 572 581 590 597 609 620 627 633 639 646 653 660 670 680 687 692 697 704 712 719 724 729 735 742 749 757 769 789
517 521 523 525 527 528 528 529 529 529 529 529 529 528 527 528 529 531 531 530 530 530 533 534 534 534 533 533 531 527 521 516 512 508 505 501 497 489 482 479 477 477 477 480 485 487 489 491 494 497 500 503 506 510 513 515 519 522 527 531 537 543 547 552 559 568 575 582 590 598 611 623 628 634 642 650 657 666 672 679 686 692 696 701 711 718 723 729 736 743 750 757 764 779
516 520 521 523 525 527 528 528 528 527 526 526 526 526 527 527 528 529 529 529 530 531 530 530 530 529 527 527 526 523 517 512 508 503 499 494 489 482 477 474 472 474 474 478 483 487 489 492 495 498 500 502 505 509 512 513 517 523 528 534 540 545 549 556 563 572 578 584 591 599 612 625 630 636 645 654 661 666 673 677 682 688 695 702 708 715 720 726 736 742 747 752 758 767
516 518 519 521 523 525 525 525 525 524 523 521 522 523 525 527 526 525 525 525 525 526 525 525 525 523 521 519 518 517 513 507 501 496 491 486 480 474 472 470 469 469 472 475 482 487 490 493 495 497 500 504 508 512 513 515 519 525 531 537 543 547 551 557 565 573 580 587 594 600 612 625 631 637 645 652 659 664 670 674 677 683 688 696 705 711 717 723 732 737 741 745 749 756
517 518 519 521 522 522 523 522 523 522 520 519 520 521 522 523 524 523 521 519 518 519 520 521 522 520 516 512 510 507 503 497 492 488 483 477 472 469 467 467 467 469 473 477 480 485 490 492 494 496 499 505 509 513 516 519 521 526 533 538 544 549 553 560 569 577 584 589 595 603 614 624 632 637 643 648 653 660 665 669 672 676 681 687 695 703 711 716 721 728 733 738 741 748
517 520 521 521 521 521 521 521 521 520 518 518 518 517 517 518 518 518 518 517 516 515 515 515 516 515 510 506 502 498 493 486 481 474 468 464 462 461 462 463 465 469 473 476 479 483 488 491 493 495 498 503 508 511 516 520 524 527 531 536 543 550 557 565 574 581 586 589 596 606 615 624 630 635 641 647 652 656 660 662 664 668 672 679 687 694 703 708 712 718 725 730 733 746
518 521 521 521 520 520 519 520 520 518 516 515 515 515 514 514 514 515 515 515 513 511 509 508 508 505 502 498 493 488 480 474 468 462 457 456 455 454 457 460 463 468 473 475 478 481 484 487 490 493 499 504 506 510 515 519 524 528 531 536 544 553 560 567 575 581 584 586 593 604 614 621 625 630 637 642 646 650 653 656 657 659 664 670 679 687 695 701 704 711 720 725 731 746
516 519 521 521 520 519 520 520 521 518 515 512 512 512 511 510 510 511 511 509 505 503 502 501 499 497 492 486 481 473 468 462 458 455 453 451 451 452 456 459 464 469 471 473 476 478 481 484 487 492 497 501 505 509 513 517 522 527 531 536 545 553 558 565 572 576 579 584 589 599 609 614 619 622 628 632 633 636 643 649 652 653 658 668 676 684 689 696 701 709 718 724 732 749
514 517 518 518 518 519 518 518 518 516 513 510 508 507 506 505 504 505 504 500 494 493 493 492 490 487 481 473 466 460 455 451 447 446 447 449 450 454 459 463 467 470 471 472 474 477 480 484 487 490 495 500 503 507 511 513 516 522 529 536 544 551 556 560 565 568 573 579 585 591 600 607 610 612 615 620 623 625 631 642 650 655 663 671 678 685 690 695 704 713 723 729 735 747
512 513 514 515 516 516 515 514 512 510 509 506 501 498 497 495 491 488 489 488 485 482 482 481 480 478 473 465 455 450 444 441 439 442 444 447 451 455 459 464 466 467 467 469 472 476 480 484 486 490 495 500 503 506 509 511 513 518 525 533 540 545 550 556 561 564 568 575 579 582 590 600 602 604 607 611 616 621 628 639 651 658 665 673 680 685 692 700 708 718 726 734 741 750
510 512 514 514 514 513 512 510 507 504 502 499 493 487 485 483 480 478 478 477 475 473 470 469 469 470 466 455 445 439 435 434 437 439 442 445 450 453 458 461 463 464 464 466 469 473 478 482 486 490 494 499 500 503 507 510 513 516 522 528 534 540 545 551 557 560 564 571 574 578 581 588 593 596 599 605 613 621 631 643 652 659 666 673 679 686 694 703 710 719 727 735 743 755
512 515 515 513 511 510 508 505 501 497 494 487 480 476 473 472 471 471 471 470 468 465 463 461 460 457 451 442 437 433 431 434 437 439 442 444 449 452 456 460 461 461 461 464 468 473 477 480 484 487 491 495 499 501 502 506 511 515 521 526 531 536 543 549 553 557 562 567 572 573 574 579 582 587 593 603 614 622 633 643 652 661 667 674 680 686 695 705 712 720 730 737 746 756
515 516 515 512 508 506 505 500 494 490 487 480 474 468 464 462 460 461 461 461 460 458 456 453 450 447 442 436 431 429 429 435 438 439 441 445 449 453 454 456 456 457 459 462 467 472 477 480 483 487 489 493 497 498 499 504 510 517 523 527 530 535 539 545 551 554 556 560 564 565 567 572 577 584 593 606 616 625 634 644 655 663 669 676 683 690 696 704 713 723 732 741 749 761
511 512 512 509 507 505 503 499 494 489 484 478 471 464 458 453 452 451 450 451 451 449 447 445 442 438 433 428 424 424 428 432 436 438 440 443 447 449 450 450 450 454 457 461 467 474 477 479 482 486 490 492 494 495 499 501 505 512 517 522 525 528 532 537 543 546 549 551 556 559 563 569 580 588 601 612 620 629 639 650 659 666 673 679 686 692 697 706 714 722 731 742 752 765
506 508 509 509 507 506 503 499 491 484 478 471 465 458 452 448 446 445 442 442 443 443 441 438 434 429 424 419 418 420 426 429 433 438 441 443 445 445 445 446 448 451 455 461 467 473 476 477 479 483 487 490 490 492 494 498 500 501 506 511 516 520 525 529 535 539 542 547 553 560 567 578 587 599 610 616 623 634 645 656 665 671 675 681 689 696 704 711 717 724 733 744 754 763
500 502 505 506 505 502 499 492 483 477 471 464 459 453 447 443 441 441 439 437 435 432 428 428 422 418 415 415 415 420 426 430 436 441 444 445 443 441 440 442 446 450 455 460 466 471 473 474 475 478 482 484 485 486 489 493 496 498 501 504 510 515 519 524 530 536 542 548 556 566 572 584 597 608 617 623 631 639 649 661 670 673 679 689 699 708 714 719 724 731 740 749 758 765
490 495 498 499 499 496 492 486 479 470 461 456 451 448 443 438 436 435 432 431 428 425 422 418 413 410 409 410 413 421 427 433 438 440 443 443 441 437 436 440 445 450 455 460 464 468 471 472 474 476 478 480 482 483 484 489 493 496 499 502 506 509 514 523 533 537 546 551 564 573 582 590 605 615 621 626 634 643 651 662 671 678 686 697 710 717 722 728 732 740 749 758 766 773
476 482 486 490 490 487 483 478 470 463 454 447 444 441 437 434 430 427 424 423 422 419 414 409 405 404 406 409 415 424 432 435 437 437 437 437 435 433 433 438 443 449 454 460 463 466 469 471 473 474 475 477 479 481 484 486 490 494 498 502 505 509 513 522 533 545 553 563 571 582 590 596 607 618 622 627 635 642 651 662 673 682 690 701 712 722 730 736 740 748 757 765 772 781
464 469 474 476 476 474 470 466 460 454 449 443 438 435 431 427 424 421 416 413 411 406 400 397 396 399 406 413 420 430 433 433 432 430 429 429 431 432 436 439 443 447 453 458 461 464 465 467 469 471 471 470 473 477 480 484 487 490 496 501 506 513 520 528 536 545 556 563 570 582 594 600 610 619 625 630 636 642 649 659 671 682 691 704 717 728 735 741 746 754 761 769 779 788
451 456 462 463 463 462 459 454 451 446 442 438 434 429 426 424 419 414 408 404 401 396 392 390 392 397 409 418 425 428 428 428 426 424 424 425 429 432 436 440 442 446 452 456 458 460 460 460 463 465 465 466 469 475 479 482 485 490 495 500 506 514 522 529 537 545 553 559 568 580 593 599 608 617 625 632 637 643 648 658 669 680 692 706 719 728 738 743 749 757 768 779 789 801
442 446 449 450 452 451 448 445 441 437 433 431 429 426 422 418 414 407 399 395 392 389 388 392 393 403 415 421 423 423 421 421 421 422 423 427 431 434 436 438 441 447 452 456 457 457 457 458 460 462 463 465 471 476 481 484 488 493 498 502 508 515 521 527 535 543 550 556 565 576 586 595 602 611 622 629 635 642 649 656 666 677 688 701 713 725 736 746 753 760 774 787 798 810
430 436 437 437 438 438 437 434 432 429 426 425 424 422 417 412 404 396 391 387 386 384 387 391 401 408 415 418 417 416 415 415 419 422 427 432 437 438 438 440 444 447 450 452 454 454 454 455 458 460 461 466 472 479 486 492 495 501 507 511 518 521 524 530 537 542 547 554 562 571 579 588 597 609 618 624 630 640 649 655 663 674 686 697 708 720 733 745 754 763 775 786 797 809
418 420 425 426 429 432 429 428 425 421 420 420 419 416 413 406 394 386 383 382 381 381 383 391 399 406 409 411 412 413 415 417 421 424 429 433 436 437 438 439 441 444 445 446 446 448 448 451 455 460 463 468 476 485 494 500 505 513 520 525 528 530 535 540 541 546 550 555 560 568 577 586 595 605 614 620 627 637 646 653 661 671 684 695 705 717 729 740 752 763 774 785 793 804
406 409 411 415 420 423 424 421 420 418 416 414 413 412 408 401 389 379 377 377 378 378 383 390 397 402 406 409 411 415 417 419 420 422 426 430 433 434 435 435 436 437 440 441 442 443 446 450 456 462 467 475 484 493 503 508 515 523 530 535 540 541 545 550 553 555 559 561 564 569 576 585 592 601 608 616 624 633 642 652 662 671 682 693 705 716 726 737 748 759 770 783 793 802
401 402 404 408 414 416 416 415 415 414 410 408 407 405 402 395 383 375 372 372 376 380 382 388 394 400 404 406 409 412 413 412 413 415 419 425 427 430 430 431 432 435 437 440 443 445 449 454 461 469 475 483 493 500 508 516 523 530 538 545 549 554 558 561 563 567 572 575 574 576 581 587 593 596 606 614 622 631 642 653 663 673 683 693 702 715 727 735 745 756 767 779 791 803
396 396 397 399 405 409 409 409 410 409 404 402 400 397 392 385 376 369 367 370 373 375 378 383 387 392 396 399 401 403 404 404 405 407 411 415 420 423 425 426 428 431 436 439 442 448 454 459 468 478 483 489 497 504 512 521 529 536 543 551 558 564 568 571 576 580 587 591 590 591 598 603 607 610 612 618 624 634 644 653 663 673 684 693 701 710 724 736 745 755 763 775 787 801
