terrain/dems/exampleFiles/whites/chocorua.grd
ncols        152
nrows        107
xllcorner    -71.283472222222
yllcorner    43.940972222222
cellsize     30
[rows 0 to 41 of 107, columns 0 to 93 of 152]
447 449 451 454 456 458 459 461 464 467 469 470 470 469 470 473 476 481 485 489 494 496 498 500 502 505 508 512 518 523 531 540 549 555 559 564 568 572 577 584 590 597 605 615 627 640 651 659 666 673 678 682 685 689 697 706 715 721 731 741 749 758 767 775 782 785 789 794 800 805 811 815 819 821 824 825 828 831 832 832 830 825 821 815 809 803 798 792 785 777 767 758 753 751
447 447 449 451 454 456 458 459 461 465 468 469 468 469 470 474 478 481 483 487 489 494 497 499 502 507 510 515 521 526 535 547 553 558 561 565 568 574 581 590 595 601 608 618 633 647 659 667 674 680 684 690 693 698 704 713 720 728 737 745 750 757 765 775 782 787 792 797 802 809 816 820 824 828 831 833 833 836 837 838 837 834 830 824 817 811 807 801 793 787 782 772 767 765
446 447 447 449 452 456 458 458 460 464 468 469 470 471 473 475 478 481 484 485 488 492 496 501 507 511 514 520 526 534 542 549 554 557 560 562 566 573 585 594 601 607 613 622 635 648 658 668 677 684 689 695 700 704 711 717 724 733 742 746 750 755 763 771 780 786 792 799 806 814 818 821 824 829 833 834 837 840 844 844 845 844 839 833 827 821 815 809 802 796 789 784 781 780
447 448 449 452 455 458 460 461 462 464 467 469 471 472 473 474 477 481 486 488 490 493 498 502 510 514 520 525 531 536 543 548 552 555 559 562 567 576 587 598 606 614 622 628 639 650 659 668 678 687 693 698 702 708 716 725 733 739 743 749 752 756 762 768 774 782 790 798 806 811 813 814 818 823 827 831 836 844 849 850 851 851 847 842 839 835 829 823 817 810 804 798 798 798
448 449 451 453 456 459 461 462 464 465 466 469 471 473 472 474 476 482 488 492 495 498 500 505 510 516 523 530 534 537 542 545 550 555 559 563 572 581 592 599 610 619 629 635 644 652 661 667 677 687 693 699 705 710 718 729 735 740 744 749 755 758 760 763 768 774 780 790 796 801 804 806 810 814 818 823 830 841 847 851 854 857 854 851 849 847 841 836 831 826 820 818 816 814
448 450 451 454 456 458 460 462 464 465 465 467 470 473 474 475 479 484 488 493 497 501 504 507 510 516 523 532 536 539 542 548 552 556 560 566 572 582 592 599 607 618 627 636 644 653 660 666 675 685 692 700 707 713 720 727 734 739 744 749 750 753 755 757 760 765 769 774 782 789 793 795 798 803 808 815 822 829 839 847 855 862 863 862 860 856 852 847 845 842 836 833 830 829
447 449 451 454 457 458 460 462 464 465 466 467 470 473 475 479 483 486 490 495 500 502 504 507 512 517 525 532 537 539 544 549 554 556 560 566 574 583 592 599 607 615 623 632 642 652 658 665 673 682 691 701 707 713 721 726 728 734 739 744 743 743 745 749 752 753 756 761 765 771 778 781 786 791 797 805 813 819 827 837 855 864 870 871 869 865 860 857 855 852 848 846 845 844
447 448 451 454 456 458 460 463 465 467 467 469 472 475 478 482 486 488 492 498 502 504 507 511 514 521 528 533 536 540 544 550 553 555 560 567 576 586 595 601 609 615 622 631 641 650 658 663 671 678 687 696 702 707 711 715 718 721 726 731 732 733 735 737 740 742 743 747 751 756 760 767 773 780 789 795 805 814 821 830 846 860 870 875 875 871 867 864 862 861 859 859 860 862
449 450 452 453 455 458 460 463 465 466 469 472 476 479 480 483 486 490 495 501 505 508 513 516 520 524 529 533 536 539 544 548 552 556 563 570 577 587 594 601 608 615 623 631 639 647 655 660 666 672 682 689 692 693 696 701 707 712 714 717 719 722 726 728 730 732 736 738 741 745 751 758 764 770 781 792 803 812 819 828 841 852 867 877 881 882 876 874 871 871 871 874 877 876
449 451 453 455 456 457 458 461 464 468 473 477 480 481 483 485 489 493 498 504 508 512 517 523 524 526 531 533 536 540 543 547 551 558 565 571 578 586 594 600 606 613 620 629 634 641 648 654 659 664 672 677 679 681 683 690 698 701 704 705 708 711 716 720 722 726 729 732 735 739 746 755 760 766 777 791 801 811 819 829 839 849 862 875 885 888 888 886 884 885 886 889 891 892
446 449 452 455 457 457 458 461 466 471 476 479 481 483 485 488 491 493 499 505 509 514 520 524 526 528 530 534 537 541 545 550 554 559 566 573 581 591 598 601 605 609 616 625 630 636 641 645 650 656 661 665 669 671 674 680 685 690 692 696 698 702 708 714 717 721 726 729 733 739 744 752 757 763 772 788 801 811 821 831 838 848 859 876 885 892 896 899 901 901 903 904 908 906
446 448 452 455 458 460 462 465 469 474 477 479 480 483 487 490 493 496 499 505 511 516 520 523 524 527 530 534 538 543 549 553 557 562 566 574 584 593 599 601 603 608 615 622 626 630 633 637 643 647 651 655 659 661 665 669 674 680 687 689 693 697 704 711 718 721 724 727 735 743 748 754 760 763 772 789 803 816 826 834 843 853 867 878 889 896 904 911 917 920 920 924 927 929
448 450 453 456 460 462 465 467 471 475 479 481 482 484 488 492 497 498 502 508 514 518 521 523 525 528 531 534 539 545 551 556 560 564 569 574 581 588 596 599 602 605 612 618 623 625 628 631 635 639 640 643 648 652 656 660 665 675 684 689 692 697 702 709 715 720 724 728 737 748 755 761 765 771 782 794 808 820 831 840 850 861 873 884 896 906 916 926 934 935 938 940 946 948
449 451 454 458 461 464 466 469 473 477 482 485 487 489 493 497 499 502 504 509 515 520 522 524 526 529 533 537 542 546 550 556 561 565 569 575 580 587 595 600 602 606 608 614 618 620 622 625 628 630 632 635 642 647 651 656 665 675 684 689 693 700 705 711 718 723 727 736 746 752 760 764 772 782 791 800 812 822 832 845 857 869 882 891 903 916 930 939 945 949 955 959 963 963
452 455 458 459 461 464 467 470 474 479 484 489 491 493 497 501 503 504 507 511 515 520 523 525 528 530 535 540 544 546 550 554 561 565 570 575 580 587 594 599 602 602 603 607 611 614 617 619 623 625 630 635 644 649 655 660 669 677 683 687 694 701 710 718 726 732 738 746 755 763 768 775 783 791 800 808 821 830 837 849 864 878 886 896 910 921 934 944 951 959 968 974 976 976
456 459 460 461 463 466 469 472 476 481 488 492 494 496 499 502 504 506 509 513 516 520 523 525 527 530 535 541 544 547 551 555 560 565 568 571 577 583 588 593 596 597 598 601 607 613 617 621 625 631 637 644 651 657 661 666 673 679 683 687 692 701 714 725 732 739 746 755 769 776 781 787 794 804 810 817 827 836 842 851 864 874 885 899 913 922 934 943 955 969 975 981 984 984
457 459 461 462 465 469 473 476 481 488 493 496 498 500 503 506 508 510 514 517 519 521 524 527 530 534 539 542 544 547 552 556 562 566 569 571 576 579 583 587 591 595 600 605 611 617 621 626 632 638 643 650 658 663 666 673 680 684 688 694 701 709 719 728 737 744 753 768 779 788 795 798 809 815 820 825 831 836 846 856 861 871 886 903 911 923 934 943 953 969 979 987 989 989
457 459 462 464 468 472 478 483 489 494 497 500 503 505 509 512 513 514 516 518 519 522 526 531 535 540 543 546 546 549 553 558 562 566 569 574 576 580 583 587 591 598 606 613 616 618 622 629 638 644 648 651 660 667 672 679 685 691 696 704 713 720 729 738 746 758 768 779 789 800 808 815 818 823 827 831 833 839 849 856 863 873 886 902 913 923 934 939 944 961 978 985 990 988
458 460 464 468 471 475 480 487 493 497 500 503 505 508 512 514 515 515 517 519 520 523 527 532 537 542 547 549 551 554 557 559 562 565 568 574 580 584 590 593 597 604 613 619 621 623 627 635 643 650 653 656 662 669 676 684 692 697 705 715 723 731 740 750 763 774 785 792 799 809 817 821 823 827 832 836 839 844 851 855 859 869 885 899 908 918 925 929 934 947 969 978 984 985
458 462 466 470 473 476 482 490 496 501 504 507 509 511 514 517 518 518 519 521 523 525 529 532 536 544 550 552 553 556 559 561 562 565 571 578 587 593 599 601 605 612 617 621 626 630 635 642 649 654 658 662 668 674 682 690 695 701 707 717 728 739 749 762 772 784 792 797 804 812 819 824 829 832 836 842 847 848 850 850 852 860 874 890 900 905 911 919 923 934 947 962 969 977
459 462 466 471 476 479 485 493 499 503 507 510 513 514 516 517 518 519 520 523 526 529 532 534 541 547 554 557 560 560 563 566 568 571 575 583 592 602 608 612 615 617 622 627 634 639 642 647 652 658 663 668 674 680 686 694 700 705 710 716 727 744 755 762 773 783 791 800 808 814 820 825 830 832 834 842 842 842 840 840 842 847 854 865 880 892 897 900 907 915 923 934 948 962
462 464 468 473 478 483 490 498 503 507 510 512 515 516 517 517 518 519 521 524 528 531 533 537 543 549 556 563 565 567 570 573 577 579 583 590 599 607 615 620 623 627 631 636 644 649 652 656 661 664 668 674 681 685 690 695 701 707 712 718 730 745 756 766 776 782 788 798 808 812 814 822 825 826 827 830 831 829 827 829 830 833 840 849 860 874 885 888 893 901 912 919 931 945
466 468 471 478 484 487 494 502 507 511 513 515 516 517 518 520 521 523 524 527 530 533 536 539 543 550 558 566 571 575 577 580 584 586 593 600 608 616 622 629 635 638 641 646 652 656 659 663 666 668 673 679 685 690 693 696 703 710 717 724 734 746 756 766 773 779 786 795 803 807 812 815 820 818 818 818 818 817 815 818 820 823 830 838 847 858 868 875 879 889 902 909 919 931
471 474 478 484 490 494 498 505 509 512 515 517 518 518 518 520 523 525 527 529 532 536 540 543 546 553 563 570 575 581 586 588 590 598 605 612 618 623 632 640 645 649 653 657 661 664 668 671 674 677 679 683 687 691 694 698 704 713 719 726 737 747 757 764 771 778 784 789 794 799 799 800 802 804 807 808 808 804 806 808 812 815 823 828 836 848 856 857 863 873 887 898 906 916
475 479 484 490 495 499 504 508 510 512 515 517 520 519 520 522 525 528 530 532 535 540 544 548 550 557 566 574 580 585 590 593 597 605 613 619 622 629 640 648 654 658 663 668 671 673 675 677 680 684 686 689 692 696 699 701 706 712 718 725 734 741 749 758 765 772 778 780 782 782 781 780 782 779 786 798 791 791 790 798 799 805 808 812 819 826 833 840 851 863 873 883 893 901
478 485 491 496 499 503 507 510 512 513 516 518 521 524 526 528 530 531 532 534 537 542 547 550 555 561 568 575 583 588 593 598 601 609 616 623 628 634 643 652 658 663 668 672 676 679 680 683 685 686 689 691 695 700 703 706 710 714 717 724 729 733 739 747 757 763 765 766 767 767 765 765 763 762 763 770 770 770 770 772 781 788 792 796 802 809 817 829 836 849 861 872 884 888
484 489 495 499 502 505 508 511 513 515 517 519 523 527 530 532 533 533 534 537 540 544 547 554 560 568 574 579 585 593 600 603 608 612 620 627 634 643 651 658 664 669 673 676 679 682 685 687 690 691 692 694 696 700 704 708 711 713 715 718 722 727 732 740 745 750 753 754 752 750 749 749 751 748 746 747 748 750 754 755 758 769 777 781 788 797 805 816 827 836 848 864 871 875
487 492 498 502 507 511 513 515 515 517 519 522 526 531 534 536 536 537 537 540 542 544 548 555 565 573 580 586 592 598 603 609 615 621 627 634 640 647 655 662 668 674 678 681 685 687 689 693 696 698 700 704 704 704 705 708 710 711 711 712 714 718 723 728 732 734 737 737 735 731 729 728 728 729 728 729 728 730 736 743 744 750 758 767 776 788 797 808 818 824 835 849 856 861
492 497 501 506 511 515 517 518 519 521 523 526 530 535 537 538 539 539 540 542 544 547 551 560 568 576 586 594 600 604 609 615 622 629 635 640 645 652 661 668 672 677 681 686 690 692 696 700 703 705 708 709 710 709 707 707 708 708 708 708 709 711 714 715 715 713 714 716 717 714 709 704 704 703 706 708 710 711 720 728 735 742 746 753 765 778 789 799 807 813 822 835 846 849
495 500 504 508 513 516 519 520 521 523 525 528 531 536 538 538 537 539 541 544 548 551 559 568 574 583 592 600 606 611 615 619 625 633 640 644 651 660 669 674 677 678 682 687 693 697 701 704 707 709 710 712 713 712 709 706 706 704 702 702 702 701 700 698 698 698 699 700 700 695 690 686 684 685 688 694 698 702 708 718 726 731 737 745 752 765 776 785 796 805 815 827 836 840
494 500 505 509 514 518 521 523 525 525 527 529 531 535 538 538 539 541 544 548 550 557 566 575 582 589 598 603 609 615 621 624 630 636 640 646 653 660 667 673 678 682 687 692 702 709 712 713 711 711 711 712 713 712 707 704 700 695 693 693 694 692 687 680 680 682 683 683 683 679 673 669 668 668 670 678 685 690 693 705 709 717 725 735 743 752 760 773 786 795 805 817 827 832
495 499 504 509 514 517 521 524 525 527 528 530 532 535 539 541 542 543 545 547 551 559 568 578 587 598 605 612 617 621 626 630 633 638 644 649 655 663 670 676 681 689 695 702 708 715 719 717 716 715 713 711 709 705 700 693 687 681 680 682 680 678 672 666 662 662 663 664 661 659 658 655 654 654 656 657 666 671 681 688 696 701 712 724 734 745 754 761 773 784 795 807 817 830
498 500 504 509 514 518 521 523 525 527 529 534 536 538 541 543 543 544 546 550 554 560 570 581 592 602 613 619 622 627 631 632 636 643 650 656 662 669 675 682 692 698 702 706 711 715 717 717 716 714 711 705 701 691 681 675 669 669 667 665 663 657 654 648 644 645 648 648 646 645 644 643 642 644 647 651 656 662 672 683 689 697 708 721 730 742 750 756 768 779 791 801 816 829
501 503 506 511 515 520 523 525 526 527 529 533 538 540 542 543 544 545 548 552 557 563 571 582 593 603 615 623 628 633 635 638 642 650 657 664 669 673 678 687 694 701 703 706 710 713 714 713 709 705 698 691 683 675 667 661 657 655 652 650 646 641 635 633 633 633 636 636 634 630 630 630 632 634 640 644 648 656 665 675 685 699 711 723 732 745 748 755 771 786 795 805 814 827
505 507 508 510 514 518 523 526 527 528 529 533 538 540 542 544 545 547 550 553 559 566 574 585 594 604 615 625 632 638 641 645 649 655 659 664 670 673 676 681 691 698 702 706 706 708 707 704 700 695 686 674 663 657 652 647 642 638 635 631 628 626 625 624 625 624 623 621 617 616 619 623 624 627 633 638 648 656 665 676 694 705 717 727 743 752 752 759 778 792 800 814 827 834
505 507 509 511 513 518 522 526 528 530 531 535 539 542 543 545 547 549 552 556 561 567 575 584 593 601 613 625 632 639 646 651 654 657 659 662 667 672 675 680 686 693 698 702 703 700 696 692 688 681 670 654 642 633 630 629 626 623 620 616 614 614 613 613 613 613 612 608 606 606 612 620 624 631 640 654 663 667 675 689 702 711 724 734 752 763 764 767 784 800 812 824 835 846
505 508 510 514 518 521 524 526 528 530 532 535 540 543 545 546 548 551 555 558 561 566 573 582 590 598 609 622 632 641 650 653 656 659 662 664 669 674 677 680 684 690 695 696 694 689 683 674 667 656 642 633 622 618 615 613 610 607 605 605 605 604 603 602 601 598 598 596 596 602 613 622 629 642 652 665 675 684 689 701 710 719 732 746 762 775 778 787 793 808 821 833 844 854
506 509 512 516 521 523 526 529 530 532 534 537 541 544 546 547 549 552 555 557 560 564 570 578 586 594 602 616 627 639 646 651 655 660 662 665 670 675 678 680 686 691 692 690 682 675 665 655 640 629 625 619 611 606 603 600 598 594 592 594 595 594 594 592 589 588 587 589 593 603 618 629 638 648 658 670 682 692 701 711 720 731 746 760 774 784 790 794 803 816 829 841 852 863
507 511 515 518 521 524 527 530 532 534 539 541 544 545 547 549 551 553 556 558 560 563 568 575 583 589 596 607 620 631 640 646 654 659 660 664 668 672 677 682 687 691 690 686 674 665 656 641 628 620 614 608 602 597 593 588 585 582 583 584 586 586 583 580 577 578 586 590 596 611 625 637 644 650 660 672 686 697 706 717 729 742 760 772 785 791 795 799 809 822 836 846 854 864
510 514 518 521 522 524 527 531 535 538 541 543 544 546 549 551 553 555 558 561 563 565 568 571 579 585 590 602 614 620 629 641 650 655 659 665 670 674 677 680 684 687 686 676 664 650 639 627 614 605 599 592 587 584 582 580 578 578 577 577 578 577 574 568 568 575 586 595 604 622 634 641 646 652 662 674 687 704 713 724 738 754 768 782 790 799 800 805 813 824 836 848 853 859
512 517 520 523 525 528 530 533 537 539 541 543 545 547 550 551 553 555 558 561 562 563 565 567 570 577 585 593 605 610 615 628 642 647 653 659 666 669 670 670 670 667 661 653 640 629 619 610 600 594 587 580 572 571 571 571 570 571 572 570 569 567 565 565 569 581 594 605 613 627 634 640 645 653 667 680 695 708 721 733 746 758 770 780 787 792 799 806 814 820 832 843 849 855
514 518 521 524 527 530 533 535 537 539 541 542 543 546 549 550 551 554 556 558 560 561 562 564 566 571 577 584 592 600 606 614 628 638 644 650 654 656 654 652 645 639 631 624 618 609 601 596 593 585 577 571 567 565 564 564 563 563 564 563 561 560 559 563 575 589 601 609 616 624 632 639 645 656 670 688 699 713 724 736 745 754 768 776 780 786 794 802 809 814 824 833 841 845
