terrain/dems/dolomites/fodara.asc
ncols        186
nrows        104
cellsize     30
[rows 38 to 75 of 104, columns 84 to 167 of 186]
2018 2015 2014 2015 2019 2023 2027 2033 2040 2044 2046 2046 2046 2045 2042 2039 2035 2028 2020 2013 2007 2001 1995 1988 1983 1981 1981 1984 1989 1993 1995 1995 1994 1993 1993 1994 1995 1997 1998 1999 2002 2007 2013 2019 2026 2031 2037 2042 2044 2044 2044 2047 2049 2053 2055 2057 2057 2054 2041 2024 2003 1981 1959 1938 1913 1886 1851 1816 1763 1768 1746 1746 1722 1705 1694 1682 1666 1658 1650 1648 1646 1654 1651 1631
2024 2021 2019 2016 2020 2025 2029 2034 2038 2042 2046 2048 2046 2043 2041 2039 2035 2030 2025 2019 2014 2009 2003 1997 1991 1986 1985 1987 1990 1993 1995 1996 1995 1995 1997 1998 2000 2002 2004 2006 2009 2011 2015 2021 2027 2032 2037 2042 2047 2046 2042 2046 2051 2051 2051 2048 2046 2030 2010 1988 1971 1957 1938 1925 1902 1840 1789 1766 1750 1745 1742 1734 1723 1706 1693 1681 1673 1666 1662 1661 1667 1686 1721 1725
2031 2026 2022 2021 2023 2027 2030 2033 2037 2041 2045 2047 2046 2043 2042 2041 2036 2029 2023 2017 2012 2006 2002 2000 1995 1991 1991 1992 1995 1997 1999 1997 1997 2000 2002 2003 2004 2005 2008 2011 2013 2014 2019 2026 2032 2035 2040 2044 2043 2044 2041 2041 2043 2041 2036 2028 2017 1999 1970 1951 1944 1937 1928 1881 1814 1780 1761 1747 1738 1739 1746 1739 1716 1703 1704 1704 1679 1673 1667 1664 1715 1763 1752 1741
2042 2034 2026 2024 2026 2028 2030 2034 2039 2044 2048 2049 2048 2045 2043 2038 2033 2026 2019 2011 2005 2001 2000 2001 2000 2002 2004 2007 2012 2015 2015 2011 2005 2002 2005 2006 2007 2010 2012 2013 2016 2019 2024 2031 2037 2042 2044 2046 2038 2031 2025 2019 2021 2025 2017 2006 1980 1951 1937 1925 1917 1914 1861 1800 1789 1777 1764 1756 1769 1785 1772 1769 1768 1772 1814 1822 1781 1780 1784 1793 1816 1788 1767 1757
2044 2039 2033 2031 2034 2038 2040 2041 2046 2051 2054 2055 2054 2048 2041 2036 2030 2023 2015 2006 2001 2005 2013 2019 2023 2025 2026 2026 2026 2028 2029 2026 2021 2015 2012 2013 2014 2019 2021 2021 2022 2025 2031 2033 2035 2034 2037 2039 2043 2031 2018 2010 2005 1988 1983 1968 1939 1921 1906 1888 1866 1835 1811 1803 1795 1791 1792 1802 1812 1804 1818 1830 1832 1834 1832 1831 1828 1830 1832 1824 1818 1809 1790 1774
2047 2043 2040 2039 2043 2047 2049 2050 2052 2055 2056 2056 2051 2044 2037 2030 2026 2025 2025 2022 2027 2036 2038 2041 2040 2038 2038 2037 2037 2036 2039 2040 2041 2039 2041 2052 2056 2052 2042 2035 2031 2031 2028 2028 2025 2022 2021 2029 2043 2032 2017 2008 2001 1982 1960 1939 1917 1897 1879 1855 1830 1820 1812 1810 1801 1793 1790 1795 1805 1825 1831 1839 1845 1846 1847 1848 1850 1857 1860 1852 1829 1810 1793 1777
2045 2046 2048 2050 2052 2055 2057 2057 2056 2055 2054 2052 2049 2043 2038 2037 2041 2060 2069 2071 2069 2063 2057 2048 2046 2047 2049 2051 2054 2057 2061 2062 2064 2063 2065 2069 2068 2063 2054 2044 2035 2027 2021 2014 2010 2005 2005 2013 2014 2014 1964 1944 1940 1940 1928 1926 1912 1893 1864 1832 1819 1817 1830 1831 1825 1825 1832 1836 1845 1857 1864 1858 1857 1867 1878 1878 1878 1879 1878 1860 1839 1819 1801 1783
2045 2050 2056 2059 2061 2061 2062 2061 2058 2056 2052 2049 2047 2047 2048 2058 2074 2082 2085 2086 2085 2078 2066 2058 2056 2058 2061 2062 2065 2072 2078 2082 2081 2080 2079 2080 2080 2074 2061 2047 2033 2022 2014 2006 1999 1994 1972 1975 1972 1962 1939 1925 1915 1905 1899 1895 1906 1880 1856 1847 1845 1850 1856 1860 1865 1868 1871 1874 1886 1899 1909 1921 1932 1942 1948 1947 1931 1914 1899 1869 1835 1814 1797 1780
2052 2057 2062 2064 2063 2063 2061 2060 2057 2054 2053 2053 2056 2061 2067 2074 2080 2088 2093 2094 2093 2090 2086 2080 2075 2075 2075 2074 2076 2083 2092 2096 2099 2099 2099 2097 2091 2083 2068 2050 2038 2025 2010 2001 1990 1980 1962 1956 1955 1934 1924 1919 1906 1906 1888 1885 1884 1867 1866 1870 1874 1876 1880 1882 1884 1894 1911 1923 1931 1936 1939 1946 1956 1963 1959 1950 1935 1918 1901 1882 1846 1808 1789 1775
2059 2065 2067 2066 2066 2063 2061 2059 2058 2060 2062 2066 2069 2074 2080 2084 2090 2095 2098 2100 2099 2097 2094 2090 2087 2085 2084 2085 2089 2096 2103 2108 2109 2109 2107 2102 2098 2089 2080 2069 2055 2042 2024 2001 1994 1980 1972 1962 1943 1936 1920 1919 1916 1912 1878 1877 1879 1885 1888 1890 1890 1891 1892 1895 1899 1909 1922 1935 1947 1955 1961 1968 1975 1972 1968 1956 1941 1920 1900 1876 1850 1820 1791 1769
2065 2069 2071 2072 2071 2069 2066 2065 2068 2072 2075 2076 2078 2083 2089 2094 2097 2097 2100 2104 2104 2103 2100 2098 2094 2089 2090 2094 2099 2105 2111 2115 2116 2116 2112 2108 2104 2099 2096 2089 2075 2063 2043 2027 2012 1997 1984 1986 1976 1960 1942 1925 1910 1897 1896 1905 1904 1902 1903 1905 1907 1908 1913 1917 1925 1935 1947 1959 1967 1973 1979 1982 1981 1977 1968 1952 1929 1907 1886 1865 1844 1824 1803 1779
2070 2073 2076 2075 2073 2071 2072 2075 2079 2081 2081 2082 2085 2089 2096 2100 2100 2101 2103 2105 2107 2108 2107 2105 2103 2102 2103 2105 2109 2113 2117 2120 2122 2124 2123 2119 2111 2106 2102 2098 2088 2072 2056 2046 2028 2015 2013 2006 1992 1976 1972 1958 1938 1928 1926 1929 1932 1928 1922 1916 1916 1921 1929 1939 1947 1955 1965 1975 1984 1992 1996 1997 1990 1978 1964 1947 1923 1897 1878 1864 1845 1829 1817 1796
2078 2078 2076 2074 2073 2075 2079 2083 2083 2082 2084 2086 2090 2094 2098 2101 2103 2104 2106 2108 2110 2111 2113 2112 2108 2108 2110 2112 2113 2116 2119 2121 2124 2127 2129 2127 2119 2109 2104 2099 2096 2090 2085 2086 2089 2093 2074 2070 2082 2032 1972 1952 1947 1937 1939 1948 1951 1947 1939 1934 1935 1940 1948 1956 1964 1975 1985 1995 2006 2014 2019 2015 2003 1984 1967 1941 1918 1895 1878 1867 1851 1830 1822 1821
2079 2077 2075 2075 2077 2081 2083 2083 2082 2081 2084 2090 2094 2097 2100 2102 2104 2108 2110 2112 2114 2116 2117 2117 2115 2113 2113 2114 2115 2116 2118 2121 2124 2126 2129 2127 2119 2110 2105 2106 2112 2119 2118 2112 2110 2114 2114 2110 2093 2036 1977 1974 1970 1963 1960 1960 1959 1957 1953 1948 1952 1962 1972 1980 1988 1998 2007 2018 2029 2036 2037 2031 2014 1991 1964 1940 1921 1907 1893 1874 1856 1838 1828 1823
2078 2076 2075 2076 2080 2082 2082 2082 2081 2082 2085 2089 2094 2098 2100 2103 2106 2110 2113 2115 2116 2116 2117 2117 2115 2114 2114 2114 2114 2114 2116 2118 2121 2124 2128 2127 2121 2112 2115 2132 2144 2147 2147 2146 2143 2140 2133 2123 2115 2092 2027 1990 1984 1978 1978 1974 1972 1971 1968 1971 1976 1985 1993 1999 2009 2023 2035 2047 2052 2051 2048 2039 2020 1994 1975 1952 1939 1929 1913 1892 1864 1842 1829 1810
2077 2076 2075 2077 2079 2080 2080 2079 2080 2082 2086 2091 2093 2096 2100 2104 2108 2112 2113 2114 2117 2118 2117 2117 2116 2116 2116 2114 2113 2113 2116 2118 2120 2124 2129 2131 2132 2134 2140 2150 2155 2157 2160 2160 2161 2157 2148 2136 2118 2095 2049 2014 2013 2010 2009 2006 1998 1990 1991 1993 1996 2001 2009 2020 2032 2045 2058 2057 2057 2053 2048 2041 2028 2011 1992 1971 1955 1942 1924 1900 1883 1861 1832 1818
2077 2077 2077 2077 2079 2078 2078 2079 2081 2085 2089 2090 2092 2094 2098 2105 2112 2115 2118 2120 2124 2125 2124 2123 2123 2123 2122 2119 2116 2115 2117 2124 2130 2132 2136 2141 2146 2150 2155 2159 2162 2163 2162 2162 2164 2161 2153 2139 2120 2096 2072 2040 2031 2033 2036 2041 2042 2027 2008 2001 2005 2009 2022 2037 2063 2081 2074 2068 2065 2066 2064 2043 2021 2000 1977 1970 1968 1958 1939 1922 1907 1892 1868 1810
2081 2075 2076 2077 2079 2081 2081 2084 2089 2092 2093 2091 2093 2097 2102 2109 2117 2121 2125 2129 2132 2135 2136 2134 2132 2130 2128 2128 2126 2123 2123 2131 2139 2142 2144 2149 2154 2160 2165 2169 2169 2167 2167 2168 2169 2166 2156 2140 2122 2098 2073 2064 2064 2060 2060 2075 2088 2092 2002 2003 2005 2010 2031 2070 2089 2087 2086 2087 2093 2102 2111 2100 2036 1986 1985 1983 1978 1970 1952 1932 1911 1895 1886 1870
2091 2086 2083 2084 2088 2091 2096 2102 2103 2103 2101 2098 2100 2103 2112 2123 2127 2130 2131 2135 2142 2146 2145 2141 2135 2130 2129 2128 2126 2129 2134 2142 2149 2157 2165 2173 2180 2187 2189 2183 2177 2174 2174 2174 2174 2169 2156 2142 2123 2102 2094 2092 2098 2110 2126 2135 2147 2173 2120 2114 2114 2114 2124 2127 2138 2156 2172 2171 2165 2144 2130 2130 2102 2033 1995 1992 1982 1965 1948 1928 1906 1890 1879 1866
2110 2105 2102 2102 2102 2106 2109 2111 2113 2112 2114 2113 2114 2119 2129 2140 2145 2145 2144 2147 2149 2150 2149 2147 2142 2137 2135 2135 2138 2143 2152 2163 2175 2185 2195 2205 2215 2217 2216 2205 2191 2187 2182 2180 2176 2170 2162 2148 2134 2123 2119 2120 2131 2147 2156 2163 2176 2188 2205 2217 2138 2146 2173 2191 2198 2182 2190 2183 2167 2165 2176 2181 2159 2068 1993 1986 1978 1960 1942 1924 1907 1890 1874 1856
2130 2123 2116 2114 2114 2116 2116 2119 2120 2121 2124 2127 2129 2135 2143 2149 2154 2154 2155 2156 2156 2156 2155 2152 2151 2150 2151 2155 2162 2172 2182 2193 2205 2218 2228 2236 2242 2248 2243 2230 2216 2206 2197 2188 2180 2178 2172 2165 2155 2144 2138 2141 2150 2166 2181 2189 2195 2202 2215 2227 2246 2219 2222 2220 2222 2228 2214 2201 2200 2200 2162 2143 2121 2024 1990 1981 1969 1955 1942 1926 1909 1895 1882 1866
2143 2131 2125 2123 2123 2122 2124 2128 2130 2132 2133 2134 2136 2140 2145 2149 2152 2155 2157 2158 2160 2161 2161 2162 2164 2167 2169 2176 2185 2197 2210 2223 2235 2247 2258 2261 2263 2264 2258 2249 2236 2223 2211 2199 2189 2185 2181 2174 2168 2162 2159 2160 2164 2176 2187 2196 2206 2217 2230 2248 2263 2275 2281 2279 2273 2265 2249 2219 2204 2206 2163 2128 2083 2046 2030 1962 1954 1946 1932 1917 1904 1890 1879 1867
2144 2137 2134 2132 2131 2131 2132 2133 2135 2137 2138 2140 2141 2143 2145 2148 2150 2153 2156 2160 2163 2165 2167 2168 2177 2185 2197 2207 2217 2226 2236 2246 2258 2268 2275 2280 2280 2277 2271 2261 2246 2231 2213 2202 2195 2189 2184 2179 2176 2175 2175 2177 2181 2187 2195 2207 2220 2233 2246 2262 2278 2278 2278 2280 2279 2265 2250 2232 2214 2198 2146 2100 2075 2057 2028 2015 2001 1940 1934 1916 1899 1889 1880 1875
2151 2143 2141 2139 2137 2138 2138 2139 2140 2142 2145 2145 2145 2146 2148 2149 2151 2154 2158 2161 2167 2172 2177 2184 2193 2203 2213 2223 2235 2245 2256 2266 2275 2283 2289 2292 2290 2286 2283 2271 2256 2239 2221 2206 2197 2192 2187 2183 2178 2176 2179 2184 2191 2200 2207 2218 2240 2259 2269 2278 2283 2288 2289 2287 2284 2276 2254 2231 2218 2206 2153 2098 2090 2068 2048 2035 2013 1935 1928 1914 1900 1896 1896 1885
2166 2161 2157 2153 2147 2146 2146 2148 2147 2149 2150 2151 2152 2152 2151 2153 2156 2158 2160 2165 2172 2179 2185 2195 2205 2213 2219 2232 2244 2260 2275 2283 2290 2295 2300 2302 2300 2296 2290 2276 2266 2248 2229 2216 2206 2197 2190 2185 2179 2175 2177 2184 2192 2201 2211 2229 2248 2261 2271 2280 2285 2290 2293 2294 2286 2276 2254 2232 2221 2180 2154 2121 2091 2081 2067 2059 2036 2012 1913 1900 1902 1903 1900 1898
2179 2176 2172 2164 2159 2156 2154 2154 2152 2150 2151 2154 2154 2153 2154 2156 2157 2158 2164 2171 2179 2187 2195 2205 2217 2228 2241 2252 2266 2279 2290 2299 2305 2311 2317 2322 2321 2311 2290 2286 2274 2263 2245 2229 2217 2206 2196 2187 2182 2178 2178 2184 2190 2198 2209 2226 2240 2255 2263 2272 2281 2286 2290 2294 2293 2270 2245 2222 2201 2188 2169 2137 2120 2098 2095 2078 2056 2013 1980 1907 1907 1907 1907 1906
2188 2184 2178 2172 2167 2164 2163 2159 2154 2151 2151 2152 2153 2152 2154 2156 2158 2160 2165 2172 2183 2193 2203 2214 2230 2247 2261 2274 2283 2293 2302 2311 2322 2338 2347 2349 2339 2330 2331 2299 2289 2273 2263 2246 2230 2211 2199 2189 2183 2178 2179 2183 2189 2194 2205 2217 2233 2253 2260 2263 2267 2275 2283 2292 2296 2285 2272 2231 2207 2192 2178 2162 2140 2123 2106 2090 2073 2037 2013 1917 1910 1909 1910 1913
2194 2192 2188 2181 2174 2171 2169 2165 2159 2155 2152 2151 2151 2152 2153 2157 2160 2163 2168 2176 2185 2195 2206 2221 2234 2246 2259 2273 2290 2305 2313 2321 2333 2345 2359 2372 2379 2383 2331 2304 2290 2281 2269 2253 2235 2218 2203 2191 2183 2177 2178 2181 2186 2194 2199 2205 2229 2255 2263 2265 2264 2270 2279 2287 2289 2275 2260 2246 2229 2211 2195 2181 2161 2135 2126 2097 2086 2066 2047 1992 1941 1934 1928 1923
2201 2197 2193 2186 2180 2176 2174 2171 2168 2164 2161 2158 2156 2155 2157 2158 2161 2164 2171 2179 2190 2203 2218 2228 2236 2245 2256 2275 2295 2303 2313 2322 2331 2349 2368 2377 2384 2373 2343 2308 2298 2286 2275 2261 2247 2225 2204 2193 2184 2178 2177 2179 2184 2190 2196 2201 2219 2266 2271 2274 2276 2280 2283 2285 2286 2287 2268 2259 2251 2235 2208 2191 2179 2154 2131 2109 2100 2071 2086 2030 1980 1955 1936 1931
2202 2199 2195 2192 2187 2184 2181 2179 2178 2178 2176 2172 2168 2167 2168 2169 2169 2172 2176 2181 2196 2212 2221 2230 2234 2241 2258 2262 2286 2294 2304 2318 2340 2361 2381 2387 2386 2372 2357 2332 2315 2300 2283 2270 2258 2231 2209 2196 2186 2181 2177 2179 2183 2186 2187 2221 2264 2274 2279 2279 2278 2283 2288 2290 2292 2294 2297 2286 2272 2260 2233 2206 2185 2158 2140 2128 2111 2100 2099 2042 1980 1961 1945 1931
2202 2201 2202 2200 2197 2197 2199 2200 2201 2200 2197 2192 2187 2185 2185 2183 2182 2186 2189 2194 2198 2203 2212 2218 2224 2232 2245 2259 2277 2284 2305 2321 2348 2383 2390 2390 2385 2378 2366 2351 2318 2307 2291 2273 2261 2238 2214 2199 2190 2185 2184 2186 2189 2192 2197 2208 2241 2271 2279 2282 2283 2285 2289 2293 2295 2299 2305 2300 2292 2275 2255 2223 2189 2158 2146 2138 2128 2112 2062 2011 1983 1957 1942 1925
2207 2207 2208 2208 2210 2211 2214 2216 2217 2219 2218 2215 2212 2210 2206 2200 2200 2202 2205 2203 2204 2205 2210 2216 2223 2231 2238 2250 2270 2289 2311 2334 2360 2386 2394 2391 2388 2380 2368 2357 2326 2312 2292 2277 2259 2236 2216 2203 2198 2193 2192 2191 2195 2200 2207 2215 2238 2259 2272 2284 2289 2294 2299 2304 2311 2319 2319 2318 2304 2288 2273 2261 2195 2172 2160 2134 2114 2082 2033 1995 1968 1952 1937 1923
2216 2218 2219 2220 2223 2227 2229 2229 2231 2235 2238 2236 2233 2229 2227 2223 2225 2224 2217 2211 2208 2207 2210 2218 2220 2220 2230 2246 2269 2292 2309 2328 2355 2365 2388 2393 2388 2379 2366 2352 2328 2308 2288 2277 2264 2245 2226 2213 2205 2203 2202 2203 2205 2209 2214 2222 2233 2244 2258 2274 2287 2295 2302 2312 2325 2329 2327 2324 2303 2271 2250 2228 2202 2171 2146 2131 2115 2060 2000 1984 1972 1957 1940 1923
2228 2230 2232 2233 2238 2244 2249 2252 2254 2256 2261 2257 2252 2252 2252 2255 2258 2251 2236 2221 2212 2207 2209 2207 2212 2216 2230 2245 2266 2291 2312 2317 2330 2353 2368 2371 2366 2362 2353 2337 2330 2307 2286 2273 2261 2248 2236 2224 2217 2215 2215 2215 2215 2218 2221 2225 2231 2243 2259 2274 2286 2299 2316 2329 2345 2330 2303 2286 2271 2253 2235 2214 2190 2164 2136 2110 2070 2031 2007 1988 1974 1957 1937 1919
2242 2246 2250 2251 2252 2258 2268 2274 2278 2284 2288 2299 2299 2291 2282 2281 2275 2265 2247 2231 2220 2216 2215 2208 2210 2209 2235 2250 2261 2273 2297 2314 2327 2336 2354 2359 2361 2361 2354 2340 2334 2313 2292 2275 2263 2251 2245 2239 2234 2230 2228 2228 2227 2225 2226 2230 2241 2254 2264 2278 2305 2326 2335 2345 2349 2344 2299 2273 2267 2253 2231 2200 2172 2140 2099 2070 2050 2028 2007 1985 1969 1957 1937 1918
2255 2261 2265 2269 2273 2276 2284 2289 2300 2312 2325 2335 2323 2305 2295 2290 2283 2274 2258 2241 2233 2229 2221 2217 2215 2218 2239 2250 2263 2268 2280 2305 2321 2329 2351 2363 2369 2370 2365 2352 2352 2315 2291 2277 2268 2260 2251 2246 2243 2240 2238 2237 2237 2237 2239 2241 2248 2250 2264 2292 2313 2323 2330 2337 2343 2349 2304 2275 2257 2233 2209 2185 2160 2128 2090 2064 2048 2031 2006 1985 1971 1958 1939 1918
2269 2275 2281 2286 2289 2289 2305 2337 2353 2360 2359 2341 2329 2316 2306 2297 2288 2276 2265 2254 2244 2239 2232 2231 2234 2238 2241 2253 2263 2272 2280 2304 2318 2333 2357 2376 2381 2382 2379 2374 2355 2331 2304 2290 2279 2270 2261 2255 2252 2251 2249 2249 2250 2250 2249 2248 2250 2261 2277 2290 2307 2316 2322 2331 2340 2311 2266 2246 2233 2216 2201 2180 2146 2112 2085 2064 2053 2032 2004 1985 1972 1957 1940 1923
2282 2292 2299 2308 2316 2326 2342 2352 2361 2369 2358 2351 2352 2334 2323 2304 2295 2284 2274 2268 2263 2254 2241 2243 2246 2252 2255 2253 2266 2274 2300 2319 2336 2356 2384 2396 2396 2393 2384 2378 2352 2332 2318 2303 2293 2283 2277 2271 2268 2267 2267 2268 2268 2265 2263 2261 2261 2271 2281 2291 2300 2312 2324 2330 2324 2306 2278 2249 2228 2208 2187 2160 2126 2095 2077 2067 2047 2019 1999 1985 1970 1952 1937 1923
