terrain/dems/dolomites/fodara.asc
ncols        186
nrows        104
cellsize     30
[rows 0 to 37 of 104, columns 0 to 83 of 186]
2008 2002 1993 1984 1979 1973 1968 1963 1958 1952 1943 1935 1927 1918 1915 1916 1915 1908 1900 1893 1886 1878 1872 1871 1868 1867 1865 1864 1863 1863 1863 1865 1869 1874 1880 1891 1904 1916 1929 1937 1945 1953 1961 1964 1968 1972 1975 1980 1986 1993 1999 2002 2007 2012 2015 2017 2019 2022 2024 2025 2027 2030 2033 2033 2035 2037 2039 2040 2040 2040 2040 2040 2038 2037 2036 2036 2035 2035 2036 2034 2034 2034 2035 2037
1994 1988 1977 1967 1960 1952 1943 1933 1929 1924 1918 1914 1908 1900 1897 1894 1890 1884 1877 1869 1864 1859 1855 1853 1849 1847 1848 1851 1851 1851 1854 1859 1866 1874 1888 1902 1915 1926 1934 1941 1947 1953 1957 1961 1966 1970 1975 1981 1988 1995 2000 2003 2006 2010 2012 2014 2017 2020 2023 2025 2028 2031 2033 2034 2036 2037 2037 2038 2039 2040 2040 2040 2040 2038 2038 2039 2040 2040 2040 2038 2037 2036 2036 2037
1982 1971 1959 1949 1940 1933 1926 1915 1905 1903 1903 1896 1891 1887 1881 1875 1867 1860 1856 1853 1847 1842 1838 1837 1837 1837 1838 1840 1843 1847 1854 1863 1873 1886 1897 1907 1919 1930 1936 1941 1946 1952 1956 1960 1966 1972 1978 1985 1990 1996 2002 2006 2008 2010 2010 2012 2015 2019 2022 2025 2028 2031 2033 2035 2037 2037 2037 2037 2038 2039 2040 2041 2041 2040 2040 2041 2043 2043 2043 2041 2038 2038 2039 2041
1960 1950 1941 1932 1925 1919 1910 1901 1896 1891 1883 1876 1868 1865 1862 1855 1846 1840 1837 1834 1831 1825 1819 1822 1826 1829 1832 1838 1843 1851 1860 1873 1885 1895 1904 1915 1925 1932 1939 1944 1950 1955 1962 1969 1977 1982 1988 1995 2001 2008 2015 2017 2018 2015 2014 2013 2018 2022 2024 2025 2028 2031 2033 2034 2036 2037 2038 2038 2039 2040 2041 2042 2043 2045 2045 2045 2045 2045 2044 2043 2041 2041 2044 2045
1939 1932 1924 1916 1909 1902 1894 1887 1880 1872 1862 1851 1848 1846 1842 1838 1833 1826 1820 1819 1817 1814 1815 1816 1820 1826 1834 1843 1855 1866 1883 1894 1900 1913 1925 1934 1941 1945 1949 1956 1965 1973 1982 1992 2001 2007 2014 2023 2037 2040 2042 2040 2040 2037 2035 2036 2037 2037 2036 2036 2036 2040 2040 2043 2044 2047 2047 2048 2047 2047 2047 2049 2051 2050 2050 2049 2049 2048 2046 2044 2044 2047 2049 2050
1918 1913 1908 1899 1890 1879 1873 1868 1862 1852 1842 1836 1833 1827 1823 1820 1816 1812 1808 1808 1808 1811 1816 1822 1828 1834 1849 1866 1882 1898 1913 1924 1931 1938 1946 1954 1960 1963 1972 1982 1999 2012 2019 2028 2031 2035 2040 2046 2051 2054 2054 2053 2053 2052 2051 2053 2053 2054 2055 2057 2060 2061 2062 2062 2061 2064 2064 2061 2057 2054 2052 2053 2053 2053 2052 2051 2051 2051 2050 2048 2049 2051 2053 2054
1909 1902 1893 1883 1872 1864 1859 1854 1846 1836 1827 1822 1816 1812 1809 1806 1802 1801 1800 1803 1807 1818 1828 1843 1856 1872 1887 1899 1913 1928 1942 1948 1953 1957 1965 1975 1986 1998 2007 2016 2029 2037 2042 2045 2049 2053 2055 2055 2055 2053 2053 2053 2054 2056 2056 2058 2060 2061 2064 2068 2069 2071 2069 2069 2070 2070 2069 2067 2063 2058 2056 2055 2054 2054 2055 2056 2056 2056 2055 2054 2054 2055 2055 2057
1895 1887 1877 1866 1859 1853 1845 1837 1829 1819 1813 1808 1804 1801 1803 1803 1804 1805 1810 1816 1824 1837 1850 1868 1887 1900 1913 1928 1944 1954 1963 1968 1971 1977 1985 1996 2009 2016 2022 2028 2035 2041 2046 2050 2054 2057 2059 2058 2056 2053 2052 2053 2056 2059 2060 2062 2065 2067 2068 2069 2072 2073 2074 2075 2077 2080 2079 2078 2074 2072 2066 2060 2057 2057 2058 2059 2058 2057 2057 2056 2057 2058 2059 2060
1882 1874 1865 1858 1849 1838 1829 1821 1814 1808 1803 1801 1799 1798 1799 1804 1809 1814 1821 1828 1840 1852 1869 1890 1905 1921 1932 1946 1959 1971 1980 1985 1995 2005 2013 2021 2025 2030 2034 2038 2041 2044 2048 2051 2053 2055 2057 2056 2055 2053 2053 2056 2060 2063 2065 2066 2068 2067 2068 2069 2070 2074 2078 2081 2084 2088 2092 2092 2091 2087 2084 2075 2066 2062 2062 2061 2060 2059 2059 2060 2061 2061 2062 2064
1871 1863 1854 1845 1835 1825 1817 1809 1803 1800 1797 1796 1796 1798 1800 1805 1812 1820 1828 1837 1853 1870 1887 1908 1927 1944 1954 1961 1973 1987 1997 2005 2012 2020 2027 2033 2037 2037 2039 2042 2044 2046 2046 2048 2047 2047 2048 2049 2049 2050 2055 2059 2062 2064 2065 2066 2066 2065 2066 2066 2069 2072 2076 2081 2084 2089 2092 2095 2097 2097 2093 2089 2081 2074 2067 2063 2062 2062 2063 2063 2064 2064 2065 2067
1858 1850 1844 1837 1828 1818 1810 1802 1797 1794 1793 1794 1795 1798 1802 1808 1818 1830 1839 1852 1865 1879 1901 1919 1939 1953 1964 1973 1978 1988 1997 2001 2005 2012 2019 2025 2031 2035 2035 2035 2036 2036 2036 2035 2035 2036 2038 2039 2041 2045 2051 2057 2060 2063 2065 2066 2067 2067 2068 2071 2072 2072 2076 2080 2083 2086 2088 2091 2092 2093 2092 2091 2089 2083 2077 2072 2068 2066 2065 2065 2064 2063 2064 2067
1849 1842 1834 1827 1820 1812 1805 1797 1793 1792 1792 1794 1797 1798 1802 1810 1822 1835 1846 1857 1869 1883 1908 1920 1934 1947 1958 1965 1969 1975 1982 1988 1993 1999 2006 2011 2016 2020 2022 2024 2025 2026 2026 2027 2027 2027 2029 2030 2031 2035 2041 2047 2054 2059 2063 2067 2068 2070 2074 2075 2075 2076 2078 2080 2082 2083 2084 2084 2085 2086 2086 2086 2085 2084 2081 2079 2076 2075 2073 2071 2069 2066 2066 2068
1836 1831 1824 1816 1809 1804 1798 1793 1790 1790 1791 1794 1797 1800 1805 1811 1823 1833 1843 1850 1862 1882 1905 1917 1929 1938 1947 1955 1961 1966 1972 1977 1984 1989 1994 2000 2006 2010 2010 2011 2012 2013 2015 2016 2017 2018 2019 2021 2022 2025 2032 2038 2045 2053 2059 2063 2066 2070 2075 2077 2077 2076 2076 2078 2080 2079 2078 2078 2078 2079 2080 2080 2080 2079 2079 2079 2078 2079 2081 2083 2081 2078 2077 2077
1823 1819 1814 1808 1803 1798 1793 1788 1787 1788 1789 1793 1797 1802 1806 1810 1818 1828 1834 1840 1853 1873 1897 1913 1920 1928 1936 1944 1951 1956 1959 1964 1969 1979 1985 1989 1995 2000 2001 2001 2002 2003 2004 2006 2008 2006 2007 2008 2010 2015 2023 2032 2041 2048 2053 2058 2063 2069 2072 2072 2072 2072 2073 2074 2074 2074 2072 2072 2073 2074 2074 2074 2073 2073 2075 2075 2077 2080 2084 2087 2088 2086 2087 2089
1812 1809 1804 1799 1797 1793 1786 1781 1780 1783 1786 1790 1795 1801 1803 1806 1813 1818 1827 1837 1850 1863 1889 1907 1912 1916 1930 1937 1942 1942 1948 1951 1959 1967 1975 1981 1985 1990 1993 1996 1999 2001 2003 2005 2006 2005 2002 2001 2003 2006 2016 2027 2037 2046 2051 2055 2059 2063 2065 2066 2066 2066 2066 2067 2068 2067 2068 2069 2070 2071 2071 2070 2070 2069 2070 2072 2075 2077 2080 2083 2086 2088 2093 2096
1804 1799 1794 1792 1790 1787 1782 1776 1774 1777 1781 1787 1793 1797 1800 1804 1808 1814 1822 1835 1850 1860 1879 1898 1905 1913 1927 1935 1937 1938 1942 1950 1958 1965 1971 1976 1980 1985 1989 1993 1996 1999 2001 2003 2004 2004 2003 2003 2003 2007 2015 2024 2034 2042 2047 2052 2056 2058 2059 2059 2058 2059 2060 2062 2063 2065 2067 2068 2068 2069 2069 2068 2067 2066 2066 2068 2071 2074 2077 2081 2086 2093 2099 2104
1795 1789 1785 1783 1782 1780 1775 1772 1772 1774 1778 1784 1790 1793 1797 1800 1803 1810 1818 1831 1844 1858 1872 1889 1899 1910 1925 1933 1934 1938 1944 1951 1958 1962 1968 1973 1977 1981 1986 1991 1994 1996 1997 1999 1999 2001 2002 2002 2005 2010 2018 2027 2034 2041 2045 2050 2053 2055 2056 2056 2056 2056 2058 2061 2063 2066 2068 2069 2068 2068 2067 2066 2064 2064 2064 2067 2068 2071 2076 2083 2091 2095 2098 2104
1786 1782 1779 1777 1776 1774 1770 1769 1770 1773 1777 1781 1785 1789 1793 1796 1801 1806 1817 1828 1840 1853 1869 1884 1895 1908 1922 1929 1936 1940 1946 1951 1957 1961 1965 1969 1973 1978 1982 1987 1990 1991 1992 1995 1996 1997 1999 2002 2008 2015 2021 2027 2035 2040 2044 2047 2050 2053 2055 2057 2057 2058 2061 2064 2065 2068 2069 2069 2068 2067 2065 2062 2059 2059 2062 2064 2066 2067 2072 2080 2086 2089 2094 2101
1779 1776 1773 1771 1769 1768 1767 1766 1767 1770 1773 1776 1779 1783 1789 1795 1803 1810 1816 1826 1836 1848 1871 1884 1895 1911 1920 1929 1937 1943 1946 1950 1956 1960 1962 1965 1969 1974 1978 1982 1985 1986 1989 1993 1996 1998 2001 2005 2011 2017 2022 2028 2033 2037 2039 2042 2044 2048 2051 2055 2056 2059 2063 2067 2070 2071 2071 2070 2069 2066 2064 2062 2061 2062 2063 2065 2067 2070 2072 2076 2080 2085 2090 2097
1774 1770 1767 1766 1765 1763 1763 1763 1764 1767 1769 1773 1776 1782 1787 1793 1801 1810 1818 1828 1839 1860 1877 1886 1899 1911 1920 1929 1937 1943 1946 1952 1956 1958 1960 1962 1965 1970 1975 1980 1983 1985 1988 1993 1997 1999 2004 2008 2014 2018 2022 2024 2028 2032 2033 2035 2038 2042 2046 2050 2054 2058 2063 2068 2070 2072 2073 2074 2073 2071 2070 2069 2068 2068 2069 2070 2071 2073 2074 2075 2078 2083 2089 2093
1771 1768 1767 1766 1763 1761 1760 1760 1761 1763 1766 1771 1777 1782 1786 1792 1800 1811 1822 1834 1853 1869 1879 1891 1901 1912 1921 1930 1938 1943 1949 1954 1957 1958 1960 1962 1965 1970 1975 1980 1983 1986 1990 1994 1998 2000 2004 2010 2014 2017 2019 2020 2023 2026 2027 2030 2034 2038 2043 2049 2053 2057 2062 2067 2069 2071 2073 2075 2077 2077 2077 2076 2075 2074 2074 2073 2072 2073 2075 2076 2077 2081 2085 2088
1767 1765 1764 1764 1762 1761 1760 1760 1760 1760 1765 1770 1777 1783 1789 1796 1805 1814 1827 1840 1858 1870 1885 1897 1906 1914 1920 1930 1940 1945 1950 1956 1959 1960 1960 1962 1967 1972 1975 1978 1982 1986 1990 1995 1997 1998 2000 2003 2008 2011 2013 2015 2018 2021 2024 2027 2033 2039 2045 2050 2054 2059 2064 2068 2070 2071 2071 2074 2076 2077 2078 2077 2077 2076 2074 2071 2070 2071 2073 2074 2076 2078 2080 2081
1764 1762 1762 1761 1761 1760 1760 1760 1760 1762 1765 1772 1780 1787 1794 1800 1808 1819 1832 1843 1861 1873 1886 1899 1909 1915 1919 1928 1937 1943 1949 1954 1957 1958 1961 1964 1967 1970 1975 1978 1981 1985 1988 1991 1994 1996 1996 1998 2002 2004 2006 2008 2013 2016 2020 2027 2035 2041 2046 2050 2055 2060 2064 2066 2067 2067 2069 2072 2074 2075 2075 2073 2072 2070 2068 2067 2067 2068 2069 2071 2073 2075 2076 2076
1764 1762 1761 1760 1760 1759 1759 1759 1761 1764 1768 1774 1781 1789 1796 1804 1813 1823 1836 1848 1862 1873 1884 1898 1908 1913 1918 1927 1933 1940 1947 1951 1953 1958 1963 1965 1968 1971 1974 1978 1982 1983 1986 1988 1990 1992 1993 1993 1994 1997 1999 2003 2007 2012 2017 2024 2032 2039 2043 2047 2052 2056 2059 2061 2061 2062 2064 2067 2068 2068 2068 2066 2062 2059 2058 2059 2060 2063 2066 2071 2074 2074 2074 2072
1770 1768 1765 1763 1761 1759 1758 1760 1764 1768 1773 1778 1784 1789 1799 1809 1816 1824 1837 1851 1862 1874 1886 1896 1905 1910 1916 1924 1930 1939 1947 1951 1954 1957 1960 1965 1967 1970 1973 1977 1979 1981 1983 1985 1987 1988 1987 1987 1988 1991 1995 1999 2006 2011 2017 2024 2030 2036 2040 2043 2048 2052 2055 2057 2058 2058 2058 2059 2059 2059 2059 2058 2056 2054 2053 2053 2055 2057 2062 2067 2068 2069 2068 2067
1775 1771 1767 1763 1760 1758 1759 1762 1768 1774 1778 1783 1787 1793 1801 1809 1816 1824 1834 1846 1858 1870 1883 1895 1903 1910 1917 1924 1933 1940 1948 1952 1954 1956 1960 1963 1965 1968 1971 1972 1975 1977 1979 1979 1981 1982 1982 1983 1985 1988 1990 1996 2002 2010 2016 2021 2027 2032 2037 2040 2044 2047 2050 2052 2054 2054 2054 2053 2052 2052 2052 2052 2052 2051 2051 2052 2054 2056 2058 2061 2062 2061 2060 2058
1775 1770 1765 1761 1758 1758 1761 1768 1776 1779 1780 1783 1789 1797 1804 1810 1817 1825 1833 1844 1858 1873 1886 1896 1903 1913 1922 1931 1937 1942 1948 1953 1956 1960 1962 1964 1967 1970 1972 1974 1976 1977 1977 1977 1977 1979 1979 1979 1981 1984 1987 1990 1999 2006 2012 2017 2024 2028 2032 2036 2040 2043 2045 2048 2050 2050 2050 2050 2049 2048 2048 2048 2047 2048 2050 2053 2056 2057 2059 2058 2057 2055 2051 2047
1775 1769 1763 1760 1758 1761 1768 1774 1778 1778 1777 1782 1791 1800 1809 1814 1820 1827 1836 1845 1856 1877 1893 1905 1918 1923 1929 1935 1941 1946 1951 1957 1962 1965 1969 1970 1974 1976 1978 1980 1981 1979 1977 1976 1976 1976 1976 1977 1979 1982 1985 1988 1991 1997 2004 2012 2020 2026 2028 2030 2034 2038 2041 2044 2046 2048 2048 2049 2049 2048 2046 2044 2045 2047 2050 2053 2056 2057 2056 2053 2050 2047 2042 2039
1775 1769 1764 1758 1759 1763 1770 1776 1776 1776 1777 1779 1790 1803 1810 1816 1822 1828 1839 1854 1868 1881 1899 1919 1929 1934 1938 1941 1945 1949 1955 1962 1967 1971 1973 1976 1979 1981 1982 1983 1983 1980 1977 1975 1975 1975 1976 1977 1979 1981 1983 1984 1986 1990 1996 2005 2013 2018 2021 2024 2027 2031 2035 2038 2041 2044 2045 2047 2046 2045 2044 2043 2043 2045 2049 2051 2051 2050 2046 2042 2038 2034 2033 2033
1776 1771 1764 1762 1765 1768 1772 1776 1778 1778 1779 1782 1791 1801 1810 1817 1824 1831 1845 1863 1877 1889 1904 1919 1930 1938 1941 1944 1948 1953 1959 1964 1968 1973 1977 1980 1983 1984 1984 1985 1982 1979 1977 1975 1975 1976 1978 1979 1981 1980 1979 1981 1982 1986 1993 1999 2002 2005 2008 2012 2016 2021 2026 2030 2033 2036 2039 2040 2041 2040 2040 2039 2039 2042 2045 2045 2045 2041 2038 2034 2030 2028 2026 2028
1772 1767 1763 1764 1766 1768 1770 1775 1781 1782 1784 1788 1792 1802 1812 1822 1830 1843 1857 1874 1891 1902 1912 1922 1931 1937 1943 1948 1952 1956 1961 1966 1970 1974 1978 1980 1982 1983 1983 1983 1982 1980 1977 1976 1977 1979 1981 1982 1981 1979 1978 1978 1980 1984 1990 1993 1994 1995 1998 2002 2007 2013 2018 2022 2025 2027 2029 2032 2034 2035 2035 2035 2036 2037 2038 2038 2036 2034 2031 2029 2026 2023 2022 2022
1766 1763 1761 1762 1764 1767 1769 1772 1777 1782 1787 1792 1800 1810 1822 1834 1844 1857 1873 1887 1899 1910 1919 1927 1932 1939 1945 1951 1955 1959 1964 1968 1971 1974 1976 1977 1978 1979 1980 1981 1981 1981 1981 1981 1982 1983 1983 1981 1979 1978 1978 1982 1986 1989 1990 1991 1991 1992 1994 1997 2002 2007 2013 2016 2018 2020 2022 2024 2027 2029 2030 2030 2029 2029 2029 2028 2027 2026 2025 2023 2020 2018 2017 2017
1763 1760 1759 1759 1764 1768 1771 1775 1780 1785 1794 1804 1815 1825 1836 1847 1857 1866 1882 1898 1908 1917 1924 1930 1936 1942 1948 1953 1957 1961 1964 1967 1969 1970 1971 1972 1973 1975 1977 1980 1984 1986 1987 1989 1990 1989 1987 1983 1979 1979 1981 1986 1992 1996 1998 1998 1999 1997 1998 1999 2001 2005 2008 2010 2012 2014 2015 2017 2020 2022 2023 2024 2023 2023 2021 2020 2020 2019 2017 2015 2013 2012 2012 2013
1760 1759 1758 1760 1763 1767 1774 1781 1786 1796 1806 1816 1827 1836 1846 1856 1866 1881 1894 1905 1916 1925 1932 1938 1944 1949 1954 1957 1960 1961 1963 1964 1966 1968 1969 1970 1971 1973 1978 1984 1989 1992 1993 1994 1994 1992 1989 1986 1983 1982 1984 1990 1997 2002 2004 2005 2005 2004 2004 2003 2001 2002 2003 2005 2006 2007 2008 2010 2013 2015 2016 2017 2017 2014 2011 2012 2013 2012 2010 2010 2010 2010 2010 2011
1756 1758 1761 1763 1768 1772 1779 1789 1799 1808 1817 1825 1834 1844 1855 1870 1886 1898 1908 1917 1927 1935 1943 1949 1954 1959 1964 1964 1963 1962 1962 1964 1967 1968 1969 1970 1972 1977 1982 1988 1992 1994 1994 1993 1992 1990 1989 1990 1990 1994 1997 2002 2008 2011 2012 2012 2011 2009 2007 2004 2001 1999 1999 1999 2000 2000 2001 2004 2007 2010 2011 2012 2011 2008 2005 2004 2005 2006 2007 2007 2008 2009 2009 2008
1757 1761 1764 1766 1772 1780 1789 1798 1807 1816 1825 1834 1843 1853 1868 1885 1897 1905 1913 1925 1937 1946 1953 1958 1960 1963 1965 1967 1967 1966 1965 1967 1970 1970 1971 1972 1975 1979 1984 1988 1991 1991 1990 1989 1989 1992 1995 2001 2005 2009 2015 2018 2020 2020 2019 2018 2016 2013 2009 2004 1998 1994 1992 1992 1992 1992 1995 1998 2002 2006 2007 2007 2007 2005 2004 2004 2005 2007 2009 2011 2012 2011 2010 2009
1759 1764 1767 1771 1778 1787 1797 1807 1815 1822 1831 1841 1852 1864 1880 1898 1911 1922 1931 1941 1949 1955 1960 1964 1966 1967 1968 1970 1971 1971 1974 1975 1977 1979 1979 1978 1980 1983 1986 1989 1990 1990 1991 1990 1995 2001 2009 2015 2018 2020 2022 2025 2028 2028 2026 2023 2019 2014 2008 2002 1996 1991 1989 1989 1990 1991 1992 1995 1998 2002 2005 2005 2004 2006 2009 2011 2014 2018 2021 2022 2021 2018 2015 2013
1761 1767 1772 1778 1787 1797 1806 1813 1820 1828 1836 1848 1862 1878 1894 1910 1927 1938 1946 1952 1957 1963 1968 1971 1971 1971 1974 1976 1977 1979 1982 1984 1987 1990 1988 1985 1987 1991 1994 1997 2000 2006 2010 2013 2017 2023 2028 2030 2030 2030 2031 2033 2033 2032 2029 2025 2020 2014 2007 2001 1997 1994 1993 1993 1993 1994 1996 1998 1999 2002 2004 2005 2006 2009 2012 2016 2020 2024 2026 2026 2025 2022 2018 2017
