terrain/dems/dolomites/fodara.asc
ncols        186
nrows        104
cellsize     30
[rows 0 to 37 of 104, columns 84 to 167 of 186]
2039 2040 2042 2042 2044 2047 2053 2056 2060 2062 2064 2066 2066 2067 2068 2069 2071 2074 2077 2076 2076 2073 2071 2070 2070 2071 2072 2074 2076 2077 2079 2081 2084 2083 2083 2081 2078 2076 2074 2073 2072 2072 2074 2077 2080 2083 2087 2092 2094 2093 2089 2083 2076 2068 2062 2056 2051 2044 2038 2032 2027 2023 2018 2011 2004 2004 1968 1919 1905 1892 1877 1865 1857 1849 1840 1830 1821 1813 1796 1775 1752 1731 1712 1692
2039 2040 2040 2042 2046 2049 2053 2055 2057 2059 2060 2062 2064 2065 2067 2068 2070 2072 2073 2073 2073 2071 2068 2068 2069 2072 2074 2074 2074 2073 2074 2073 2074 2075 2073 2070 2068 2066 2065 2065 2066 2066 2069 2072 2076 2079 2083 2086 2086 2082 2077 2071 2064 2059 2054 2049 2044 2040 2035 2030 2027 2022 2016 2007 1997 1986 1968 1931 1900 1886 1869 1858 1850 1841 1828 1821 1813 1808 1786 1764 1745 1724 1698 1677
2041 2042 2043 2046 2047 2050 2051 2053 2054 2055 2057 2059 2061 2064 2067 2069 2071 2072 2071 2071 2070 2068 2069 2069 2072 2075 2076 2076 2074 2071 2068 2064 2066 2067 2066 2063 2061 2059 2060 2060 2061 2064 2067 2069 2071 2074 2077 2079 2076 2072 2065 2059 2055 2050 2046 2042 2040 2037 2034 2031 2027 2021 2014 2004 1997 1990 1975 1948 1922 1901 1881 1870 1863 1848 1832 1815 1798 1779 1763 1754 1741 1717 1694 1674
2046 2047 2050 2052 2053 2052 2051 2051 2052 2054 2056 2058 2061 2064 2066 2068 2069 2069 2068 2067 2066 2067 2070 2072 2074 2076 2077 2075 2072 2067 2062 2060 2060 2062 2060 2058 2056 2056 2056 2057 2058 2061 2063 2064 2065 2067 2069 2070 2066 2060 2054 2049 2044 2039 2035 2036 2036 2034 2031 2028 2028 2023 2015 2006 1997 1988 1980 1968 1931 1897 1892 1884 1868 1846 1818 1799 1789 1773 1754 1738 1722 1705 1686 1665
2050 2051 2055 2059 2059 2058 2055 2052 2053 2055 2056 2059 2061 2064 2065 2066 2065 2064 2063 2063 2064 2067 2071 2074 2074 2074 2074 2072 2068 2063 2059 2059 2060 2059 2057 2053 2052 2051 2051 2051 2052 2053 2054 2055 2055 2058 2061 2058 2055 2048 2043 2040 2037 2034 2032 2031 2031 2029 2027 2025 2023 2022 2020 2011 2003 1995 1987 1984 1981 1956 1895 1849 1836 1815 1804 1797 1779 1759 1742 1725 1710 1694 1667 1641
2055 2057 2060 2063 2064 2063 2059 2056 2056 2057 2059 2060 2062 2063 2064 2063 2062 2060 2060 2060 2063 2067 2071 2073 2073 2072 2069 2065 2060 2056 2054 2056 2058 2057 2053 2050 2047 2045 2043 2042 2044 2045 2047 2048 2053 2056 2055 2052 2047 2042 2037 2036 2034 2032 2030 2030 2028 2026 2023 2020 2018 2017 2014 2011 2006 2002 1998 1996 1993 1964 1929 1881 1828 1815 1804 1794 1783 1765 1746 1729 1711 1691 1659 1626
2059 2061 2064 2066 2067 2065 2062 2060 2059 2060 2060 2060 2060 2060 2060 2059 2058 2058 2057 2058 2061 2065 2070 2071 2069 2067 2063 2058 2053 2047 2047 2049 2049 2047 2044 2042 2041 2039 2037 2037 2039 2043 2045 2048 2051 2052 2050 2045 2039 2034 2031 2030 2028 2026 2025 2025 2023 2021 2018 2015 2014 2014 2011 2009 2009 2009 2006 2000 1981 1951 1915 1890 1873 1845 1823 1808 1793 1774 1754 1736 1716 1681 1645 1614
2062 2064 2065 2067 2067 2065 2063 2061 2061 2060 2058 2057 2056 2056 2057 2056 2055 2055 2055 2055 2056 2061 2065 2065 2065 2062 2059 2054 2048 2043 2042 2043 2042 2039 2037 2037 2036 2034 2032 2032 2035 2040 2042 2042 2041 2038 2035 2032 2026 2020 2018 2020 2020 2019 2019 2020 2020 2019 2017 2016 2016 2015 2014 2013 2012 2011 2004 1985 1956 1926 1906 1894 1875 1858 1833 1806 1787 1770 1754 1726 1685 1654 1625 1601
2066 2068 2068 2067 2065 2062 2061 2061 2059 2058 2056 2054 2053 2054 2055 2056 2055 2053 2052 2052 2053 2054 2056 2059 2059 2057 2056 2051 2044 2039 2038 2038 2036 2034 2032 2032 2033 2030 2026 2027 2032 2038 2040 2036 2032 2027 2024 2020 2015 2009 2008 2011 2013 2014 2015 2016 2017 2017 2017 2016 2014 2013 2011 2011 2010 2006 1991 1957 1929 1917 1904 1886 1869 1846 1824 1810 1789 1771 1740 1691 1664 1648 1626 1602
2069 2071 2070 2067 2063 2061 2060 2059 2058 2056 2054 2054 2054 2054 2056 2057 2056 2054 2052 2051 2050 2050 2052 2055 2056 2055 2051 2044 2039 2035 2034 2034 2032 2030 2029 2029 2027 2023 2022 2023 2028 2034 2034 2031 2025 2020 2016 2013 2009 2005 2006 2009 2012 2013 2014 2015 2015 2014 2012 2011 2008 2006 2004 1999 1990 1974 1952 1930 1914 1902 1887 1870 1853 1835 1816 1809 1805 1787 1719 1666 1641 1636 1613 1590
2069 2069 2068 2065 2062 2061 2060 2060 2058 2056 2056 2056 2055 2055 2056 2056 2055 2053 2052 2050 2048 2048 2050 2051 2051 2049 2046 2040 2035 2033 2032 2032 2032 2029 2026 2023 2020 2019 2019 2021 2024 2026 2025 2022 2017 2013 2009 2007 2005 2003 2002 2003 2006 2009 2011 2014 2015 2015 2010 2004 2001 1998 1988 1976 1961 1945 1930 1914 1900 1887 1874 1858 1844 1830 1814 1807 1802 1771 1672 1609 1605 1599 1583 1571
2069 2069 2069 2068 2068 2070 2068 2067 2063 2062 2060 2059 2057 2056 2056 2055 2052 2049 2047 2047 2045 2044 2044 2045 2045 2044 2039 2036 2032 2030 2029 2029 2027 2024 2020 2017 2016 2016 2016 2017 2017 2017 2015 2012 2008 2004 2001 2000 1999 1998 1996 1995 1997 2000 2004 2006 2006 2003 2002 1996 1988 1979 1969 1959 1946 1932 1918 1906 1890 1876 1862 1848 1834 1823 1813 1810 1753 1658 1621 1614 1607 1602 1590 1574
2080 2082 2086 2088 2089 2087 2084 2080 2075 2070 2066 2063 2061 2059 2058 2055 2051 2045 2042 2040 2039 2039 2039 2039 2040 2040 2037 2034 2030 2028 2027 2025 2022 2018 2015 2014 2015 2015 2014 2013 2011 2010 2009 2005 1998 1993 1991 1990 1989 1987 1987 1987 1989 1991 1994 1994 1993 1991 1990 1979 1963 1954 1946 1937 1928 1916 1903 1885 1866 1850 1835 1817 1812 1780 1761 1747 1659 1635 1628 1624 1615 1604 1591 1572
2091 2093 2096 2098 2098 2095 2089 2083 2079 2075 2072 2069 2067 2064 2062 2057 2051 2044 2038 2037 2036 2036 2036 2036 2037 2038 2037 2034 2030 2026 2023 2020 2018 2015 2015 2015 2017 2017 2016 2014 2013 2012 2008 2002 1994 1988 1984 1981 1977 1975 1974 1975 1975 1975 1972 1968 1966 1963 1945 1928 1930 1928 1921 1913 1903 1894 1887 1869 1847 1832 1818 1791 1756 1710 1695 1685 1667 1655 1651 1643 1628 1609 1588 1565
2098 2100 2100 2101 2099 2096 2093 2088 2083 2081 2082 2080 2077 2072 2069 2063 2055 2047 2041 2038 2038 2037 2036 2036 2035 2035 2035 2032 2030 2025 2020 2019 2019 2020 2018 2018 2019 2019 2018 2017 2017 2014 2009 2001 1993 1983 1977 1969 1964 1959 1955 1952 1952 1950 1946 1942 1933 1917 1908 1906 1901 1891 1886 1883 1881 1880 1872 1862 1840 1816 1788 1770 1725 1702 1694 1688 1676 1672 1678 1674 1653 1629 1602 1577
2108 2110 2111 2109 2107 2106 2104 2100 2094 2090 2088 2086 2083 2077 2072 2068 2061 2052 2046 2043 2041 2041 2039 2036 2034 2032 2029 2027 2024 2021 2019 2020 2022 2021 2020 2020 2020 2019 2019 2018 2017 2012 2003 1994 1983 1970 1957 1949 1943 1938 1934 1934 1933 1930 1926 1920 1911 1900 1890 1880 1873 1867 1863 1860 1860 1860 1855 1842 1826 1806 1777 1755 1727 1716 1709 1717 1719 1722 1721 1702 1680 1641 1601 1582
2110 2115 2118 2123 2123 2125 2122 2118 2109 2101 2096 2091 2086 2084 2081 2077 2071 2060 2052 2047 2044 2041 2038 2034 2029 2025 2020 2017 2017 2016 2015 2015 2016 2017 2017 2018 2018 2019 2017 2016 2012 2005 1995 1984 1971 1952 1937 1931 1924 1921 1918 1918 1916 1912 1909 1905 1899 1889 1880 1869 1857 1851 1845 1841 1837 1833 1827 1818 1809 1791 1760 1743 1741 1738 1747 1756 1756 1749 1735 1723 1712 1705 1678 1663
2108 2113 2118 2124 2129 2131 2131 2128 2124 2117 2109 2101 2099 2096 2094 2091 2081 2070 2059 2050 2043 2038 2033 2028 2022 2014 2009 2007 2007 2006 2004 2004 2004 2006 2009 2010 2011 2008 2007 2006 1999 1989 1980 1970 1956 1940 1928 1919 1913 1907 1904 1902 1900 1896 1893 1891 1884 1873 1868 1861 1852 1842 1829 1820 1814 1809 1812 1814 1805 1785 1774 1768 1762 1762 1764 1765 1765 1760 1750 1740 1736 1731 1722 1714
2103 2108 2113 2119 2124 2127 2130 2132 2132 2127 2119 2108 2104 2103 2100 2094 2083 2070 2059 2049 2040 2033 2028 2022 2014 2007 2000 1996 1994 1993 1992 1992 1993 1996 1999 1998 1996 1992 1991 1990 1985 1976 1966 1951 1936 1924 1913 1905 1898 1896 1895 1895 1893 1891 1887 1883 1874 1862 1858 1853 1844 1831 1818 1811 1809 1816 1818 1817 1809 1800 1791 1784 1778 1774 1772 1770 1767 1763 1757 1749 1739 1727 1716 1711
2098 2102 2107 2113 2118 2122 2125 2127 2127 2124 2119 2112 2106 2102 2096 2089 2081 2070 2058 2047 2036 2027 2020 2015 2008 2000 1992 1987 1982 1981 1980 1979 1981 1984 1985 1983 1978 1976 1975 1974 1969 1960 1945 1930 1917 1908 1902 1897 1891 1889 1890 1892 1894 1894 1892 1885 1876 1868 1862 1853 1841 1833 1825 1818 1817 1817 1818 1815 1810 1805 1801 1797 1791 1784 1779 1773 1766 1760 1754 1741 1726 1716 1707 1633
2092 2097 2100 2105 2110 2113 2116 2120 2118 2116 2111 2105 2099 2094 2088 2082 2075 2064 2051 2038 2027 2017 2010 2007 2002 1996 1989 1982 1978 1973 1970 1968 1968 1969 1967 1963 1962 1960 1958 1953 1947 1940 1929 1916 1908 1902 1898 1895 1894 1893 1892 1892 1896 1899 1900 1896 1892 1880 1864 1853 1849 1845 1839 1832 1826 1824 1823 1820 1817 1814 1810 1807 1799 1789 1780 1770 1762 1756 1745 1732 1715 1703 1700 1675
2083 2086 2091 2096 2097 2100 2102 2104 2104 2102 2097 2092 2087 2082 2079 2076 2068 2058 2046 2034 2022 2012 2006 2002 1998 1994 1989 1984 1978 1973 1967 1963 1962 1957 1953 1950 1949 1949 1944 1939 1933 1925 1916 1910 1905 1902 1899 1898 1897 1897 1896 1897 1901 1905 1906 1907 1905 1901 1893 1883 1876 1865 1853 1846 1841 1836 1831 1826 1823 1823 1823 1817 1806 1789 1778 1771 1761 1751 1737 1715 1703 1698 1699 1701
2076 2078 2080 2082 2084 2085 2086 2087 2087 2085 2081 2076 2072 2069 2067 2065 2059 2051 2040 2028 2018 2009 2001 1995 1991 1989 1988 1985 1983 1977 1972 1967 1960 1953 1947 1944 1943 1941 1938 1932 1925 1918 1912 1907 1905 1904 1901 1901 1902 1902 1902 1906 1911 1917 1920 1919 1918 1915 1908 1902 1902 1899 1879 1859 1852 1845 1841 1838 1837 1836 1833 1831 1830 1813 1793 1780 1771 1752 1730 1714 1702 1701 1708 1674
2072 2072 2072 2072 2071 2071 2072 2073 2072 2070 2066 2062 2058 2057 2055 2053 2048 2042 2034 2025 2016 2009 2000 1990 1986 1986 1987 1987 1986 1985 1979 1969 1962 1955 1948 1944 1940 1937 1932 1926 1920 1914 1909 1906 1905 1904 1906 1907 1908 1910 1913 1918 1926 1931 1935 1935 1934 1933 1927 1916 1909 1906 1898 1887 1880 1874 1871 1872 1868 1861 1856 1853 1846 1833 1834 1839 1818 1787 1786 1770 1756 1741 1707 1668
2065 2064 2063 2061 2061 2060 2061 2061 2061 2060 2055 2050 2048 2045 2043 2041 2037 2034 2028 2021 2014 2007 1998 1988 1982 1980 1981 1983 1984 1982 1975 1964 1956 1950 1943 1939 1935 1930 1925 1921 1917 1913 1910 1908 1908 1910 1913 1915 1918 1922 1927 1934 1939 1943 1944 1944 1943 1944 1944 1935 1923 1915 1916 1919 1910 1909 1910 1909 1908 1900 1889 1872 1865 1862 1858 1850 1841 1835 1828 1821 1817 1816 1782 1679
2055 2051 2049 2048 2050 2051 2051 2050 2049 2048 2045 2041 2038 2035 2032 2029 2027 2024 2020 2015 2009 2001 1992 1983 1978 1974 1975 1976 1975 1971 1963 1956 1950 1943 1937 1931 1926 1923 1920 1919 1919 1920 1920 1922 1925 1929 1932 1934 1937 1941 1944 1948 1952 1957 1959 1958 1958 1955 1954 1953 1950 1941 1934 1935 1934 1933 1935 1932 1922 1912 1905 1895 1884 1880 1880 1880 1874 1859 1848 1833 1825 1818 1813 1809
2044 2042 2039 2038 2038 2040 2041 2040 2039 2037 2035 2032 2029 2026 2024 2020 2017 2014 2011 2006 2002 1995 1988 1981 1974 1969 1969 1970 1968 1963 1959 1955 1950 1944 1936 1929 1924 1919 1918 1919 1922 1927 1930 1935 1942 1947 1950 1953 1955 1958 1963 1966 1969 1971 1974 1978 1977 1974 1971 1967 1962 1957 1956 1954 1950 1949 1948 1947 1947 1939 1926 1913 1907 1904 1902 1900 1887 1872 1857 1842 1828 1819 1814 1783
2038 2037 2036 2034 2033 2032 2033 2031 2029 2024 2021 2020 2017 2013 2009 2007 2005 2003 2000 1996 1992 1987 1981 1975 1969 1965 1963 1963 1963 1960 1958 1957 1957 1952 1944 1938 1930 1923 1921 1924 1928 1932 1939 1946 1952 1957 1963 1967 1971 1975 1979 1981 1985 1989 1994 1997 1997 1996 1990 1982 1976 1975 1975 1970 1966 1964 1962 1960 1958 1952 1944 1931 1921 1917 1914 1909 1903 1885 1865 1846 1828 1818 1768 1738
2035 2035 2034 2032 2030 2028 2026 2023 2018 2013 2009 2005 2003 2001 1998 1995 1993 1991 1989 1986 1983 1979 1973 1968 1966 1964 1962 1962 1964 1966 1966 1966 1969 1968 1961 1951 1940 1931 1926 1928 1931 1938 1945 1952 1959 1966 1973 1978 1984 1987 1993 1999 2004 2011 2015 2014 2012 2010 2011 2009 2005 2000 1996 1993 1987 1983 1983 1977 1969 1961 1953 1943 1933 1927 1923 1919 1914 1908 1894 1857 1816 1758 1712 1693
2031 2032 2031 2027 2025 2024 2022 2017 2011 2004 1999 1995 1993 1992 1989 1986 1984 1982 1980 1979 1978 1974 1969 1965 1965 1964 1964 1965 1968 1971 1974 1977 1977 1976 1971 1965 1955 1945 1942 1941 1943 1947 1956 1964 1969 1974 1983 1992 1997 2003 2010 2014 2019 2022 2024 2025 2023 2024 2023 2022 2021 2020 2019 2014 2008 2003 1997 1989 1981 1972 1968 1964 1949 1936 1931 1926 1920 1916 1918 1893 1804 1732 1706 1682
2024 2025 2023 2021 2019 2018 2017 2010 2001 1996 1991 1988 1985 1983 1980 1978 1975 1976 1977 1977 1976 1973 1969 1966 1964 1965 1967 1970 1973 1976 1979 1982 1985 1985 1983 1980 1976 1970 1966 1965 1962 1963 1969 1974 1977 1982 1992 2002 2010 2017 2022 2027 2029 2030 2033 2034 2035 2034 2035 2036 2034 2032 2032 2032 2027 2019 2010 2003 1997 1993 1987 1975 1962 1949 1938 1930 1923 1919 1912 1894 1796 1703 1687 1670
2017 2017 2016 2015 2014 2013 2008 2001 1993 1988 1987 1986 1983 1980 1977 1975 1976 1976 1975 1974 1972 1971 1969 1967 1966 1966 1968 1970 1972 1976 1979 1983 1986 1989 1991 1991 1990 1990 1990 1986 1982 1981 1981 1983 1987 1995 2003 2009 2015 2022 2029 2032 2037 2043 2045 2045 2045 2046 2044 2043 2042 2041 2040 2040 2038 2034 2026 2018 2009 1999 1987 1977 1965 1957 1949 1941 1933 1922 1884 1769 1693 1689 1675 1646
2013 2013 2011 2011 2009 2006 2001 1994 1990 1986 1986 1987 1984 1980 1977 1976 1976 1976 1974 1972 1971 1971 1971 1971 1969 1968 1968 1969 1971 1975 1978 1982 1986 1989 1992 1994 1996 1999 1999 1999 1998 1996 1995 1994 1996 2002 2008 2014 2021 2026 2032 2039 2045 2047 2049 2049 2050 2049 2047 2047 2047 2050 2051 2050 2046 2042 2033 2021 2006 1994 1985 1970 1951 1943 1943 1939 1932 1860 1734 1688 1687 1675 1661 1640
2012 2011 2009 2006 2004 2001 1997 1994 1992 1992 1992 1991 1989 1986 1984 1982 1980 1978 1975 1971 1969 1970 1972 1974 1972 1971 1971 1972 1973 1976 1978 1981 1985 1987 1989 1992 1995 1997 1997 1999 2002 2005 2005 2005 2005 2005 2011 2018 2024 2030 2035 2040 2044 2047 2050 2052 2054 2054 2053 2052 2053 2055 2056 2055 2050 2039 2028 2011 1994 1983 1989 1998 1971 1943 1903 1875 1835 1781 1680 1679 1670 1658 1644 1628
2008 2007 2005 2003 2001 2000 1999 2000 2002 2002 2000 2000 2000 1995 1991 1988 1984 1980 1977 1973 1971 1973 1975 1973 1971 1971 1973 1975 1977 1980 1981 1982 1983 1985 1987 1989 1992 1992 1993 1998 2003 2006 2011 2013 2013 2014 2017 2023 2030 2036 2039 2042 2047 2052 2056 2058 2059 2058 2058 2058 2057 2055 2051 2046 2038 2027 2009 1990 1968 1929 1923 1903 1882 1855 1824 1800 1747 1722 1669 1667 1659 1645 1632 1620
2007 2005 2004 2003 2004 2006 2007 2010 2013 2016 2016 2016 2015 2014 2006 1994 1987 1984 1981 1980 1979 1977 1974 1971 1969 1969 1972 1976 1979 1982 1985 1986 1986 1986 1987 1988 1988 1990 1992 1996 2000 2004 2007 2013 2020 2024 2030 2036 2040 2042 2043 2047 2051 2055 2059 2060 2062 2064 2064 2062 2056 2048 2042 2035 2020 2001 1979 1954 1929 1916 1893 1851 1816 1803 1788 1738 1723 1668 1657 1647 1637 1630 1623 1615
2013 2012 2008 2007 2008 2011 2015 2020 2024 2029 2031 2033 2035 2036 2031 2023 2011 2002 1995 1987 1983 1980 1977 1973 1971 1971 1973 1975 1980 1986 1990 1992 1991 1989 1988 1988 1989 1991 1993 1996 1998 2002 2007 2013 2022 2031 2038 2042 2043 2044 2045 2048 2051 2054 2057 2061 2065 2067 2067 2057 2044 2031 2018 2003 1987 1964 1954 1933 1909 1856 1823 1795 1772 1754 1730 1705 1680 1652 1641 1636 1633 1627 1621 1614
2016 2015 2012 2013 2014 2019 2024 2029 2034 2038 2040 2041 2043 2045 2044 2037 2028 2019 2010 2001 1995 1989 1985 1981 1978 1976 1977 1980 1985 1991 1995 1996 1994 1992 1990 1991 1993 1994 1995 1996 1999 2003 2010 2019 2026 2032 2037 2042 2043 2043 2044 2046 2050 2055 2057 2060 2063 2064 2059 2048 2030 2009 1991 1973 1956 1932 1902 1861 1802 1796 1785 1763 1756 1726 1702 1696 1677 1653 1641 1636 1633 1631 1627 1621
