terrain/dems/dolomites/fodara.asc
ncols        186
nrows        104
cellsize     30
[rows 38 to 75 of 104, columns 0 to 83 of 186]
1763 1768 1777 1786 1797 1806 1809 1814 1821 1831 1844 1859 1879 1894 1908 1923 1935 1946 1955 1962 1969 1974 1978 1981 1982 1982 1982 1983 1985 1988 1990 1992 1996 1998 1997 1997 1996 2002 2009 2015 2022 2026 2032 2037 2040 2043 2045 2043 2042 2042 2042 2040 2037 2034 2029 2024 2020 2014 2006 2001 1998 1998 1998 1997 1996 1997 1998 2001 2003 2004 2005 2007 2010 2013 2017 2021 2024 2026 2027 2028 2028 2027 2025 2022
1770 1779 1787 1793 1800 1806 1810 1814 1824 1836 1852 1874 1894 1909 1922 1933 1945 1956 1963 1969 1975 1981 1986 1990 1992 1991 1990 1992 1996 1999 2002 2004 2008 2010 2012 2012 2015 2020 2025 2034 2040 2046 2053 2059 2061 2063 2064 2062 2059 2056 2054 2049 2041 2034 2028 2023 2019 2015 2008 2005 2005 2004 2002 1998 1997 1997 2000 2004 2005 2007 2008 2010 2014 2020 2023 2026 2028 2028 2028 2029 2031 2033 2031 2028
1776 1784 1791 1796 1798 1803 1811 1821 1830 1840 1853 1873 1896 1914 1927 1939 1951 1960 1967 1972 1979 1986 1992 1997 1999 2000 2000 2001 2004 2010 2015 2019 2022 2024 2026 2029 2033 2041 2048 2053 2059 2066 2073 2075 2077 2080 2079 2076 2073 2073 2071 2063 2052 2042 2032 2026 2022 2019 2017 2015 2014 2012 2009 2004 2002 2002 2002 2005 2009 2013 2014 2015 2018 2022 2026 2029 2030 2031 2031 2033 2038 2041 2042 2038
1772 1780 1789 1795 1802 1809 1817 1825 1835 1846 1862 1881 1903 1920 1932 1944 1954 1963 1971 1980 1988 1995 2000 2004 2007 2009 2009 2015 2020 2024 2028 2032 2035 2037 2038 2041 2048 2055 2062 2069 2076 2083 2089 2094 2096 2096 2096 2091 2087 2086 2084 2077 2066 2050 2040 2034 2030 2026 2024 2022 2020 2018 2015 2013 2011 2009 2009 2011 2013 2016 2017 2018 2020 2023 2027 2031 2034 2036 2038 2041 2043 2047 2048 2046
1778 1780 1785 1795 1805 1812 1819 1827 1840 1855 1871 1891 1908 1923 1935 1946 1957 1966 1977 1987 1995 2003 2009 2013 2016 2018 2021 2026 2032 2037 2040 2043 2046 2050 2053 2058 2064 2070 2076 2082 2089 2096 2100 2102 2105 2107 2106 2102 2098 2095 2092 2084 2072 2061 2051 2045 2041 2037 2034 2031 2028 2024 2022 2021 2019 2020 2019 2019 2019 2020 2022 2024 2026 2028 2030 2033 2037 2039 2041 2044 2047 2048 2048 2047
1790 1793 1796 1801 1810 1819 1829 1842 1856 1871 1886 1899 1911 1921 1932 1946 1960 1974 1985 1993 2000 2008 2015 2021 2027 2031 2036 2041 2047 2053 2054 2054 2057 2062 2067 2071 2078 2083 2088 2095 2100 2103 2107 2111 2116 2118 2116 2112 2106 2103 2097 2091 2081 2072 2065 2058 2054 2049 2045 2042 2037 2033 2030 2028 2026 2026 2026 2026 2026 2027 2028 2030 2031 2031 2032 2034 2036 2039 2044 2047 2048 2049 2048 2048
1800 1806 1809 1816 1826 1836 1845 1855 1867 1879 1892 1904 1915 1927 1939 1951 1966 1979 1991 1999 2005 2011 2017 2023 2030 2039 2047 2055 2062 2067 2069 2071 2072 2075 2079 2084 2090 2095 2100 2104 2108 2111 2115 2120 2124 2125 2124 2121 2117 2110 2103 2096 2088 2078 2072 2068 2065 2062 2057 2051 2045 2043 2039 2035 2035 2036 2035 2034 2032 2031 2033 2034 2034 2033 2032 2032 2035 2041 2046 2049 2049 2047 2046 2045
1810 1814 1822 1831 1838 1847 1857 1865 1875 1886 1896 1908 1923 1936 1946 1956 1965 1976 1989 1999 2006 2013 2019 2027 2035 2044 2052 2060 2066 2072 2075 2078 2080 2084 2089 2096 2101 2104 2107 2113 2118 2123 2127 2130 2132 2133 2134 2131 2124 2117 2109 2101 2091 2086 2080 2076 2074 2072 2069 2062 2055 2051 2049 2047 2047 2047 2046 2043 2040 2038 2039 2040 2039 2037 2035 2035 2037 2040 2045 2048 2048 2046 2044 2043
1821 1828 1836 1843 1851 1860 1870 1878 1885 1893 1902 1914 1927 1940 1955 1965 1975 1988 1997 2003 2009 2016 2026 2035 2044 2053 2059 2064 2070 2075 2078 2082 2086 2090 2098 2103 2106 2110 2114 2120 2128 2134 2136 2137 2139 2141 2140 2137 2133 2129 2119 2108 2103 2098 2093 2087 2083 2079 2075 2073 2070 2068 2064 2065 2065 2066 2065 2060 2054 2050 2049 2047 2044 2043 2044 2044 2044 2045 2047 2048 2048 2045 2045 2047
1842 1846 1849 1852 1858 1866 1874 1882 1890 1900 1909 1918 1929 1949 1966 1979 1991 1998 2005 2010 2016 2026 2035 2043 2051 2058 2064 2070 2075 2078 2081 2084 2089 2096 2102 2108 2112 2116 2125 2133 2139 2143 2143 2144 2145 2145 2145 2143 2141 2136 2126 2119 2115 2112 2108 2102 2098 2095 2091 2088 2085 2081 2078 2078 2080 2081 2080 2078 2073 2067 2062 2058 2057 2055 2053 2053 2052 2051 2051 2051 2050 2050 2050 2053
1849 1854 1855 1857 1862 1867 1876 1885 1895 1905 1915 1927 1945 1962 1975 1987 1996 2003 2009 2014 2020 2027 2037 2045 2052 2058 2065 2073 2077 2078 2081 2089 2095 2101 2107 2113 2121 2129 2136 2142 2147 2151 2154 2154 2153 2152 2150 2149 2146 2142 2136 2129 2125 2122 2119 2117 2114 2112 2108 2102 2097 2095 2092 2092 2093 2094 2093 2089 2084 2078 2073 2070 2067 2063 2060 2057 2056 2056 2057 2058 2057 2056 2057 2060
1855 1857 1858 1859 1863 1869 1878 1887 1900 1913 1926 1939 1955 1971 1983 1993 2000 2007 2012 2017 2024 2032 2039 2047 2053 2059 2066 2072 2076 2082 2093 2104 2108 2114 2119 2125 2133 2138 2144 2148 2153 2158 2162 2166 2166 2161 2158 2155 2151 2146 2141 2138 2134 2130 2127 2124 2123 2120 2115 2111 2106 2104 2102 2100 2099 2098 2098 2096 2092 2088 2084 2078 2073 2068 2064 2062 2060 2060 2060 2061 2062 2063 2067 2069
1859 1859 1859 1862 1865 1873 1883 1897 1911 1924 1936 1950 1963 1977 1990 1997 2004 2010 2018 2025 2031 2039 2046 2050 2057 2064 2072 2080 2086 2094 2106 2117 2125 2130 2136 2142 2145 2149 2152 2156 2160 2164 2169 2173 2174 2172 2168 2163 2158 2152 2148 2146 2143 2139 2135 2132 2128 2125 2121 2116 2113 2111 2109 2105 2103 2101 2100 2098 2095 2091 2086 2081 2078 2074 2071 2067 2064 2063 2063 2065 2067 2073 2079 2079
1861 1863 1864 1867 1874 1882 1891 1904 1917 1930 1943 1956 1970 1982 1993 2001 2008 2017 2025 2032 2038 2044 2048 2056 2064 2074 2084 2092 2101 2112 2123 2130 2137 2142 2145 2147 2150 2155 2161 2164 2166 2169 2172 2176 2178 2177 2173 2170 2172 2170 2162 2157 2152 2148 2145 2141 2135 2131 2128 2124 2122 2119 2114 2111 2108 2105 2101 2097 2094 2090 2088 2085 2080 2077 2074 2072 2071 2070 2071 2073 2078 2081 2081 2081
1861 1865 1868 1874 1881 1887 1899 1912 1926 1939 1952 1964 1976 1988 1999 2009 2017 2025 2032 2038 2043 2050 2058 2067 2078 2088 2097 2106 2116 2125 2134 2139 2143 2147 2151 2157 2161 2165 2170 2174 2175 2174 2175 2178 2182 2185 2184 2182 2181 2179 2174 2169 2164 2159 2154 2148 2143 2139 2141 2140 2136 2131 2127 2123 2120 2115 2112 2111 2110 2108 2105 2097 2091 2084 2080 2079 2078 2078 2078 2079 2079 2080 2080 2079
1863 1868 1874 1882 1890 1900 1910 1923 1937 1950 1962 1974 1985 1997 2009 2019 2028 2037 2044 2050 2055 2061 2070 2079 2090 2100 2108 2118 2126 2135 2142 2149 2153 2157 2163 2168 2169 2171 2175 2179 2176 2175 2175 2180 2186 2188 2190 2191 2191 2190 2185 2179 2173 2169 2165 2162 2162 2162 2158 2151 2145 2140 2138 2141 2148 2154 2147 2139 2136 2130 2124 2117 2107 2103 2100 2093 2087 2084 2081 2080 2079 2078 2078 2078
1868 1875 1883 1894 1907 1916 1925 1935 1946 1958 1970 1982 1995 2009 2023 2030 2037 2044 2052 2058 2064 2075 2085 2095 2104 2111 2118 2127 2135 2141 2149 2156 2163 2169 2172 2173 2172 2172 2176 2180 2181 2181 2186 2190 2192 2192 2193 2194 2197 2198 2196 2194 2192 2190 2188 2186 2185 2187 2185 2183 2181 2168 2157 2164 2170 2171 2168 2159 2151 2144 2139 2133 2126 2121 2115 2108 2101 2094 2090 2086 2083 2081 2079 2078
1877 1884 1896 1909 1921 1932 1940 1949 1961 1973 1985 1996 2010 2024 2033 2039 2045 2053 2061 2069 2077 2086 2096 2105 2112 2120 2129 2136 2143 2150 2157 2163 2170 2176 2181 2180 2180 2185 2190 2191 2192 2194 2196 2199 2203 2205 2205 2207 2209 2210 2212 2214 2213 2211 2207 2205 2208 2204 2200 2196 2192 2190 2190 2185 2182 2179 2173 2165 2159 2153 2149 2145 2139 2132 2126 2120 2113 2106 2101 2098 2094 2092 2089 2086
1888 1899 1908 1919 1932 1943 1954 1966 1977 1989 2001 2013 2026 2039 2046 2052 2058 2064 2072 2081 2087 2094 2102 2110 2118 2127 2135 2143 2151 2158 2165 2171 2176 2180 2184 2187 2189 2193 2199 2203 2203 2203 2207 2211 2215 2216 2217 2220 2222 2228 2232 2235 2236 2235 2234 2232 2227 2222 2217 2214 2208 2206 2202 2197 2194 2190 2186 2180 2171 2164 2159 2154 2150 2145 2140 2133 2127 2118 2111 2109 2108 2110 2110 2102
1900 1911 1921 1930 1938 1951 1964 1976 1989 2002 2015 2029 2042 2049 2056 2061 2065 2073 2082 2090 2095 2100 2106 2113 2122 2133 2144 2155 2163 2171 2175 2179 2181 2182 2186 2190 2193 2196 2201 2206 2211 2216 2221 2225 2227 2228 2230 2235 2245 2251 2254 2260 2263 2261 2256 2248 2242 2239 2233 2226 2222 2217 2214 2212 2211 2209 2200 2191 2185 2179 2172 2167 2162 2158 2153 2148 2139 2131 2125 2125 2126 2125 2125 2118
1907 1918 1929 1938 1949 1962 1976 1990 2003 2016 2031 2044 2054 2061 2067 2072 2077 2087 2096 2104 2112 2115 2119 2127 2135 2144 2154 2163 2172 2176 2181 2182 2183 2187 2191 2198 2204 2209 2213 2218 2223 2228 2234 2238 2240 2241 2248 2255 2259 2264 2272 2278 2282 2280 2274 2266 2259 2255 2250 2241 2232 2232 2232 2228 2225 2219 2213 2209 2205 2201 2193 2186 2180 2177 2180 2182 2172 2162 2159 2153 2149 2148 2145 2139
1917 1928 1939 1949 1961 1973 1986 2000 2017 2035 2048 2060 2068 2075 2084 2094 2100 2106 2113 2120 2125 2129 2135 2142 2149 2156 2164 2170 2175 2179 2181 2186 2193 2198 2203 2210 2216 2222 2226 2231 2237 2244 2249 2251 2254 2261 2268 2272 2277 2283 2289 2293 2296 2294 2297 2300 2281 2269 2263 2257 2255 2253 2249 2243 2238 2229 2223 2221 2220 2216 2211 2207 2204 2198 2195 2194 2192 2188 2186 2184 2174 2165 2160 2154
1926 1939 1951 1960 1969 1979 1994 2013 2031 2050 2064 2076 2083 2089 2099 2109 2115 2120 2125 2130 2138 2148 2155 2161 2167 2174 2178 2181 2185 2189 2196 2203 2208 2213 2218 2224 2229 2233 2237 2241 2249 2256 2259 2263 2269 2277 2286 2293 2298 2300 2305 2316 2326 2332 2335 2329 2306 2282 2276 2275 2274 2267 2261 2255 2250 2246 2242 2239 2232 2229 2230 2226 2225 2217 2207 2204 2204 2202 2200 2195 2187 2178 2171 2160
1934 1945 1956 1967 1978 1995 2014 2030 2045 2060 2076 2085 2093 2101 2109 2119 2127 2133 2138 2149 2161 2171 2181 2188 2193 2195 2194 2195 2201 2208 2214 2217 2221 2224 2229 2234 2240 2245 2249 2254 2260 2266 2272 2278 2285 2292 2301 2309 2314 2319 2328 2339 2352 2357 2353 2345 2332 2316 2306 2299 2291 2284 2278 2274 2269 2265 2261 2254 2249 2246 2242 2241 2240 2238 2230 2221 2217 2215 2209 2204 2196 2189 2181 2169
1935 1944 1957 1973 1996 2017 2031 2045 2059 2071 2079 2090 2102 2111 2120 2131 2142 2150 2159 2170 2179 2191 2203 2211 2217 2216 2213 2214 2216 2224 2233 2234 2235 2238 2242 2248 2255 2259 2263 2269 2275 2284 2292 2297 2300 2306 2314 2322 2332 2343 2353 2364 2371 2374 2374 2370 2370 2355 2337 2325 2312 2300 2295 2293 2290 2285 2276 2268 2260 2259 2258 2255 2252 2247 2246 2242 2237 2230 2223 2217 2207 2195 2184 2174
1945 1956 1973 1993 2013 2028 2043 2059 2071 2081 2090 2101 2110 2120 2131 2143 2155 2166 2175 2181 2199 2216 2230 2241 2240 2238 2249 2259 2259 2258 2255 2252 2251 2252 2255 2263 2268 2271 2272 2278 2288 2298 2308 2316 2325 2331 2336 2351 2368 2374 2378 2382 2387 2390 2392 2390 2383 2374 2363 2342 2325 2318 2308 2303 2300 2297 2290 2281 2275 2273 2275 2267 2269 2279 2279 2275 2263 2253 2241 2228 2218 2208 2197 2187
1960 1978 1995 2010 2024 2037 2051 2065 2078 2088 2098 2107 2117 2129 2141 2155 2170 2183 2198 2214 2230 2243 2254 2259 2261 2269 2276 2278 2280 2280 2279 2277 2276 2276 2280 2285 2287 2287 2295 2306 2313 2319 2329 2340 2347 2355 2367 2379 2385 2391 2395 2400 2405 2409 2409 2405 2396 2386 2377 2368 2352 2338 2328 2326 2321 2314 2308 2301 2294 2293 2299 2298 2306 2308 2303 2299 2284 2270 2258 2243 2227 2214 2204 2194
1976 1993 2009 2022 2035 2047 2060 2072 2083 2094 2105 2117 2128 2142 2157 2176 2196 2210 2221 2231 2241 2248 2253 2259 2265 2270 2276 2280 2284 2285 2284 2287 2289 2294 2299 2305 2312 2324 2332 2339 2342 2345 2350 2354 2363 2373 2385 2396 2403 2410 2414 2421 2425 2427 2426 2426 2417 2403 2392 2385 2375 2359 2350 2345 2338 2328 2321 2325 2335 2335 2335 2336 2338 2331 2324 2306 2289 2276 2263 2242 2226 2217 2207 2198
1991 2007 2020 2033 2045 2057 2070 2083 2092 2099 2109 2121 2137 2153 2178 2199 2212 2225 2230 2237 2242 2247 2252 2257 2262 2265 2272 2278 2280 2283 2289 2294 2300 2305 2311 2316 2322 2331 2341 2348 2352 2357 2361 2366 2373 2384 2395 2402 2409 2419 2429 2436 2442 2444 2442 2436 2427 2415 2406 2397 2384 2372 2361 2356 2351 2349 2350 2359 2363 2365 2373 2376 2367 2352 2335 2321 2302 2282 2266 2249 2233 2222 2212 2206
2007 2016 2027 2036 2048 2064 2077 2087 2097 2104 2113 2125 2142 2168 2188 2202 2212 2220 2228 2234 2239 2243 2248 2253 2256 2260 2265 2269 2273 2277 2283 2293 2299 2305 2311 2316 2323 2330 2337 2344 2352 2359 2366 2372 2378 2387 2395 2403 2410 2418 2426 2434 2440 2443 2445 2440 2434 2427 2414 2401 2390 2378 2367 2362 2364 2368 2378 2383 2388 2389 2390 2386 2370 2348 2335 2322 2305 2284 2267 2253 2238 2225 2216 2208
2014 2020 2027 2037 2049 2065 2078 2089 2097 2104 2113 2136 2157 2176 2193 2205 2213 2216 2222 2226 2230 2236 2243 2247 2249 2247 2251 2258 2263 2267 2274 2282 2288 2294 2301 2307 2314 2322 2328 2332 2339 2348 2357 2366 2373 2380 2386 2394 2401 2409 2417 2426 2433 2439 2445 2445 2442 2431 2418 2405 2394 2392 2391 2389 2387 2396 2403 2396 2390 2390 2389 2382 2372 2353 2338 2325 2310 2286 2264 2249 2236 2223 2213 2206
2014 2024 2031 2045 2058 2076 2083 2090 2103 2116 2136 2160 2171 2184 2193 2203 2211 2214 2216 2219 2226 2232 2234 2234 2230 2226 2231 2242 2250 2256 2265 2274 2279 2283 2290 2297 2302 2310 2317 2323 2329 2337 2346 2355 2364 2373 2378 2384 2391 2401 2410 2417 2424 2431 2439 2444 2444 2434 2425 2417 2410 2409 2409 2413 2411 2413 2409 2402 2394 2388 2383 2377 2366 2353 2338 2323 2309 2285 2261 2244 2229 2218 2212 2207
2014 2028 2036 2046 2057 2079 2099 2102 2120 2140 2151 2166 2180 2188 2193 2200 2207 2209 2208 2211 2217 2221 2220 2213 2208 2206 2214 2227 2240 2251 2256 2259 2265 2271 2278 2285 2292 2301 2309 2317 2322 2328 2335 2343 2352 2363 2370 2378 2382 2388 2399 2411 2414 2415 2424 2432 2434 2436 2434 2443 2439 2450 2440 2436 2430 2418 2409 2399 2390 2383 2376 2369 2358 2349 2333 2313 2293 2270 2251 2238 2226 2219 2216 2214
2014 2024 2032 2040 2050 2060 2097 2136 2150 2153 2157 2161 2172 2185 2191 2197 2201 2197 2196 2200 2205 2206 2201 2194 2191 2194 2207 2223 2236 2245 2248 2247 2252 2259 2266 2272 2280 2288 2296 2303 2311 2314 2318 2328 2337 2346 2355 2357 2363 2368 2381 2392 2397 2405 2409 2412 2418 2424 2434 2445 2449 2449 2447 2441 2431 2418 2404 2392 2382 2373 2366 2356 2345 2335 2325 2306 2285 2262 2241 2230 2222 2220 2221 2224
2013 2022 2027 2045 2048 2078 2129 2141 2146 2153 2157 2163 2170 2177 2187 2193 2189 2185 2186 2187 2191 2187 2181 2180 2181 2185 2207 2223 2234 2237 2238 2240 2243 2247 2255 2264 2271 2276 2284 2290 2289 2292 2302 2312 2319 2327 2329 2333 2339 2351 2363 2374 2384 2389 2392 2395 2396 2408 2424 2435 2437 2437 2436 2432 2426 2415 2404 2390 2380 2373 2362 2346 2333 2323 2304 2285 2264 2244 2230 2228 2226 2227 2231 2237
1989 2014 2046 2059 2076 2100 2111 2124 2134 2142 2147 2156 2165 2169 2176 2181 2176 2173 2175 2174 2166 2163 2165 2167 2170 2177 2192 2211 2213 2218 2225 2230 2235 2237 2242 2253 2259 2264 2271 2275 2274 2278 2288 2299 2305 2311 2314 2315 2323 2336 2344 2354 2363 2370 2378 2383 2388 2399 2413 2424 2424 2422 2420 2417 2412 2404 2394 2382 2369 2356 2345 2337 2322 2300 2274 2254 2241 2242 2235 2231 2233 2235 2241 2248
2010 2047 2055 2065 2084 2100 2108 2115 2122 2127 2133 2146 2150 2153 2157 2160 2163 2164 2161 2156 2148 2142 2144 2151 2158 2174 2189 2197 2199 2199 2208 2216 2222 2227 2231 2238 2244 2247 2254 2257 2263 2271 2282 2292 2295 2298 2301 2303 2308 2310 2320 2330 2346 2356 2363 2374 2380 2380 2395 2409 2405 2405 2403 2401 2398 2387 2373 2361 2349 2332 2318 2312 2305 2279 2251 2237 2226 2234 2226 2233 2238 2242 2249 2259
2052 2056 2058 2072 2087 2097 2102 2110 2114 2115 2119 2117 2125 2130 2134 2141 2145 2145 2140 2131 2126 2125 2129 2142 2150 2164 2180 2188 2189 2191 2196 2202 2209 2213 2217 2225 2231 2235 2239 2250 2257 2264 2274 2278 2280 2281 2286 2293 2296 2300 2304 2320 2337 2345 2349 2363 2372 2375 2379 2388 2390 2389 2387 2384 2376 2366 2355 2343 2326 2311 2302 2291 2274 2254 2233 2220 2216 2214 2212 2217 2231 2245 2255 2270
