terrain/dems/dolomites/lagazuoi.asc
ncols        173
nrows        129
xllcorner    11.983750000000
yllcorner    46.516250000000
cellsize     30
[rows 76 to 113 of 129, columns 0 to 83 of 173]
2464 2472 2479 2487 2494 2495 2500 2503 2481 2470 2468 2467 2463 2457 2453 2452 2452 2453 2453 2456 2463 2468 2471 2475 2477 2479 2484 2493 2502 2511 2517 2521 2526 2532 2538 2539 2536 2527 2518 2513 2507 2502 2501 2499 2496 2495 2498 2501 2506 2509 2517 2519 2528 2532 2537 2549 2568 2573 2571 2575 2577 2579 2579 2578 2576 2574 2566 2560 2558 2559 2559 2562 2564 2564 2563 2565 2569 2573 2581 2590 2598 2606 2610 2614
2474 2482 2489 2497 2504 2511 2514 2514 2497 2480 2476 2477 2475 2471 2465 2461 2461 2460 2460 2462 2467 2470 2475 2478 2478 2481 2488 2496 2505 2515 2520 2525 2532 2537 2543 2547 2546 2540 2536 2526 2515 2504 2497 2493 2488 2487 2485 2487 2488 2493 2498 2501 2509 2517 2520 2526 2541 2555 2557 2556 2561 2564 2567 2568 2570 2571 2567 2562 2559 2562 2569 2575 2574 2575 2575 2578 2579 2584 2592 2601 2610 2620 2629 2637
2482 2495 2508 2514 2517 2517 2519 2518 2511 2505 2504 2497 2488 2478 2471 2467 2469 2470 2469 2468 2472 2477 2480 2484 2485 2486 2491 2499 2507 2517 2525 2533 2539 2543 2547 2550 2550 2548 2539 2526 2511 2499 2490 2483 2476 2471 2472 2471 2474 2480 2483 2485 2495 2506 2508 2515 2527 2536 2542 2549 2548 2554 2556 2559 2560 2563 2565 2565 2564 2568 2576 2581 2586 2587 2588 2589 2588 2593 2599 2606 2617 2628 2638 2642
2486 2500 2513 2521 2522 2522 2522 2523 2525 2524 2517 2510 2496 2490 2481 2482 2478 2477 2474 2471 2477 2483 2488 2489 2490 2490 2493 2500 2509 2518 2527 2536 2543 2546 2549 2552 2554 2551 2538 2516 2502 2489 2480 2473 2466 2462 2460 2457 2460 2463 2468 2469 2479 2488 2496 2503 2515 2522 2524 2523 2528 2531 2538 2543 2550 2553 2560 2566 2572 2578 2588 2597 2599 2603 2605 2606 2609 2611 2611 2618 2631 2644 2655 2663
2487 2504 2514 2518 2524 2527 2528 2528 2528 2526 2515 2504 2493 2486 2486 2482 2478 2473 2473 2476 2482 2489 2492 2492 2490 2490 2492 2499 2508 2517 2526 2533 2539 2543 2545 2549 2552 2543 2529 2512 2496 2484 2475 2466 2457 2453 2448 2446 2446 2449 2451 2455 2459 2467 2477 2486 2495 2507 2508 2508 2509 2517 2524 2533 2542 2553 2560 2569 2580 2593 2602 2606 2609 2612 2614 2617 2622 2628 2631 2633 2642 2653 2664 2676
2494 2502 2510 2520 2528 2532 2534 2538 2536 2523 2510 2495 2485 2480 2477 2472 2466 2464 2471 2477 2478 2487 2490 2486 2484 2486 2491 2497 2510 2516 2524 2527 2534 2536 2541 2544 2541 2534 2522 2507 2495 2481 2466 2456 2448 2442 2437 2435 2435 2436 2440 2444 2447 2450 2465 2470 2480 2493 2499 2502 2503 2509 2517 2528 2541 2554 2563 2573 2587 2598 2606 2612 2618 2625 2629 2634 2641 2650 2654 2656 2659 2662 2667 2678
2499 2506 2518 2525 2530 2534 2538 2542 2541 2529 2510 2492 2481 2474 2466 2460 2450 2451 2457 2469 2471 2476 2480 2478 2478 2480 2485 2494 2505 2518 2520 2524 2527 2535 2536 2536 2532 2526 2517 2506 2495 2485 2472 2458 2447 2437 2429 2425 2423 2422 2426 2431 2434 2443 2454 2465 2471 2483 2490 2494 2493 2493 2512 2527 2537 2551 2567 2583 2592 2602 2610 2615 2621 2630 2636 2645 2659 2664 2665 2665 2666 2670 2676 2684
2504 2511 2518 2524 2527 2530 2536 2541 2539 2530 2515 2496 2475 2462 2452 2437 2431 2430 2440 2453 2461 2464 2465 2469 2471 2472 2477 2481 2501 2510 2515 2513 2522 2532 2534 2527 2521 2518 2514 2508 2500 2492 2485 2483 2460 2431 2421 2416 2414 2413 2413 2414 2419 2426 2446 2468 2467 2477 2481 2484 2484 2488 2509 2517 2528 2548 2568 2590 2601 2609 2617 2625 2633 2639 2648 2661 2669 2675 2675 2673 2675 2680 2686 2694
2507 2509 2513 2520 2526 2529 2533 2537 2534 2519 2506 2477 2448 2454 2434 2421 2412 2410 2421 2435 2445 2448 2446 2451 2460 2455 2458 2474 2485 2500 2508 2518 2527 2523 2532 2529 2518 2511 2505 2500 2493 2488 2486 2473 2450 2431 2414 2408 2406 2405 2402 2401 2403 2412 2443 2474 2480 2486 2485 2489 2492 2490 2491 2494 2541 2556 2575 2591 2603 2612 2621 2634 2640 2644 2652 2662 2672 2682 2684 2684 2685 2687 2695 2708
2509 2513 2519 2524 2528 2530 2534 2530 2523 2514 2499 2499 2467 2452 2426 2407 2391 2391 2399 2415 2428 2432 2429 2430 2430 2449 2454 2465 2476 2493 2509 2517 2520 2528 2533 2534 2530 2515 2496 2485 2479 2478 2473 2452 2434 2429 2416 2404 2399 2397 2395 2394 2393 2395 2416 2483 2512 2510 2507 2503 2513 2512 2514 2517 2535 2554 2557 2593 2602 2607 2615 2621 2643 2657 2665 2679 2690 2695 2700 2706 2709 2713 2720 2724
2509 2520 2524 2527 2529 2524 2530 2527 2521 2510 2493 2479 2458 2439 2425 2391 2376 2378 2386 2391 2406 2414 2415 2413 2435 2446 2456 2463 2475 2492 2504 2511 2519 2523 2526 2524 2533 2507 2486 2479 2472 2462 2452 2438 2424 2416 2406 2399 2393 2391 2388 2385 2381 2378 2376 2404 2505 2553 2519 2515 2519 2522 2520 2520 2522 2530 2547 2573 2579 2605 2609 2614 2632 2664 2676 2688 2698 2707 2713 2719 2722 2720 2729 2732
2504 2505 2509 2515 2520 2526 2526 2523 2517 2510 2494 2467 2439 2426 2411 2380 2379 2366 2375 2380 2381 2386 2388 2401 2405 2425 2446 2464 2479 2496 2504 2507 2515 2520 2529 2528 2513 2496 2481 2473 2468 2459 2439 2417 2406 2397 2384 2385 2380 2374 2372 2370 2367 2364 2364 2373 2391 2475 2494 2512 2518 2527 2522 2520 2517 2519 2531 2550 2577 2585 2601 2611 2627 2644 2675 2690 2703 2706 2713 2720 2726 2726 2730 2732
2499 2501 2502 2509 2510 2513 2516 2515 2510 2497 2478 2455 2435 2420 2405 2390 2376 2368 2357 2356 2359 2365 2366 2369 2394 2405 2430 2450 2473 2496 2499 2503 2513 2519 2522 2518 2506 2491 2465 2463 2459 2449 2421 2397 2387 2378 2368 2365 2362 2358 2357 2358 2358 2360 2367 2377 2384 2385 2466 2490 2509 2517 2519 2518 2525 2522 2524 2543 2561 2584 2591 2602 2609 2625 2632 2680 2696 2701 2703 2708 2715 2722 2723 2727
2488 2488 2492 2494 2497 2498 2501 2497 2491 2481 2462 2442 2426 2412 2399 2392 2383 2359 2354 2348 2341 2340 2347 2346 2354 2392 2406 2428 2442 2490 2495 2498 2504 2510 2512 2507 2492 2465 2437 2431 2426 2416 2399 2377 2364 2360 2354 2348 2344 2343 2345 2347 2350 2357 2366 2376 2380 2384 2443 2460 2483 2516 2513 2510 2511 2520 2530 2534 2548 2560 2586 2598 2594 2597 2610 2616 2684 2691 2687 2697 2697 2699 2689 2660
2481 2480 2481 2484 2484 2486 2483 2473 2460 2449 2433 2416 2406 2392 2390 2385 2369 2361 2341 2324 2319 2315 2317 2325 2338 2353 2399 2403 2434 2450 2487 2490 2490 2490 2488 2488 2459 2438 2428 2413 2407 2387 2364 2355 2346 2340 2334 2328 2327 2328 2332 2335 2341 2350 2360 2368 2373 2378 2387 2419 2429 2462 2467 2473 2480 2494 2517 2514 2528 2540 2549 2557 2561 2558 2556 2555 2554 2597 2595 2617 2602 2596 2614 2622
2474 2479 2477 2480 2477 2470 2463 2446 2431 2412 2397 2382 2376 2375 2375 2365 2356 2333 2320 2301 2285 2305 2297 2307 2313 2331 2351 2371 2397 2426 2451 2473 2474 2472 2467 2455 2425 2411 2399 2386 2367 2351 2342 2333 2326 2319 2313 2307 2307 2312 2318 2323 2330 2339 2347 2354 2362 2366 2375 2404 2405 2413 2438 2441 2451 2451 2466 2484 2493 2501 2515 2524 2527 2518 2503 2508 2520 2516 2546 2560 2553 2553 2545 2550
2472 2471 2472 2464 2447 2428 2414 2399 2384 2368 2362 2351 2353 2353 2353 2335 2317 2288 2293 2282 2273 2274 2284 2287 2293 2294 2315 2318 2368 2395 2416 2423 2426 2418 2406 2409 2408 2384 2363 2365 2348 2334 2324 2315 2307 2299 2292 2290 2291 2295 2300 2311 2321 2326 2330 2338 2347 2350 2357 2368 2405 2402 2407 2402 2416 2409 2412 2442 2466 2472 2476 2481 2477 2475 2469 2476 2470 2482 2483 2502 2520 2518 2523 2526
2376 2374 2372 2378 2371 2364 2364 2347 2326 2325 2322 2316 2308 2307 2307 2285 2270 2242 2236 2233 2240 2254 2263 2263 2268 2270 2299 2302 2319 2350 2373 2373 2384 2377 2384 2376 2375 2364 2344 2334 2324 2314 2305 2301 2297 2291 2284 2277 2274 2279 2290 2302 2309 2312 2315 2324 2332 2336 2339 2350 2370 2372 2368 2369 2368 2360 2382 2400 2427 2427 2436 2436 2435 2434 2434 2437 2426 2424 2447 2461 2483 2479 2479 2485
2310 2298 2306 2304 2291 2298 2283 2272 2271 2265 2253 2253 2256 2250 2233 2216 2206 2200 2196 2203 2212 2238 2246 2230 2245 2252 2261 2274 2288 2308 2328 2335 2343 2341 2350 2354 2349 2343 2327 2319 2306 2297 2293 2291 2288 2281 2273 2268 2266 2273 2284 2292 2297 2301 2300 2306 2314 2317 2323 2333 2333 2341 2341 2346 2347 2348 2364 2379 2395 2405 2400 2396 2400 2386 2389 2383 2386 2389 2417 2420 2421 2442 2443 2429
2234 2242 2220 2224 2239 2231 2225 2222 2214 2202 2197 2193 2195 2192 2193 2187 2182 2180 2184 2188 2197 2217 2228 2237 2225 2224 2245 2255 2275 2281 2297 2319 2325 2318 2326 2325 2321 2323 2313 2298 2293 2287 2281 2275 2268 2263 2261 2259 2259 2268 2280 2287 2291 2289 2289 2289 2293 2297 2303 2312 2317 2320 2316 2320 2329 2329 2343 2357 2377 2386 2381 2366 2352 2352 2357 2354 2361 2344 2344 2358 2385 2379 2367 2363
2173 2169 2165 2159 2201 2198 2166 2168 2169 2172 2166 2168 2169 2171 2169 2168 2166 2166 2168 2174 2184 2195 2206 2218 2226 2220 2223 2235 2251 2273 2292 2302 2303 2303 2300 2296 2296 2300 2287 2277 2274 2272 2264 2251 2244 2246 2246 2244 2245 2260 2274 2281 2278 2277 2276 2274 2274 2275 2281 2289 2299 2305 2307 2305 2311 2307 2316 2329 2338 2353 2351 2346 2335 2326 2325 2329 2319 2317 2325 2320 2318 2320 2317 2317
2146 2143 2140 2136 2138 2146 2148 2148 2148 2149 2152 2154 2156 2156 2155 2153 2153 2154 2156 2165 2175 2182 2189 2199 2207 2208 2221 2218 2232 2238 2277 2289 2292 2283 2276 2270 2270 2275 2261 2259 2260 2257 2252 2239 2233 2231 2230 2229 2231 2244 2258 2262 2263 2262 2261 2258 2260 2261 2265 2273 2282 2289 2289 2284 2283 2296 2288 2299 2315 2317 2316 2312 2305 2298 2291 2292 2295 2294 2292 2289 2292 2293 2288 2290
2126 2124 2125 2126 2124 2122 2123 2128 2131 2131 2136 2141 2145 2144 2143 2142 2137 2139 2146 2154 2159 2169 2173 2178 2190 2194 2204 2209 2216 2231 2245 2256 2263 2263 2257 2252 2248 2256 2246 2238 2239 2242 2236 2227 2219 2215 2217 2217 2219 2227 2235 2245 2248 2248 2244 2243 2246 2250 2256 2263 2269 2269 2268 2267 2267 2270 2276 2280 2285 2287 2287 2285 2279 2278 2281 2284 2285 2281 2278 2277 2275 2272 2278 2282
2110 2109 2111 2108 2109 2109 2113 2113 2118 2123 2127 2132 2134 2134 2130 2127 2126 2126 2130 2138 2149 2156 2153 2159 2166 2172 2173 2197 2201 2209 2220 2229 2229 2230 2228 2229 2233 2242 2231 2221 2219 2219 2216 2210 2205 2201 2204 2206 2209 2214 2221 2226 2232 2234 2231 2228 2232 2237 2242 2249 2251 2253 2252 2251 2251 2251 2256 2260 2260 2262 2260 2257 2258 2264 2269 2271 2276 2274 2268 2263 2259 2255 2259 2265
2090 2094 2095 2098 2097 2102 2106 2110 2113 2116 2119 2118 2121 2123 2122 2118 2118 2118 2121 2129 2138 2146 2147 2148 2153 2151 2159 2178 2176 2188 2195 2200 2201 2202 2204 2205 2207 2208 2211 2203 2196 2197 2198 2195 2192 2189 2189 2192 2197 2201 2205 2209 2214 2215 2213 2215 2220 2224 2226 2232 2235 2236 2240 2241 2236 2234 2236 2240 2247 2238 2237 2242 2249 2255 2262 2265 2261 2256 2246 2241 2238 2249 2251 2252
2080 2080 2084 2089 2092 2096 2099 2106 2105 2108 2108 2108 2109 2108 2109 2110 2107 2105 2114 2121 2128 2137 2143 2149 2148 2149 2151 2169 2184 2178 2175 2175 2177 2183 2184 2189 2194 2196 2189 2185 2183 2183 2182 2179 2177 2175 2174 2176 2180 2185 2189 2193 2193 2193 2194 2199 2204 2207 2210 2215 2221 2223 2225 2225 2221 2218 2220 2225 2227 2231 2236 2237 2239 2243 2247 2247 2243 2241 2232 2229 2227 2229 2234 2235
2062 2062 2070 2074 2082 2082 2087 2091 2094 2095 2097 2099 2097 2095 2095 2095 2095 2101 2109 2113 2119 2129 2134 2138 2142 2141 2146 2153 2161 2162 2165 2166 2165 2173 2176 2178 2179 2175 2172 2171 2171 2172 2169 2166 2162 2159 2158 2156 2161 2169 2174 2175 2178 2178 2179 2183 2187 2189 2191 2199 2204 2207 2209 2210 2207 2206 2207 2209 2210 2210 2215 2222 2228 2230 2230 2228 2227 2226 2225 2220 2213 2212 2213 2216
2049 2050 2056 2064 2069 2071 2072 2076 2077 2079 2083 2084 2083 2083 2084 2085 2088 2095 2102 2104 2109 2119 2123 2124 2126 2130 2134 2136 2136 2137 2141 2151 2154 2160 2159 2161 2163 2162 2161 2160 2159 2158 2154 2148 2143 2140 2140 2146 2150 2152 2155 2156 2160 2167 2170 2174 2177 2178 2179 2183 2189 2192 2196 2197 2196 2194 2194 2195 2197 2200 2203 2207 2211 2211 2211 2211 2213 2214 2212 2208 2205 2204 2203 2202
2040 2043 2048 2055 2057 2060 2061 2062 2064 2067 2070 2072 2073 2073 2074 2075 2078 2084 2091 2097 2102 2109 2110 2113 2115 2119 2119 2120 2119 2117 2121 2126 2133 2139 2147 2149 2151 2151 2149 2146 2144 2140 2135 2131 2127 2125 2125 2133 2139 2141 2140 2141 2145 2151 2160 2166 2168 2169 2168 2173 2176 2178 2183 2185 2183 2182 2184 2184 2184 2186 2191 2195 2197 2198 2199 2200 2200 2200 2199 2196 2192 2191 2191 2189
2031 2035 2041 2045 2047 2048 2052 2054 2056 2058 2059 2059 2061 2063 2066 2067 2068 2071 2078 2085 2090 2093 2095 2095 2099 2099 2102 2104 2107 2107 2107 2112 2116 2125 2131 2136 2138 2138 2137 2133 2129 2125 2121 2118 2112 2109 2109 2117 2124 2127 2129 2131 2136 2140 2145 2151 2153 2153 2155 2160 2165 2166 2169 2169 2169 2170 2171 2172 2175 2177 2180 2184 2188 2189 2189 2189 2189 2188 2186 2182 2176 2176 2177 2177
2023 2028 2034 2036 2036 2036 2039 2044 2048 2051 2050 2050 2051 2054 2057 2059 2059 2062 2067 2071 2075 2080 2080 2081 2084 2087 2089 2092 2095 2097 2099 2103 2106 2111 2117 2121 2125 2128 2126 2123 2119 2113 2108 2103 2100 2098 2099 2101 2107 2112 2115 2121 2125 2130 2134 2133 2134 2140 2143 2145 2149 2151 2152 2154 2155 2158 2160 2163 2167 2171 2173 2175 2177 2179 2178 2179 2180 2179 2177 2172 2167 2165 2164 2165
2017 2022 2026 2027 2025 2025 2029 2035 2039 2041 2042 2041 2041 2045 2048 2050 2051 2052 2054 2060 2066 2068 2067 2069 2073 2079 2082 2084 2087 2088 2090 2093 2094 2097 2102 2105 2111 2114 2112 2108 2103 2100 2096 2093 2090 2091 2092 2094 2097 2102 2106 2110 2113 2115 2116 2117 2119 2123 2128 2132 2136 2138 2140 2144 2149 2151 2154 2158 2162 2166 2168 2169 2170 2171 2170 2169 2167 2164 2161 2159 2158 2157 2157 2157
2009 2012 2015 2015 2016 2015 2019 2025 2028 2029 2030 2032 2036 2039 2041 2042 2041 2040 2043 2049 2053 2055 2056 2057 2064 2069 2074 2077 2078 2078 2080 2083 2084 2086 2090 2093 2096 2098 2095 2091 2090 2087 2086 2085 2086 2086 2085 2087 2091 2094 2096 2099 2101 2103 2104 2105 2107 2110 2115 2121 2127 2130 2135 2140 2144 2147 2150 2152 2154 2157 2161 2162 2162 2162 2159 2158 2156 2153 2152 2152 2152 2150 2150 2150
2003 2006 2006 2007 2007 2008 2010 2013 2016 2019 2023 2027 2030 2032 2032 2030 2031 2031 2032 2035 2038 2043 2046 2051 2058 2062 2065 2068 2069 2069 2071 2072 2075 2077 2080 2082 2081 2082 2080 2078 2077 2075 2075 2076 2076 2075 2077 2080 2085 2086 2087 2088 2091 2094 2096 2097 2100 2102 2106 2113 2118 2123 2129 2134 2137 2139 2141 2144 2145 2147 2150 2152 2153 2153 2152 2151 2149 2148 2148 2147 2145 2144 2143 2142
1998 1999 2000 2000 2001 2000 2000 2002 2004 2011 2018 2021 2022 2021 2018 2018 2018 2022 2024 2029 2033 2035 2039 2042 2048 2051 2055 2058 2058 2057 2058 2061 2064 2068 2071 2072 2071 2068 2067 2067 2066 2066 2067 2067 2067 2069 2070 2074 2078 2080 2081 2080 2082 2083 2085 2092 2096 2097 2101 2107 2112 2118 2124 2127 2129 2129 2131 2134 2136 2139 2142 2145 2147 2147 2146 2144 2144 2142 2142 2140 2138 2135 2134 2134
1988 1990 1993 1994 1994 1992 1991 1992 1994 1998 2006 2011 2011 2010 2009 2009 2012 2015 2019 2024 2026 2028 2030 2033 2038 2041 2043 2044 2044 2044 2047 2050 2052 2055 2059 2061 2058 2056 2056 2057 2058 2059 2059 2061 2063 2065 2067 2070 2072 2074 2076 2076 2076 2077 2081 2087 2090 2092 2096 2101 2106 2112 2115 2117 2120 2123 2125 2130 2134 2136 2138 2139 2141 2142 2141 2139 2137 2135 2133 2131 2130 2128 2126 2126
1976 1980 1983 1986 1986 1987 1986 1988 1989 1994 1999 2002 2003 2003 2002 2003 2008 2011 2013 2016 2018 2019 2022 2025 2032 2034 2034 2034 2035 2037 2040 2043 2045 2047 2046 2047 2048 2046 2046 2048 2052 2054 2057 2058 2060 2062 2063 2065 2066 2068 2069 2069 2071 2073 2076 2080 2082 2085 2091 2096 2102 2107 2109 2110 2115 2119 2122 2127 2131 2132 2132 2133 2134 2134 2132 2131 2128 2125 2123 2122 2121 2120 2120 2121
1964 1968 1970 1973 1976 1977 1981 1982 1984 1988 1992 1995 1996 1996 1994 1997 2004 2008 2010 2011 2011 2012 2015 2020 2024 2026 2027 2027 2028 2028 2032 2038 2041 2040 2039 2039 2039 2040 2042 2043 2045 2049 2053 2054 2056 2059 2060 2060 2059 2060 2061 2063 2067 2070 2073 2076 2078 2082 2087 2096 2103 2106 2108 2106 2108 2114 2115 2118 2122 2124 2125 2125 2125 2124 2124 2121 2117 2116 2116 2115 2114 2113 2114 2114
