terrain/dems/dolomites/lagazuoi.asc
ncols        173
nrows        129
xllcorner    11.983750000000
yllcorner    46.516250000000
cellsize     30
[rows 0 to 37 of 129, columns 0 to 83 of 173]
2291 2293 2296 2299 2303 2308 2309 2310 2313 2317 2325 2334 2347 2359 2366 2372 2379 2388 2406 2420 2427 2434 2446 2456 2463 2472 2485 2497 2517 2529 2534 2544 2546 2549 2556 2560 2565 2575 2581 2600 2626 2634 2638 2645 2655 2656 2660 2674 2698 2719 2734 2747 2776 2805 2845 2866 2884 2900 2925 2933 2941 2944 2939 2926 2926 2903 2892 2865 2861 2837 2759 2719 2674 2650 2644 2569 2509 2455 2377 2352 2312 2300 2299 2294
2294 2296 2298 2301 2305 2310 2314 2313 2315 2321 2329 2339 2352 2364 2371 2377 2385 2398 2412 2425 2435 2443 2450 2458 2471 2482 2497 2511 2519 2528 2542 2546 2548 2554 2560 2563 2570 2578 2586 2599 2612 2622 2626 2639 2649 2655 2656 2670 2675 2696 2715 2731 2749 2795 2815 2852 2876 2892 2916 2945 2949 2953 2956 2953 2951 2923 2894 2878 2843 2772 2725 2652 2623 2560 2537 2507 2468 2400 2360 2341 2295 2296 2297 2285
2296 2304 2310 2310 2312 2314 2315 2318 2321 2328 2335 2347 2359 2367 2375 2383 2392 2404 2416 2430 2441 2445 2478 2499 2510 2522 2526 2534 2540 2545 2553 2549 2558 2561 2566 2568 2577 2584 2596 2603 2610 2615 2623 2633 2643 2646 2648 2656 2665 2683 2696 2720 2738 2766 2810 2845 2860 2888 2912 2938 2947 2953 2960 2964 2958 2954 2898 2872 2809 2728 2636 2623 2565 2534 2497 2468 2434 2364 2357 2301 2303 2303 2294 2281
2309 2318 2324 2327 2323 2319 2320 2323 2330 2338 2348 2358 2366 2375 2384 2396 2409 2418 2427 2434 2439 2492 2515 2536 2544 2550 2550 2557 2563 2573 2575 2556 2563 2568 2570 2576 2581 2589 2596 2607 2614 2615 2621 2629 2634 2637 2637 2645 2653 2672 2692 2702 2732 2764 2805 2849 2854 2881 2910 2930 2933 2943 2963 2962 2958 2952 2873 2839 2749 2643 2625 2575 2520 2493 2464 2430 2402 2372 2347 2312 2322 2310 2299 2287
2317 2323 2324 2323 2323 2323 2327 2334 2341 2349 2357 2364 2373 2382 2398 2415 2425 2430 2441 2458 2489 2516 2541 2561 2568 2574 2578 2582 2589 2590 2594 2596 2590 2592 2594 2592 2601 2603 2609 2613 2613 2619 2623 2625 2628 2631 2633 2636 2643 2655 2674 2698 2728 2755 2790 2831 2859 2881 2921 2926 2934 2941 2950 2962 2957 2901 2835 2744 2670 2636 2580 2517 2499 2452 2420 2405 2378 2357 2333 2337 2324 2313 2299 2285
2324 2323 2327 2328 2331 2336 2339 2344 2350 2356 2363 2372 2381 2393 2411 2427 2445 2451 2455 2501 2516 2547 2561 2584 2596 2598 2603 2610 2611 2626 2630 2630 2618 2617 2618 2613 2618 2622 2625 2625 2625 2626 2625 2629 2628 2628 2632 2638 2648 2651 2672 2691 2713 2744 2790 2828 2866 2873 2914 2925 2932 2941 2939 2941 2901 2840 2751 2710 2674 2602 2525 2502 2444 2417 2410 2378 2355 2358 2348 2336 2324 2308 2293 2281
2332 2341 2334 2339 2346 2352 2355 2354 2355 2361 2369 2388 2396 2409 2418 2439 2446 2462 2489 2526 2538 2552 2588 2593 2599 2615 2633 2627 2626 2642 2635 2635 2626 2626 2624 2637 2643 2653 2649 2642 2640 2638 2633 2632 2636 2638 2638 2645 2652 2654 2675 2687 2715 2749 2779 2812 2835 2869 2894 2911 2927 2934 2935 2908 2880 2841 2736 2687 2603 2568 2517 2436 2406 2404 2380 2362 2361 2350 2340 2332 2321 2308 2292 2278
2343 2357 2355 2356 2358 2367 2375 2386 2393 2397 2402 2400 2408 2424 2436 2440 2453 2466 2505 2531 2544 2562 2588 2604 2621 2636 2648 2659 2664 2662 2673 2667 2668 2662 2656 2663 2663 2665 2662 2657 2658 2652 2644 2638 2639 2644 2646 2654 2658 2665 2671 2685 2696 2734 2780 2811 2841 2867 2895 2901 2904 2910 2903 2885 2843 2756 2687 2638 2583 2531 2486 2397 2391 2373 2360 2353 2347 2339 2331 2322 2312 2298 2285 2274
2346 2352 2362 2371 2376 2382 2385 2403 2412 2413 2415 2415 2420 2427 2434 2446 2463 2477 2508 2531 2544 2561 2590 2615 2630 2653 2653 2672 2680 2691 2697 2699 2706 2707 2710 2708 2683 2675 2668 2667 2666 2662 2650 2645 2648 2648 2647 2653 2664 2662 2666 2680 2698 2735 2776 2804 2831 2862 2880 2888 2892 2888 2871 2829 2767 2728 2673 2591 2540 2499 2436 2392 2358 2348 2347 2342 2336 2328 2321 2313 2302 2289 2278 2271
2336 2343 2350 2365 2370 2376 2388 2405 2419 2423 2426 2425 2428 2429 2437 2447 2472 2491 2503 2532 2548 2572 2593 2611 2637 2655 2672 2683 2700 2708 2723 2722 2727 2743 2745 2740 2718 2705 2686 2676 2673 2673 2663 2659 2651 2654 2653 2656 2660 2664 2675 2687 2721 2741 2775 2798 2826 2844 2856 2879 2877 2865 2834 2803 2756 2692 2641 2570 2522 2460 2394 2371 2355 2337 2339 2333 2326 2320 2310 2300 2292 2284 2274 2266
2321 2333 2346 2358 2361 2371 2385 2403 2427 2436 2426 2431 2436 2432 2434 2449 2467 2487 2499 2523 2549 2570 2596 2613 2653 2665 2678 2699 2718 2723 2736 2752 2776 2773 2788 2794 2771 2726 2709 2691 2693 2687 2676 2670 2663 2665 2666 2668 2671 2674 2689 2705 2730 2750 2773 2801 2810 2835 2839 2848 2854 2834 2816 2772 2717 2644 2599 2558 2511 2439 2403 2366 2326 2335 2331 2326 2319 2311 2303 2296 2289 2281 2272 2262
2309 2323 2334 2345 2345 2358 2379 2389 2402 2418 2425 2416 2420 2427 2431 2440 2445 2475 2492 2520 2557 2590 2605 2628 2652 2668 2692 2712 2727 2736 2758 2779 2788 2804 2812 2813 2792 2772 2736 2734 2717 2701 2689 2679 2674 2676 2681 2688 2695 2703 2710 2719 2739 2764 2789 2806 2814 2820 2831 2833 2832 2815 2790 2746 2687 2648 2587 2547 2467 2424 2379 2351 2344 2336 2329 2321 2313 2306 2299 2293 2286 2278 2270 2262
2294 2303 2316 2323 2329 2352 2367 2370 2370 2388 2400 2403 2403 2411 2408 2420 2441 2458 2469 2512 2552 2591 2613 2635 2652 2665 2694 2721 2740 2757 2782 2788 2812 2810 2820 2814 2811 2799 2780 2755 2734 2717 2700 2695 2695 2690 2696 2698 2704 2713 2726 2736 2757 2786 2806 2820 2820 2821 2823 2819 2806 2801 2765 2698 2663 2617 2567 2505 2441 2406 2358 2351 2344 2334 2325 2316 2307 2301 2293 2286 2280 2273 2267 2261
2259 2278 2288 2302 2318 2335 2351 2355 2362 2369 2378 2384 2388 2393 2375 2415 2419 2456 2470 2495 2537 2581 2617 2633 2655 2675 2693 2716 2742 2762 2776 2788 2808 2812 2822 2823 2812 2812 2794 2777 2755 2736 2715 2721 2718 2713 2712 2716 2718 2729 2748 2766 2786 2802 2818 2826 2830 2830 2819 2811 2809 2784 2750 2704 2651 2584 2522 2468 2436 2372 2366 2355 2342 2329 2321 2317 2309 2298 2290 2281 2274 2269 2264 2260
2245 2253 2266 2279 2297 2306 2321 2338 2349 2360 2362 2369 2376 2384 2387 2371 2418 2443 2464 2486 2517 2568 2627 2640 2647 2681 2700 2719 2737 2745 2769 2774 2782 2804 2813 2816 2817 2817 2811 2799 2786 2748 2742 2736 2726 2719 2721 2727 2745 2765 2780 2796 2812 2825 2842 2842 2838 2834 2823 2817 2801 2766 2727 2675 2576 2528 2478 2450 2417 2395 2374 2363 2349 2336 2328 2319 2310 2300 2290 2280 2271 2264 2260 2255
2234 2241 2252 2268 2280 2286 2295 2307 2326 2335 2346 2353 2361 2368 2380 2376 2390 2433 2461 2487 2509 2549 2625 2645 2645 2685 2691 2704 2719 2741 2744 2757 2758 2766 2776 2801 2814 2823 2827 2821 2808 2793 2768 2750 2741 2748 2744 2751 2769 2782 2803 2822 2831 2840 2837 2837 2836 2823 2814 2807 2787 2771 2688 2611 2536 2486 2460 2434 2417 2397 2386 2370 2355 2341 2332 2324 2312 2301 2291 2280 2271 2264 2258 2255
2223 2232 2243 2256 2269 2278 2286 2294 2298 2314 2327 2339 2345 2358 2370 2380 2390 2406 2424 2449 2479 2531 2567 2620 2640 2652 2680 2689 2694 2710 2712 2724 2727 2734 2757 2769 2790 2810 2825 2823 2825 2807 2791 2783 2778 2764 2769 2782 2788 2806 2815 2823 2830 2833 2837 2832 2820 2813 2808 2795 2778 2716 2652 2581 2506 2459 2438 2424 2421 2399 2385 2371 2356 2342 2330 2321 2312 2302 2292 2282 2273 2266 2259 2256
2215 2225 2236 2246 2260 2273 2283 2291 2296 2302 2317 2331 2340 2349 2360 2373 2389 2399 2419 2433 2473 2496 2536 2567 2594 2623 2647 2657 2680 2688 2700 2713 2725 2732 2733 2754 2770 2785 2813 2832 2837 2833 2811 2797 2777 2772 2779 2782 2794 2805 2812 2817 2822 2830 2827 2823 2815 2808 2800 2793 2723 2661 2600 2551 2492 2447 2427 2419 2401 2386 2375 2365 2352 2339 2332 2322 2311 2301 2292 2283 2274 2266 2260 2255
2213 2220 2231 2241 2253 2267 2279 2288 2293 2302 2313 2326 2334 2342 2357 2371 2382 2393 2399 2423 2446 2471 2476 2525 2555 2573 2593 2616 2641 2658 2686 2688 2701 2712 2720 2736 2759 2772 2802 2816 2832 2831 2814 2796 2781 2779 2777 2776 2787 2801 2811 2816 2819 2829 2827 2823 2813 2800 2791 2731 2679 2623 2568 2507 2469 2434 2415 2413 2398 2384 2371 2360 2353 2344 2333 2321 2311 2302 2292 2282 2274 2266 2260 2256
2212 2219 2228 2237 2249 2265 2275 2283 2288 2297 2309 2319 2330 2342 2353 2362 2375 2387 2397 2404 2409 2442 2454 2473 2498 2525 2541 2565 2598 2618 2616 2634 2675 2691 2703 2718 2735 2749 2765 2798 2824 2819 2812 2804 2792 2780 2783 2789 2794 2804 2811 2812 2819 2820 2825 2819 2805 2792 2727 2680 2636 2590 2549 2503 2464 2420 2411 2398 2392 2378 2364 2356 2348 2338 2327 2317 2308 2298 2290 2280 2271 2264 2261 2260
2211 2220 2230 2237 2252 2262 2275 2276 2279 2288 2301 2312 2326 2338 2349 2357 2368 2382 2395 2404 2410 2413 2438 2454 2467 2505 2524 2533 2567 2566 2605 2606 2618 2654 2676 2696 2708 2718 2743 2761 2789 2808 2809 2807 2799 2797 2800 2800 2803 2809 2809 2812 2809 2811 2813 2807 2794 2715 2684 2639 2598 2565 2534 2492 2437 2409 2391 2389 2380 2369 2360 2352 2343 2334 2325 2313 2301 2293 2286 2278 2271 2267 2264 2265
2211 2219 2224 2233 2243 2254 2264 2271 2276 2280 2294 2303 2319 2332 2341 2354 2365 2374 2388 2403 2411 2421 2418 2442 2457 2479 2502 2518 2536 2547 2548 2564 2584 2627 2650 2669 2678 2692 2723 2747 2773 2795 2806 2808 2803 2801 2805 2797 2802 2810 2812 2798 2792 2795 2778 2761 2714 2681 2646 2611 2573 2552 2518 2463 2421 2399 2374 2373 2368 2364 2355 2346 2338 2329 2318 2305 2296 2288 2282 2278 2276 2274 2272 2273
2209 2212 2222 2235 2243 2253 2262 2272 2276 2283 2293 2302 2310 2320 2332 2347 2359 2369 2378 2391 2403 2411 2416 2445 2492 2472 2494 2509 2523 2532 2541 2548 2565 2594 2639 2654 2669 2681 2700 2723 2752 2771 2781 2794 2800 2797 2804 2802 2800 2801 2795 2785 2776 2770 2740 2714 2689 2649 2611 2583 2558 2539 2494 2428 2398 2387 2377 2367 2361 2354 2346 2338 2329 2321 2313 2304 2294 2286 2284 2285 2284 2282 2283 2284
2212 2215 2221 2234 2248 2256 2263 2269 2278 2288 2295 2298 2302 2309 2317 2332 2348 2361 2369 2379 2395 2406 2416 2435 2459 2484 2488 2497 2505 2522 2534 2542 2553 2588 2635 2655 2652 2671 2693 2717 2723 2751 2760 2774 2777 2788 2802 2797 2798 2797 2789 2783 2768 2742 2719 2696 2661 2626 2590 2569 2551 2526 2479 2419 2395 2397 2383 2370 2359 2350 2340 2332 2324 2317 2310 2301 2293 2290 2289 2290 2293 2292 2290 2291
2217 2220 2224 2239 2249 2254 2259 2263 2272 2287 2295 2291 2293 2305 2313 2331 2347 2356 2361 2375 2391 2412 2427 2435 2449 2466 2481 2489 2493 2500 2514 2529 2544 2568 2621 2633 2644 2655 2682 2688 2720 2733 2745 2747 2759 2767 2780 2782 2780 2781 2776 2776 2751 2720 2694 2654 2628 2604 2582 2563 2544 2514 2473 2416 2396 2390 2381 2371 2361 2350 2338 2329 2322 2314 2308 2301 2296 2293 2291 2293 2294 2295 2296 2297
2218 2226 2236 2247 2253 2252 2255 2259 2266 2278 2285 2292 2304 2315 2328 2343 2352 2360 2367 2382 2399 2416 2424 2433 2445 2457 2466 2474 2484 2491 2505 2518 2528 2538 2573 2624 2644 2651 2659 2679 2696 2711 2717 2746 2759 2754 2760 2767 2770 2769 2765 2758 2734 2696 2651 2623 2611 2590 2576 2548 2519 2502 2467 2421 2391 2379 2373 2367 2357 2345 2335 2329 2322 2314 2308 2302 2298 2295 2295 2296 2297 2298 2300 2303
2227 2239 2244 2256 2253 2251 2252 2254 2264 2273 2284 2297 2313 2325 2331 2340 2352 2361 2371 2386 2399 2410 2421 2431 2441 2449 2464 2477 2484 2495 2500 2510 2519 2505 2498 2577 2632 2632 2649 2661 2671 2682 2703 2724 2727 2755 2733 2741 2751 2752 2746 2732 2704 2665 2640 2614 2596 2581 2560 2532 2515 2484 2448 2398 2391 2381 2375 2367 2356 2347 2340 2334 2326 2316 2309 2304 2299 2295 2295 2298 2300 2301 2303 2306
2230 2249 2245 2249 2249 2249 2249 2257 2274 2287 2293 2300 2312 2318 2325 2335 2347 2362 2372 2382 2393 2404 2416 2425 2431 2439 2453 2477 2493 2494 2496 2496 2507 2522 2526 2555 2600 2617 2636 2658 2670 2683 2700 2703 2706 2710 2704 2705 2709 2720 2716 2699 2681 2658 2632 2609 2596 2582 2556 2531 2501 2470 2434 2403 2394 2384 2372 2365 2360 2352 2344 2337 2327 2318 2312 2306 2300 2297 2298 2301 2304 2306 2310 2314
2238 2259 2260 2260 2262 2249 2246 2263 2287 2295 2296 2302 2309 2313 2320 2336 2351 2359 2367 2378 2390 2400 2412 2416 2420 2430 2443 2453 2473 2482 2477 2495 2511 2521 2531 2549 2582 2610 2634 2649 2662 2677 2684 2687 2690 2691 2697 2685 2690 2705 2707 2697 2676 2652 2634 2616 2600 2579 2548 2518 2483 2450 2414 2406 2395 2388 2380 2369 2359 2352 2343 2333 2326 2317 2310 2304 2301 2300 2303 2306 2311 2315 2319 2323
2255 2273 2277 2280 2275 2268 2259 2265 2293 2299 2305 2309 2313 2316 2322 2332 2340 2350 2362 2375 2388 2400 2404 2406 2412 2425 2445 2455 2454 2458 2466 2485 2507 2514 2522 2537 2561 2587 2605 2616 2629 2645 2666 2669 2667 2671 2668 2681 2690 2702 2703 2694 2676 2655 2640 2618 2597 2576 2548 2514 2467 2436 2424 2413 2400 2383 2372 2365 2357 2348 2338 2331 2324 2318 2312 2309 2308 2309 2312 2319 2323 2327 2330 2331
2266 2284 2288 2289 2287 2285 2291 2301 2307 2314 2311 2311 2316 2319 2320 2321 2329 2343 2357 2370 2382 2393 2404 2408 2419 2437 2448 2459 2458 2461 2472 2491 2505 2512 2523 2536 2554 2574 2586 2594 2605 2626 2643 2649 2647 2646 2650 2679 2689 2692 2697 2687 2681 2657 2641 2622 2595 2568 2544 2483 2464 2433 2428 2415 2395 2378 2369 2361 2356 2351 2342 2334 2328 2322 2317 2315 2316 2318 2322 2326 2331 2334 2336 2340
2275 2289 2295 2298 2297 2302 2308 2313 2317 2312 2311 2315 2320 2324 2322 2323 2328 2341 2356 2371 2381 2392 2402 2412 2426 2438 2448 2458 2461 2470 2483 2492 2499 2515 2532 2540 2555 2570 2580 2586 2598 2615 2629 2632 2632 2634 2641 2654 2676 2684 2684 2679 2668 2653 2634 2617 2577 2556 2523 2490 2452 2445 2436 2418 2403 2391 2377 2366 2357 2351 2344 2337 2330 2324 2323 2322 2323 2324 2326 2330 2335 2339 2344 2346
2273 2292 2302 2307 2310 2312 2312 2311 2313 2316 2321 2326 2330 2335 2335 2335 2337 2348 2362 2373 2384 2393 2401 2411 2421 2431 2442 2453 2460 2472 2490 2492 2490 2500 2526 2547 2558 2568 2576 2582 2593 2606 2613 2617 2622 2625 2627 2638 2659 2662 2663 2665 2658 2649 2626 2599 2564 2526 2503 2490 2459 2452 2440 2427 2414 2406 2395 2374 2356 2352 2347 2340 2333 2329 2326 2326 2326 2328 2332 2337 2341 2347 2349 2350
2265 2279 2306 2311 2318 2318 2318 2319 2322 2329 2333 2331 2334 2342 2346 2347 2347 2354 2363 2375 2384 2392 2400 2410 2418 2427 2433 2440 2461 2483 2489 2490 2492 2501 2514 2537 2553 2561 2566 2573 2584 2593 2595 2600 2608 2613 2613 2619 2631 2642 2646 2657 2658 2654 2624 2597 2549 2523 2510 2494 2475 2461 2447 2433 2422 2409 2394 2381 2369 2360 2353 2346 2340 2333 2328 2329 2332 2335 2339 2343 2346 2350 2352 2352
2272 2290 2313 2320 2324 2327 2328 2331 2336 2343 2348 2342 2340 2348 2349 2349 2349 2351 2358 2369 2379 2387 2397 2406 2413 2418 2423 2428 2450 2483 2487 2487 2492 2498 2510 2528 2538 2547 2558 2562 2569 2578 2583 2584 2589 2596 2608 2614 2620 2637 2651 2649 2658 2649 2631 2590 2558 2531 2511 2495 2464 2457 2447 2435 2422 2408 2391 2376 2371 2367 2360 2354 2345 2338 2337 2339 2342 2344 2347 2349 2352 2354 2356 2356
2285 2297 2314 2322 2330 2337 2342 2344 2347 2346 2348 2350 2348 2347 2345 2345 2347 2351 2359 2370 2378 2384 2393 2401 2406 2412 2419 2425 2448 2472 2478 2484 2490 2504 2514 2523 2531 2539 2551 2559 2566 2571 2577 2579 2587 2599 2608 2616 2626 2637 2647 2648 2649 2641 2621 2588 2558 2532 2513 2493 2464 2454 2444 2431 2418 2404 2392 2385 2376 2369 2364 2357 2351 2345 2343 2345 2348 2352 2356 2357 2360 2363 2363 2364
2287 2297 2313 2326 2335 2350 2356 2356 2355 2353 2351 2354 2358 2358 2355 2355 2356 2357 2366 2373 2379 2383 2388 2395 2401 2406 2416 2426 2438 2457 2476 2489 2502 2515 2524 2528 2536 2547 2551 2554 2562 2570 2573 2576 2581 2588 2603 2616 2624 2632 2643 2650 2640 2629 2611 2589 2563 2533 2508 2490 2489 2464 2449 2435 2417 2405 2398 2390 2380 2374 2369 2363 2359 2355 2352 2355 2359 2362 2365 2368 2371 2372 2371 2371
2289 2298 2308 2321 2340 2354 2360 2363 2366 2365 2364 2369 2373 2374 2375 2374 2371 2371 2373 2377 2380 2382 2385 2392 2396 2402 2411 2423 2434 2453 2476 2493 2504 2516 2526 2533 2545 2552 2556 2560 2566 2573 2577 2579 2586 2598 2612 2624 2629 2633 2637 2639 2641 2634 2612 2585 2556 2532 2517 2502 2489 2473 2457 2442 2428 2414 2402 2391 2384 2378 2373 2370 2367 2364 2364 2366 2369 2371 2375 2379 2382 2382 2380 2379
