terrain/dems/dolomites/lagazuoi.asc
ncols        173
nrows        129
xllcorner    11.983750000000
yllcorner    46.516250000000
cellsize     30
[rows 38 to 75 of 129, columns 84 to 167 of 173]
2387 2389 2390 2391 2391 2391 2391 2392 2395 2400 2405 2405 2403 2403 2402 2400 2400 2406 2411 2411 2410 2410 2412 2417 2423 2426 2428 2430 2431 2434 2437 2439 2441 2441 2440 2437 2434 2430 2426 2423 2418 2410 2401 2397 2396 2398 2403 2409 2415 2417 2421 2427 2435 2456 2469 2459 2439 2417 2411 2406 2402 2394 2380 2363 2349 2337 2275 2202 2176 2164 2142 2123 2108 2094 2084 2074 2066 2057 2050 2046 2045 2043 2038 2029
2395 2397 2396 2395 2395 2396 2397 2399 2403 2408 2411 2411 2411 2411 2408 2408 2412 2416 2418 2417 2415 2414 2415 2419 2421 2423 2425 2430 2434 2436 2438 2438 2439 2438 2436 2434 2431 2428 2424 2421 2416 2411 2407 2406 2410 2413 2417 2423 2427 2431 2433 2449 2482 2505 2517 2492 2447 2427 2419 2413 2407 2391 2374 2357 2339 2324 2301 2225 2188 2156 2132 2119 2106 2093 2082 2071 2063 2056 2050 2047 2045 2043 2036 2026
2405 2406 2406 2402 2401 2403 2403 2405 2408 2413 2417 2421 2421 2418 2418 2417 2417 2420 2421 2419 2417 2417 2417 2419 2420 2422 2426 2430 2433 2434 2434 2435 2435 2434 2432 2430 2428 2426 2423 2419 2415 2413 2413 2418 2421 2425 2428 2433 2441 2446 2478 2523 2535 2536 2536 2534 2482 2435 2427 2417 2407 2391 2370 2350 2330 2298 2251 2211 2175 2154 2139 2124 2109 2095 2080 2072 2066 2061 2055 2052 2049 2043 2036 2027
2411 2410 2409 2407 2406 2407 2409 2411 2415 2420 2426 2428 2429 2429 2428 2428 2427 2427 2426 2423 2420 2417 2417 2418 2420 2423 2427 2431 2432 2431 2431 2432 2433 2433 2431 2429 2427 2425 2420 2418 2417 2418 2422 2427 2433 2438 2445 2453 2461 2486 2523 2545 2549 2551 2535 2482 2446 2439 2431 2421 2407 2390 2367 2343 2318 2291 2250 2205 2180 2158 2138 2123 2109 2096 2086 2077 2072 2066 2060 2055 2050 2043 2038 2031
2413 2413 2413 2412 2413 2415 2415 2417 2423 2428 2433 2436 2437 2436 2435 2433 2433 2431 2428 2424 2419 2417 2418 2419 2421 2425 2428 2431 2432 2432 2432 2432 2433 2432 2431 2429 2427 2424 2421 2419 2420 2424 2429 2435 2443 2452 2460 2473 2496 2518 2537 2550 2555 2542 2505 2469 2452 2441 2432 2422 2408 2382 2361 2340 2313 2282 2246 2212 2187 2169 2149 2129 2114 2104 2093 2084 2076 2071 2064 2056 2050 2045 2039 2034
2419 2418 2418 2419 2420 2421 2422 2425 2429 2433 2435 2436 2438 2437 2436 2434 2431 2428 2424 2420 2419 2419 2422 2424 2425 2426 2428 2430 2431 2432 2432 2433 2433 2433 2431 2429 2427 2424 2423 2422 2424 2430 2437 2447 2459 2468 2480 2501 2521 2536 2547 2554 2559 2558 2520 2474 2455 2442 2431 2418 2398 2376 2350 2323 2297 2270 2237 2213 2195 2174 2151 2132 2119 2109 2098 2087 2078 2071 2064 2056 2050 2045 2042 2036
2420 2422 2423 2423 2425 2424 2424 2426 2430 2431 2432 2433 2433 2433 2433 2431 2430 2427 2426 2424 2423 2425 2427 2427 2428 2427 2426 2427 2429 2430 2431 2431 2432 2432 2431 2429 2427 2426 2425 2427 2432 2439 2449 2459 2469 2480 2491 2507 2527 2539 2548 2554 2546 2518 2494 2481 2465 2444 2423 2404 2386 2362 2336 2310 2285 2264 2237 2215 2203 2185 2161 2139 2119 2105 2097 2087 2080 2071 2062 2054 2048 2044 2040 2036
2426 2427 2428 2430 2430 2429 2428 2427 2429 2431 2432 2432 2431 2431 2431 2431 2431 2431 2430 2429 2429 2430 2431 2431 2430 2428 2426 2426 2426 2428 2428 2429 2429 2428 2429 2428 2429 2431 2434 2437 2442 2448 2455 2465 2482 2496 2507 2519 2532 2542 2550 2552 2547 2531 2508 2485 2465 2444 2422 2404 2386 2359 2330 2299 2272 2253 2234 2215 2199 2182 2156 2128 2111 2105 2097 2088 2077 2068 2063 2057 2049 2044 2040 2035
2432 2434 2435 2435 2435 2433 2431 2429 2429 2431 2432 2432 2431 2429 2431 2432 2432 2432 2432 2431 2432 2433 2433 2433 2432 2430 2428 2427 2427 2426 2427 2429 2429 2430 2432 2434 2436 2439 2443 2447 2451 2456 2465 2479 2491 2501 2512 2522 2536 2549 2552 2551 2542 2528 2508 2484 2454 2430 2412 2395 2376 2350 2318 2295 2275 2255 2237 2224 2210 2176 2145 2126 2111 2104 2097 2087 2077 2069 2063 2057 2051 2046 2039 2031
2434 2438 2441 2439 2437 2436 2433 2429 2427 2430 2432 2431 2429 2429 2430 2432 2433 2433 2434 2434 2435 2435 2435 2434 2432 2429 2428 2428 2428 2428 2430 2432 2434 2436 2441 2442 2443 2444 2449 2453 2457 2465 2475 2483 2492 2499 2506 2527 2546 2552 2555 2551 2539 2519 2490 2460 2436 2416 2395 2375 2356 2333 2314 2297 2280 2262 2241 2223 2204 2179 2151 2129 2118 2108 2099 2091 2081 2071 2063 2057 2051 2044 2036 2029
2440 2442 2444 2443 2441 2439 2436 2434 2432 2432 2432 2432 2431 2431 2433 2434 2435 2437 2438 2439 2440 2440 2440 2436 2432 2429 2428 2428 2429 2432 2436 2440 2445 2447 2448 2448 2449 2450 2454 2459 2466 2472 2477 2485 2494 2508 2527 2542 2550 2555 2554 2546 2531 2505 2476 2444 2418 2398 2381 2367 2343 2316 2300 2289 2274 2254 2236 2223 2205 2180 2153 2130 2118 2107 2100 2093 2081 2070 2063 2055 2050 2046 2038 2030
2446 2445 2444 2442 2440 2438 2438 2436 2436 2435 2434 2434 2436 2439 2441 2442 2440 2440 2442 2443 2443 2442 2441 2438 2434 2432 2432 2433 2435 2440 2445 2450 2453 2456 2458 2458 2459 2459 2460 2463 2468 2474 2482 2494 2507 2521 2535 2545 2552 2555 2547 2533 2512 2488 2458 2428 2406 2391 2374 2349 2320 2301 2289 2273 2256 2242 2228 2211 2192 2163 2139 2128 2118 2107 2097 2088 2079 2070 2063 2056 2050 2046 2039 2032
2451 2450 2449 2447 2443 2441 2442 2443 2442 2440 2439 2441 2442 2444 2446 2445 2444 2444 2445 2446 2444 2443 2441 2439 2440 2442 2443 2445 2446 2448 2453 2457 2461 2463 2465 2466 2464 2464 2464 2467 2473 2484 2498 2510 2522 2532 2541 2548 2550 2543 2527 2506 2488 2470 2439 2408 2387 2370 2350 2325 2308 2294 2280 2268 2254 2236 2214 2194 2176 2160 2146 2131 2116 2105 2095 2086 2077 2068 2061 2055 2049 2042 2037 2032
2459 2457 2456 2453 2451 2448 2447 2445 2445 2443 2442 2445 2448 2448 2447 2446 2446 2446 2446 2447 2446 2443 2442 2443 2444 2445 2447 2450 2452 2455 2458 2463 2466 2470 2471 2472 2471 2470 2472 2476 2485 2496 2504 2513 2524 2535 2542 2548 2547 2533 2510 2489 2471 2445 2419 2396 2373 2351 2332 2316 2301 2285 2270 2257 2242 2224 2203 2184 2170 2158 2145 2132 2119 2105 2093 2085 2077 2068 2060 2053 2045 2039 2035 2031
2464 2463 2461 2457 2454 2451 2448 2446 2444 2444 2446 2448 2451 2451 2450 2449 2448 2448 2447 2446 2445 2443 2443 2445 2447 2450 2452 2457 2461 2463 2465 2467 2471 2473 2475 2476 2477 2478 2480 2485 2492 2499 2506 2514 2522 2532 2541 2547 2538 2519 2494 2475 2462 2437 2408 2387 2368 2350 2332 2312 2292 2279 2266 2250 2232 2210 2192 2178 2164 2151 2138 2126 2113 2102 2093 2086 2078 2069 2059 2049 2042 2036 2032 2030
2467 2467 2465 2462 2460 2457 2453 2450 2450 2450 2451 2454 2454 2454 2453 2453 2452 2451 2450 2450 2449 2449 2450 2452 2453 2456 2461 2465 2467 2469 2472 2475 2476 2476 2477 2479 2482 2484 2486 2490 2495 2502 2509 2515 2522 2529 2536 2536 2527 2505 2482 2463 2442 2419 2401 2381 2361 2342 2328 2312 2293 2275 2257 2238 2219 2198 2179 2170 2161 2149 2137 2124 2111 2102 2095 2086 2077 2066 2054 2047 2041 2037 2033 2029
2470 2469 2467 2465 2463 2463 2461 2459 2458 2458 2458 2457 2455 2455 2455 2455 2454 2454 2454 2455 2455 2457 2458 2460 2463 2466 2470 2473 2472 2470 2474 2480 2482 2482 2483 2485 2487 2490 2492 2494 2500 2507 2513 2519 2524 2529 2533 2531 2520 2502 2478 2453 2429 2414 2397 2377 2361 2350 2335 2312 2290 2272 2258 2242 2215 2188 2176 2169 2157 2145 2135 2122 2109 2100 2092 2083 2073 2063 2055 2049 2045 2040 2035 2030
2474 2473 2472 2469 2469 2467 2465 2463 2461 2459 2458 2458 2459 2460 2462 2462 2461 2460 2459 2459 2461 2464 2468 2469 2471 2474 2478 2478 2478 2478 2481 2487 2490 2489 2488 2489 2493 2497 2499 2502 2507 2514 2521 2525 2528 2532 2534 2529 2508 2488 2467 2445 2429 2411 2394 2376 2358 2339 2321 2305 2286 2269 2251 2222 2200 2185 2171 2157 2147 2139 2129 2117 2107 2098 2090 2081 2072 2063 2057 2052 2047 2043 2037 2032
2478 2477 2477 2477 2475 2472 2467 2463 2461 2461 2462 2463 2464 2465 2466 2467 2468 2466 2464 2466 2471 2474 2476 2477 2478 2481 2484 2485 2485 2487 2491 2495 2499 2497 2494 2495 2497 2501 2507 2511 2515 2522 2528 2532 2535 2538 2537 2529 2512 2485 2461 2442 2420 2403 2390 2372 2345 2324 2314 2300 2278 2255 2229 2207 2190 2174 2160 2148 2139 2132 2125 2114 2102 2095 2088 2082 2073 2065 2059 2054 2050 2045 2039 2032
2483 2483 2485 2488 2484 2477 2472 2468 2468 2467 2467 2468 2468 2468 2469 2470 2470 2469 2472 2476 2480 2484 2485 2484 2486 2489 2491 2492 2494 2495 2497 2501 2500 2500 2499 2499 2503 2507 2511 2516 2524 2531 2536 2541 2544 2547 2546 2536 2518 2481 2451 2428 2407 2393 2377 2355 2336 2320 2303 2283 2262 2241 2220 2200 2182 2167 2154 2142 2132 2124 2116 2107 2100 2094 2088 2083 2077 2070 2062 2059 2056 2051 2044 2035
2490 2490 2491 2489 2486 2482 2479 2477 2473 2471 2470 2469 2471 2472 2473 2474 2476 2481 2486 2490 2492 2492 2493 2493 2494 2495 2497 2498 2499 2499 2501 2501 2500 2498 2499 2502 2506 2510 2518 2526 2538 2548 2552 2555 2555 2554 2553 2541 2508 2476 2443 2412 2394 2382 2366 2341 2317 2304 2291 2267 2244 2230 2211 2191 2176 2166 2154 2139 2127 2120 2113 2107 2102 2097 2093 2088 2082 2076 2070 2066 2063 2057 2049 2043
2494 2492 2491 2488 2485 2483 2484 2482 2479 2477 2477 2478 2480 2482 2483 2483 2488 2494 2499 2502 2502 2502 2501 2500 2500 2501 2504 2504 2505 2506 2507 2507 2505 2506 2508 2513 2517 2523 2531 2547 2559 2567 2572 2569 2565 2565 2557 2537 2510 2477 2435 2396 2388 2379 2355 2329 2309 2289 2268 2250 2236 2219 2201 2188 2178 2169 2154 2137 2127 2120 2114 2109 2106 2102 2099 2096 2090 2081 2075 2071 2066 2059 2050 2045
2497 2495 2493 2490 2488 2487 2487 2486 2482 2480 2480 2484 2488 2491 2496 2500 2501 2504 2507 2509 2510 2511 2510 2508 2506 2507 2507 2508 2510 2512 2515 2515 2517 2521 2527 2534 2544 2551 2560 2572 2583 2587 2587 2582 2576 2565 2551 2533 2513 2483 2450 2419 2396 2386 2361 2322 2292 2272 2259 2246 2228 2210 2198 2188 2177 2165 2153 2141 2129 2120 2116 2112 2108 2105 2102 2097 2091 2084 2078 2073 2068 2062 2055 2053
2495 2495 2494 2494 2494 2495 2496 2495 2492 2491 2492 2495 2498 2502 2506 2507 2509 2512 2514 2517 2519 2519 2518 2517 2516 2516 2516 2516 2519 2525 2527 2527 2529 2532 2539 2550 2560 2567 2575 2583 2590 2596 2595 2591 2581 2569 2554 2537 2514 2485 2446 2420 2404 2385 2358 2319 2282 2268 2256 2239 2221 2207 2193 2181 2171 2161 2149 2138 2129 2122 2116 2111 2108 2104 2100 2096 2091 2086 2081 2077 2071 2068 2066 2066
2495 2494 2493 2494 2496 2497 2498 2500 2501 2503 2505 2507 2509 2512 2514 2515 2515 2516 2518 2521 2523 2526 2526 2526 2525 2527 2527 2530 2534 2533 2535 2536 2539 2543 2551 2569 2579 2585 2593 2601 2604 2600 2594 2584 2574 2562 2543 2522 2497 2472 2449 2425 2406 2388 2352 2311 2282 2263 2250 2237 2222 2207 2192 2180 2169 2159 2151 2142 2134 2126 2118 2112 2107 2103 2099 2095 2092 2087 2082 2080 2080 2077 2074 2072
2502 2500 2498 2496 2497 2502 2505 2507 2510 2511 2511 2513 2517 2519 2520 2520 2519 2519 2521 2525 2528 2532 2534 2535 2534 2536 2541 2544 2546 2545 2541 2542 2549 2566 2591 2607 2613 2618 2622 2611 2603 2591 2580 2566 2550 2536 2523 2507 2489 2471 2451 2431 2408 2385 2355 2313 2283 2264 2250 2235 2221 2207 2193 2179 2169 2160 2153 2146 2139 2131 2124 2116 2110 2106 2103 2100 2095 2092 2089 2088 2088 2088 2083 2076
2510 2508 2506 2505 2506 2508 2512 2517 2518 2515 2514 2517 2520 2522 2526 2530 2534 2534 2532 2533 2535 2538 2542 2543 2545 2546 2549 2554 2558 2558 2562 2564 2578 2598 2619 2636 2646 2650 2650 2631 2597 2580 2565 2553 2539 2522 2504 2489 2474 2458 2441 2419 2395 2361 2324 2299 2281 2265 2251 2238 2224 2207 2192 2180 2169 2160 2153 2146 2139 2134 2128 2123 2118 2115 2113 2108 2104 2100 2098 2097 2097 2094 2089 2084
2519 2517 2516 2516 2515 2517 2522 2524 2524 2521 2519 2522 2525 2529 2534 2539 2543 2542 2541 2541 2541 2542 2546 2548 2550 2552 2554 2557 2562 2569 2579 2594 2609 2623 2637 2652 2662 2667 2656 2619 2582 2566 2552 2535 2523 2508 2490 2468 2451 2437 2419 2400 2383 2357 2325 2298 2279 2262 2244 2234 2224 2208 2192 2181 2171 2161 2152 2146 2140 2138 2134 2130 2126 2123 2120 2115 2109 2104 2104 2103 2099 2096 2093 2089
2530 2528 2525 2524 2527 2531 2533 2536 2534 2532 2532 2533 2537 2541 2543 2545 2545 2545 2545 2546 2549 2551 2552 2553 2556 2559 2561 2567 2571 2579 2594 2608 2620 2630 2644 2667 2679 2678 2675 2603 2548 2534 2519 2506 2497 2489 2472 2452 2434 2422 2407 2392 2373 2351 2327 2302 2275 2250 2240 2234 2224 2210 2198 2186 2174 2164 2156 2151 2148 2145 2141 2135 2130 2128 2126 2119 2113 2111 2108 2104 2099 2096 2097 2095
2538 2537 2537 2536 2536 2539 2543 2542 2543 2544 2546 2548 2547 2547 2549 2551 2552 2550 2549 2550 2554 2558 2561 2564 2566 2568 2573 2575 2577 2588 2605 2624 2649 2669 2685 2695 2696 2693 2685 2634 2544 2500 2488 2477 2466 2459 2449 2437 2422 2410 2397 2377 2354 2338 2319 2294 2272 2260 2248 2236 2226 2215 2202 2193 2183 2174 2167 2161 2158 2156 2152 2146 2140 2133 2127 2122 2118 2115 2111 2105 2101 2101 2100 2099
2547 2546 2545 2545 2547 2550 2552 2552 2552 2554 2557 2556 2555 2554 2554 2558 2561 2560 2559 2560 2562 2566 2569 2570 2574 2578 2584 2585 2593 2609 2630 2652 2670 2689 2696 2699 2661 2649 2586 2485 2477 2472 2461 2450 2444 2440 2429 2417 2408 2397 2383 2362 2334 2313 2292 2278 2272 2262 2251 2241 2231 2221 2208 2197 2192 2187 2180 2173 2167 2160 2157 2152 2143 2134 2128 2123 2120 2118 2116 2115 2112 2114 2114 2110
2556 2556 2556 2556 2557 2558 2558 2558 2557 2558 2560 2563 2560 2559 2561 2563 2565 2568 2570 2573 2574 2575 2575 2575 2583 2589 2599 2607 2620 2642 2664 2675 2687 2695 2694 2664 2629 2588 2543 2498 2466 2457 2448 2440 2431 2420 2410 2401 2395 2387 2371 2349 2328 2303 2283 2269 2262 2252 2246 2239 2236 2229 2221 2212 2205 2199 2190 2181 2173 2164 2156 2150 2145 2140 2132 2128 2125 2124 2125 2124 2123 2123 2122 2118
2559 2559 2558 2558 2561 2563 2561 2562 2564 2565 2567 2570 2572 2573 2573 2574 2576 2577 2578 2579 2580 2581 2583 2585 2590 2597 2611 2628 2650 2666 2675 2685 2696 2700 2694 2652 2604 2561 2523 2490 2453 2441 2431 2423 2413 2397 2385 2380 2377 2365 2349 2329 2307 2288 2271 2262 2253 2246 2241 2238 2235 2233 2229 2222 2215 2205 2195 2186 2177 2168 2158 2151 2147 2145 2145 2141 2140 2140 2138 2136 2133 2130 2123 2120
2560 2560 2560 2562 2565 2569 2573 2574 2576 2578 2579 2582 2584 2585 2584 2581 2580 2581 2582 2584 2588 2591 2594 2598 2604 2613 2628 2647 2661 2673 2685 2697 2700 2700 2669 2625 2574 2526 2474 2436 2429 2422 2418 2409 2394 2379 2365 2352 2341 2326 2314 2303 2288 2273 2259 2251 2246 2240 2235 2233 2232 2230 2227 2224 2219 2212 2201 2189 2180 2171 2162 2156 2153 2156 2157 2158 2157 2157 2153 2148 2145 2140 2134 2133
2566 2567 2568 2568 2571 2575 2579 2584 2588 2589 2589 2589 2590 2592 2593 2592 2590 2591 2593 2597 2603 2607 2609 2612 2619 2633 2649 2666 2680 2690 2696 2696 2681 2641 2594 2542 2497 2464 2440 2425 2413 2405 2393 2381 2368 2352 2342 2330 2315 2302 2293 2284 2272 2258 2250 2244 2238 2233 2230 2227 2226 2225 2223 2221 2219 2214 2205 2193 2180 2172 2167 2163 2161 2161 2163 2165 2166 2167 2166 2164 2162 2158 2152 2151
2573 2576 2576 2575 2577 2580 2586 2591 2594 2597 2595 2593 2595 2597 2600 2602 2605 2607 2609 2613 2618 2621 2625 2640 2661 2676 2691 2703 2710 2703 2697 2693 2674 2598 2530 2496 2461 2439 2420 2409 2398 2384 2370 2352 2337 2328 2317 2303 2291 2284 2276 2268 2259 2251 2244 2240 2235 2228 2223 2223 2224 2223 2221 2218 2214 2211 2206 2196 2184 2174 2168 2165 2165 2165 2168 2170 2169 2169 2169 2170 2174 2173 2172 2172
2581 2585 2588 2589 2591 2594 2596 2600 2602 2605 2609 2610 2610 2612 2614 2616 2619 2622 2631 2640 2646 2655 2673 2689 2698 2708 2720 2727 2713 2699 2690 2664 2588 2529 2500 2472 2451 2428 2411 2399 2389 2375 2354 2334 2322 2312 2304 2294 2281 2272 2264 2257 2249 2243 2239 2236 2231 2226 2222 2222 2223 2222 2221 2216 2211 2206 2201 2191 2180 2170 2163 2160 2161 2164 2167 2168 2167 2166 2165 2167 2175 2182 2187 2193
2593 2594 2595 2598 2602 2607 2612 2616 2619 2622 2624 2627 2629 2625 2625 2629 2639 2654 2669 2682 2693 2701 2706 2710 2718 2725 2732 2731 2713 2694 2674 2619 2555 2518 2496 2472 2440 2410 2397 2389 2375 2358 2342 2324 2312 2301 2292 2282 2271 2262 2254 2247 2242 2237 2234 2230 2225 2223 2222 2222 2223 2222 2219 2215 2209 2203 2197 2187 2175 2164 2158 2156 2156 2156 2159 2162 2161 2160 2161 2167 2174 2184 2191 2194
