terrain/dems/dolomites/lagazuoi.asc
ncols        173
nrows        129
xllcorner    11.983750000000
yllcorner    46.516250000000
cellsize     30
[rows 0 to 37 of 129, columns 84 to 167 of 173]
2282 2264 2256 2248 2236 2227 2218 2207 2197 2189 2183 2180 2183 2185 2186 2186 2184 2172 2147 2124 2101 2086 2072 2062 2051 2041 2031 2024 2020 2016 2011 2006 2001 1998 1995 1992 1992 1991 1994 2000 2007 2018 2031 2046 2058 2067 2073 2079 2086 2094 2100 2105 2110 2117 2126 2133 2140 2146 2152 2154 2155 2152 2145 2137 2114 2071 2052 2054 2061 2067 2071 2076 2082 2089 2096 2102 2114 2128 2135 2141 2149 2162 2171 2165
2270 2258 2248 2236 2226 2218 2210 2202 2194 2186 2180 2178 2182 2186 2187 2186 2172 2162 2132 2099 2082 2069 2057 2046 2037 2031 2027 2021 2015 2009 2004 2001 1999 1997 1995 1993 1991 1993 1995 2003 2013 2028 2044 2055 2066 2075 2081 2088 2095 2103 2110 2116 2123 2131 2138 2146 2151 2155 2160 2163 2165 2164 2160 2145 2124 2096 2069 2066 2072 2073 2077 2081 2088 2098 2104 2107 2114 2123 2131 2138 2147 2157 2162 2164
2267 2253 2242 2233 2224 2217 2209 2200 2192 2185 2179 2179 2181 2184 2181 2170 2150 2119 2096 2084 2071 2059 2048 2037 2030 2026 2022 2018 2013 2007 2003 2001 2000 1998 1997 1996 1999 2001 2006 2014 2025 2039 2052 2062 2072 2080 2090 2097 2104 2112 2119 2128 2137 2143 2149 2156 2162 2166 2170 2172 2173 2174 2170 2162 2144 2112 2088 2081 2078 2080 2083 2090 2099 2107 2114 2116 2116 2125 2135 2145 2153 2161 2166 2162
2270 2255 2241 2230 2223 2215 2206 2199 2193 2188 2184 2182 2183 2181 2174 2158 2132 2108 2091 2079 2068 2059 2048 2035 2027 2023 2020 2017 2014 2011 2007 2003 2002 1999 1998 1999 2002 2006 2014 2023 2033 2047 2058 2068 2076 2084 2092 2103 2114 2122 2132 2141 2147 2153 2160 2168 2174 2179 2182 2182 2182 2181 2177 2172 2152 2119 2097 2090 2086 2087 2092 2098 2104 2112 2118 2121 2126 2136 2150 2158 2165 2167 2167 2161
2271 2257 2243 2231 2220 2209 2202 2199 2198 2195 2191 2188 2183 2179 2168 2153 2131 2111 2094 2083 2079 2064 2043 2031 2027 2023 2021 2019 2015 2012 2009 2008 2006 2006 2006 2006 2008 2011 2017 2030 2043 2052 2063 2072 2079 2088 2099 2112 2125 2135 2141 2147 2153 2159 2167 2174 2180 2186 2189 2193 2195 2196 2189 2180 2167 2135 2107 2100 2097 2099 2103 2107 2112 2117 2122 2126 2133 2143 2154 2164 2170 2172 2165 2155
2269 2258 2247 2236 2225 2214 2205 2202 2198 2195 2192 2188 2181 2168 2155 2143 2138 2126 2120 2112 2095 2070 2052 2042 2038 2034 2027 2022 2019 2017 2015 2013 2013 2015 2016 2015 2014 2018 2028 2038 2048 2057 2064 2072 2082 2097 2110 2120 2130 2139 2147 2153 2159 2165 2173 2180 2186 2192 2197 2202 2205 2205 2200 2187 2171 2153 2130 2113 2110 2110 2113 2114 2118 2122 2126 2131 2137 2144 2156 2168 2173 2172 2162 2146
2268 2257 2245 2235 2227 2221 2214 2208 2204 2197 2191 2185 2176 2165 2153 2153 2154 2152 2149 2132 2110 2084 2063 2056 2050 2045 2040 2034 2028 2025 2020 2017 2018 2021 2024 2024 2023 2026 2034 2044 2054 2061 2064 2074 2088 2105 2119 2128 2138 2147 2155 2160 2165 2172 2178 2183 2190 2198 2204 2210 2215 2214 2208 2194 2178 2160 2144 2131 2124 2121 2116 2116 2122 2127 2133 2138 2142 2151 2164 2172 2178 2165 2146 2133
2263 2253 2241 2232 2228 2225 2222 2218 2212 2206 2194 2184 2178 2173 2172 2172 2171 2166 2151 2133 2111 2090 2074 2066 2063 2060 2056 2048 2042 2036 2032 2029 2028 2031 2033 2033 2032 2035 2042 2051 2059 2063 2068 2079 2097 2118 2127 2136 2145 2154 2160 2165 2170 2175 2181 2188 2195 2203 2212 2218 2222 2221 2215 2200 2181 2167 2154 2141 2130 2124 2120 2120 2126 2134 2138 2144 2153 2162 2170 2176 2175 2159 2133 2118
2264 2252 2240 2233 2229 2227 2224 2222 2219 2211 2200 2192 2188 2187 2185 2182 2177 2170 2154 2136 2124 2113 2102 2094 2085 2076 2067 2058 2049 2043 2042 2043 2044 2045 2045 2042 2040 2043 2050 2060 2067 2074 2081 2091 2108 2121 2129 2137 2148 2157 2163 2168 2174 2180 2186 2194 2202 2210 2217 2222 2225 2224 2214 2200 2184 2170 2157 2143 2134 2129 2126 2126 2130 2135 2139 2144 2151 2161 2170 2176 2170 2154 2132 2109
2256 2249 2242 2234 2228 2226 2225 2222 2218 2210 2202 2198 2195 2193 2191 2187 2182 2173 2164 2152 2140 2132 2120 2110 2100 2089 2082 2075 2065 2057 2057 2058 2058 2058 2059 2059 2057 2059 2064 2072 2080 2086 2094 2101 2110 2123 2134 2143 2152 2160 2165 2172 2180 2186 2193 2200 2207 2215 2221 2224 2226 2224 2213 2200 2187 2174 2162 2151 2144 2138 2135 2132 2132 2133 2138 2147 2154 2159 2167 2173 2167 2142 2116 2099
2255 2248 2244 2240 2233 2226 2223 2219 2213 2206 2201 2198 2197 2196 2193 2189 2185 2179 2173 2164 2155 2146 2136 2125 2115 2104 2094 2086 2079 2077 2076 2074 2071 2071 2072 2074 2075 2076 2083 2091 2095 2099 2104 2109 2120 2132 2141 2149 2157 2164 2171 2178 2183 2188 2195 2202 2209 2215 2221 2225 2228 2224 2216 2202 2189 2179 2169 2157 2147 2143 2141 2138 2135 2137 2145 2154 2161 2167 2171 2172 2164 2141 2110 2089
2255 2250 2245 2242 2237 2232 2227 2224 2218 2212 2206 2200 2200 2200 2198 2195 2192 2190 2188 2184 2180 2173 2163 2150 2133 2119 2109 2100 2090 2088 2087 2085 2083 2087 2092 2093 2092 2096 2102 2106 2108 2109 2112 2120 2131 2143 2151 2156 2164 2171 2177 2182 2185 2189 2196 2203 2210 2216 2220 2222 2223 2220 2214 2203 2193 2183 2171 2159 2149 2147 2146 2143 2143 2146 2151 2161 2168 2172 2175 2173 2161 2132 2098 2077
2256 2251 2247 2245 2245 2242 2238 2236 2232 2225 2217 2209 2205 2205 2206 2206 2205 2207 2206 2206 2204 2201 2188 2171 2152 2133 2118 2106 2100 2100 2102 2100 2106 2112 2111 2110 2110 2112 2114 2116 2118 2121 2124 2133 2145 2153 2160 2166 2172 2179 2185 2190 2193 2197 2202 2207 2212 2217 2221 2225 2227 2228 2218 2208 2199 2189 2178 2166 2154 2148 2147 2147 2149 2154 2162 2169 2175 2179 2179 2169 2148 2111 2082 2070
2255 2250 2247 2247 2246 2246 2244 2241 2237 2230 2222 2216 2213 2212 2214 2215 2215 2217 2220 2220 2219 2217 2214 2213 2211 2214 2176 2122 2111 2109 2116 2128 2130 2126 2127 2129 2129 2128 2127 2125 2129 2129 2140 2150 2152 2160 2165 2172 2180 2186 2192 2197 2202 2206 2209 2212 2214 2218 2224 2228 2231 2231 2227 2220 2212 2201 2183 2165 2158 2156 2155 2156 2161 2168 2173 2178 2184 2185 2182 2169 2139 2107 2084 2070
2252 2250 2248 2245 2245 2244 2243 2242 2238 2234 2229 2224 2224 2226 2228 2231 2233 2232 2232 2233 2229 2226 2223 2225 2235 2242 2244 2249 2256 2236 2184 2147 2147 2146 2151 2172 2189 2197 2176 2154 2146 2155 2160 2156 2159 2163 2166 2174 2182 2190 2195 2200 2204 2209 2213 2216 2220 2224 2229 2233 2235 2235 2233 2229 2224 2206 2183 2171 2165 2165 2166 2168 2176 2183 2187 2191 2191 2189 2178 2164 2141 2111 2085 2069
2254 2252 2250 2248 2246 2246 2245 2246 2243 2241 2239 2238 2240 2244 2246 2246 2248 2250 2250 2248 2247 2246 2247 2251 2260 2269 2271 2270 2270 2269 2231 2194 2195 2197 2207 2216 2232 2255 2257 2263 2195 2182 2178 2170 2169 2167 2170 2177 2186 2194 2200 2205 2210 2214 2218 2220 2225 2231 2235 2239 2241 2242 2241 2237 2231 2214 2196 2184 2175 2175 2177 2182 2185 2190 2194 2197 2200 2193 2178 2161 2147 2115 2082 2074
2254 2253 2251 2249 2249 2249 2249 2250 2250 2250 2248 2249 2251 2253 2253 2257 2262 2267 2271 2271 2268 2269 2270 2278 2285 2286 2285 2282 2272 2251 2236 2232 2236 2244 2248 2256 2266 2274 2293 2310 2220 2207 2200 2191 2181 2178 2181 2187 2195 2202 2209 2215 2220 2224 2226 2229 2233 2236 2241 2243 2245 2249 2250 2249 2244 2227 2207 2195 2190 2191 2191 2194 2198 2202 2207 2211 2210 2201 2182 2160 2136 2107 2088 2080
2252 2250 2250 2250 2251 2252 2254 2256 2256 2254 2253 2254 2257 2259 2262 2266 2272 2278 2281 2282 2280 2282 2289 2292 2292 2291 2287 2283 2278 2269 2252 2256 2269 2278 2291 2300 2298 2311 2326 2244 2264 2266 2275 2216 2197 2193 2195 2199 2203 2212 2219 2226 2230 2232 2236 2240 2241 2243 2244 2248 2252 2255 2255 2254 2242 2226 2212 2200 2199 2199 2203 2208 2210 2215 2221 2227 2226 2214 2195 2174 2144 2112 2093 2082
2253 2251 2253 2256 2258 2262 2263 2262 2260 2259 2260 2262 2266 2269 2271 2275 2282 2288 2290 2291 2294 2299 2301 2301 2299 2296 2292 2287 2284 2281 2282 2293 2318 2332 2333 2329 2332 2339 2349 2359 2318 2304 2301 2243 2221 2211 2208 2214 2220 2229 2234 2237 2240 2243 2247 2250 2252 2252 2253 2255 2259 2262 2261 2259 2251 2236 2220 2209 2206 2207 2210 2215 2222 2228 2236 2244 2244 2231 2207 2179 2155 2129 2100 2077
2259 2260 2263 2266 2268 2269 2270 2269 2267 2267 2268 2269 2271 2273 2277 2285 2291 2295 2297 2298 2300 2305 2309 2308 2307 2305 2303 2298 2297 2296 2303 2320 2331 2339 2349 2355 2362 2370 2378 2385 2339 2320 2299 2255 2238 2228 2228 2232 2239 2241 2243 2245 2247 2252 2258 2260 2262 2263 2265 2267 2269 2271 2272 2269 2263 2246 2227 2215 2208 2210 2217 2226 2236 2244 2251 2256 2252 2239 2217 2183 2159 2129 2094 2077
2267 2271 2273 2274 2275 2275 2274 2274 2272 2271 2271 2272 2275 2279 2284 2290 2296 2299 2299 2300 2303 2308 2312 2316 2318 2320 2322 2325 2329 2333 2336 2341 2347 2356 2365 2369 2373 2382 2391 2384 2361 2332 2305 2263 2249 2243 2245 2252 2251 2252 2251 2251 2255 2259 2264 2269 2270 2272 2274 2276 2278 2280 2281 2278 2273 2259 2240 2225 2220 2225 2229 2236 2245 2254 2261 2264 2258 2231 2200 2179 2163 2143 2108 2078
2276 2280 2283 2284 2283 2284 2283 2280 2276 2274 2274 2279 2285 2291 2295 2298 2301 2303 2303 2305 2308 2312 2318 2322 2328 2334 2338 2343 2350 2353 2354 2357 2360 2368 2374 2378 2382 2387 2388 2386 2377 2349 2318 2280 2258 2255 2261 2267 2267 2265 2264 2263 2264 2267 2272 2277 2279 2280 2282 2284 2286 2287 2286 2285 2281 2273 2257 2246 2241 2235 2238 2242 2251 2260 2267 2268 2244 2220 2198 2178 2160 2140 2112 2088
2286 2289 2290 2292 2291 2290 2288 2285 2283 2282 2283 2288 2293 2297 2299 2303 2306 2307 2309 2309 2311 2315 2319 2327 2335 2341 2347 2353 2358 2361 2360 2359 2363 2369 2376 2383 2388 2390 2389 2384 2379 2367 2332 2295 2272 2270 2277 2282 2283 2280 2277 2274 2272 2276 2279 2281 2282 2284 2286 2288 2291 2291 2294 2299 2296 2289 2280 2266 2252 2248 2247 2254 2261 2265 2259 2239 2218 2201 2183 2166 2151 2129 2104 2085
2294 2295 2296 2298 2296 2291 2289 2288 2287 2287 2289 2293 2295 2297 2301 2304 2309 2311 2312 2313 2315 2318 2324 2332 2339 2346 2353 2362 2368 2368 2367 2365 2366 2368 2373 2380 2385 2389 2387 2383 2376 2367 2337 2303 2292 2287 2285 2290 2289 2287 2282 2279 2279 2279 2283 2286 2287 2288 2289 2293 2297 2303 2310 2305 2299 2286 2272 2259 2249 2249 2255 2258 2259 2246 2229 2218 2208 2191 2174 2156 2137 2116 2097 2089
2298 2302 2305 2305 2302 2297 2293 2290 2289 2289 2291 2295 2298 2299 2303 2306 2309 2311 2314 2316 2320 2327 2331 2338 2344 2350 2361 2369 2374 2375 2373 2373 2374 2376 2377 2379 2383 2385 2385 2381 2376 2365 2348 2325 2309 2300 2298 2298 2298 2296 2291 2285 2285 2287 2289 2291 2293 2294 2297 2300 2306 2310 2309 2304 2289 2275 2263 2255 2250 2248 2245 2242 2235 2227 2215 2201 2188 2174 2161 2145 2127 2112 2102 2093
2306 2308 2309 2309 2306 2302 2297 2295 2295 2296 2298 2300 2301 2303 2305 2306 2308 2310 2315 2322 2329 2334 2337 2342 2351 2362 2371 2379 2382 2383 2384 2386 2388 2388 2384 2383 2383 2384 2386 2385 2379 2369 2357 2342 2327 2320 2316 2313 2311 2302 2294 2290 2289 2291 2294 2296 2297 2299 2301 2305 2308 2308 2303 2294 2279 2264 2255 2247 2243 2239 2231 2222 2221 2218 2204 2188 2173 2159 2151 2141 2124 2107 2099 2091
2309 2311 2311 2309 2307 2303 2302 2301 2300 2302 2305 2306 2310 2311 2312 2312 2312 2316 2324 2331 2337 2342 2346 2352 2360 2368 2377 2383 2386 2388 2389 2392 2394 2395 2393 2390 2392 2394 2392 2388 2381 2372 2365 2354 2348 2343 2337 2331 2321 2310 2297 2293 2292 2293 2296 2298 2300 2302 2305 2306 2306 2300 2294 2282 2268 2255 2243 2237 2231 2222 2213 2207 2201 2192 2185 2170 2153 2146 2138 2127 2115 2103 2093 2086
2317 2316 2316 2314 2312 2312 2311 2308 2307 2307 2310 2314 2318 2321 2322 2322 2321 2323 2328 2335 2342 2348 2354 2360 2367 2373 2381 2386 2389 2390 2390 2393 2397 2400 2401 2405 2407 2406 2402 2396 2387 2381 2375 2368 2363 2359 2352 2344 2333 2319 2308 2300 2297 2298 2298 2300 2302 2304 2305 2305 2302 2296 2287 2275 2260 2247 2234 2225 2217 2206 2195 2186 2174 2163 2155 2147 2138 2129 2120 2110 2099 2091 2085 2079
2325 2326 2325 2323 2322 2321 2319 2317 2315 2315 2316 2320 2326 2330 2332 2331 2329 2330 2334 2343 2351 2356 2363 2368 2374 2380 2385 2389 2390 2391 2392 2396 2401 2405 2410 2414 2417 2415 2411 2406 2399 2393 2387 2380 2375 2368 2362 2356 2348 2339 2326 2315 2309 2304 2303 2302 2303 2304 2305 2304 2301 2295 2283 2270 2253 2237 2227 2217 2203 2189 2178 2168 2156 2144 2136 2127 2118 2109 2099 2090 2085 2080 2073 2067
2333 2335 2335 2334 2332 2331 2329 2328 2326 2325 2327 2329 2335 2341 2343 2343 2341 2342 2350 2357 2361 2366 2372 2378 2382 2386 2389 2391 2392 2393 2396 2400 2405 2410 2417 2422 2425 2421 2416 2411 2406 2400 2396 2391 2385 2379 2371 2363 2357 2348 2335 2324 2316 2311 2308 2307 2307 2307 2309 2313 2311 2301 2286 2269 2253 2239 2228 2219 2206 2186 2172 2160 2146 2133 2118 2104 2095 2088 2083 2079 2074 2069 2062 2055
2344 2345 2345 2344 2343 2341 2339 2337 2336 2338 2341 2347 2350 2352 2353 2353 2355 2359 2364 2369 2372 2376 2380 2385 2389 2392 2393 2393 2395 2398 2400 2404 2409 2418 2427 2432 2431 2428 2421 2414 2407 2402 2398 2394 2389 2383 2377 2368 2360 2352 2337 2325 2318 2313 2314 2315 2315 2316 2322 2324 2322 2314 2298 2283 2272 2258 2241 2206 2181 2172 2162 2148 2136 2120 2103 2091 2080 2075 2069 2066 2063 2057 2050 2045
2348 2349 2350 2350 2348 2347 2345 2343 2343 2347 2352 2357 2360 2359 2359 2362 2364 2368 2373 2377 2380 2382 2387 2392 2398 2402 2401 2399 2397 2399 2402 2406 2412 2423 2434 2440 2438 2431 2422 2414 2407 2401 2397 2394 2390 2386 2381 2374 2365 2353 2341 2329 2322 2323 2324 2325 2328 2332 2333 2332 2329 2321 2310 2296 2286 2271 2221 2181 2164 2150 2143 2129 2109 2093 2085 2077 2072 2067 2063 2059 2055 2048 2041 2036
2351 2352 2353 2354 2355 2354 2352 2351 2351 2354 2358 2363 2366 2366 2370 2372 2373 2376 2379 2382 2384 2388 2392 2397 2402 2407 2408 2405 2402 2401 2405 2410 2421 2433 2442 2444 2440 2432 2421 2412 2406 2401 2398 2395 2391 2387 2383 2377 2368 2355 2338 2328 2324 2325 2328 2331 2335 2337 2338 2336 2332 2325 2317 2309 2300 2294 2250 2177 2148 2147 2140 2120 2105 2094 2086 2078 2071 2066 2063 2059 2051 2042 2035 2029
2353 2353 2355 2360 2364 2365 2362 2360 2359 2361 2363 2367 2369 2371 2374 2378 2383 2386 2387 2388 2390 2392 2396 2401 2406 2410 2412 2410 2407 2409 2413 2422 2434 2442 2444 2444 2440 2431 2424 2415 2407 2400 2395 2392 2389 2387 2384 2378 2366 2353 2343 2335 2331 2329 2334 2338 2340 2342 2341 2341 2340 2337 2331 2320 2309 2292 2243 2183 2149 2147 2141 2125 2110 2100 2090 2079 2071 2067 2063 2057 2049 2039 2031 2026
2356 2359 2363 2369 2373 2371 2367 2365 2363 2364 2369 2375 2375 2376 2379 2383 2388 2391 2393 2395 2396 2397 2401 2405 2408 2409 2411 2413 2415 2417 2425 2433 2441 2445 2446 2445 2440 2433 2425 2418 2408 2398 2392 2390 2388 2386 2383 2373 2364 2360 2357 2350 2344 2344 2344 2345 2346 2347 2350 2353 2352 2349 2336 2323 2304 2282 2250 2214 2174 2148 2143 2135 2117 2101 2088 2077 2067 2063 2060 2056 2048 2040 2033 2028
2367 2370 2373 2376 2378 2378 2375 2372 2373 2376 2377 2381 2385 2386 2388 2391 2395 2398 2400 2399 2401 2403 2405 2408 2409 2412 2415 2419 2420 2424 2430 2437 2442 2445 2447 2446 2440 2433 2426 2419 2411 2404 2397 2393 2393 2392 2385 2377 2370 2367 2365 2363 2359 2357 2356 2356 2357 2359 2363 2369 2372 2367 2360 2349 2326 2292 2255 2217 2182 2158 2149 2139 2120 2102 2090 2077 2068 2062 2058 2053 2045 2038 2033 2031
2372 2375 2378 2380 2383 2382 2381 2380 2382 2385 2388 2390 2392 2394 2395 2396 2398 2400 2402 2403 2405 2407 2408 2411 2413 2419 2424 2426 2425 2428 2434 2437 2442 2445 2443 2440 2435 2430 2426 2422 2417 2413 2403 2395 2394 2392 2388 2384 2381 2379 2378 2376 2373 2368 2365 2367 2370 2376 2385 2389 2391 2387 2380 2375 2369 2303 2236 2202 2174 2167 2155 2141 2127 2110 2093 2077 2067 2061 2057 2053 2048 2042 2037 2032
2379 2380 2384 2384 2386 2386 2385 2385 2387 2391 2396 2397 2397 2397 2397 2396 2397 2401 2404 2406 2407 2409 2411 2415 2420 2426 2428 2428 2429 2432 2435 2438 2441 2442 2441 2437 2433 2430 2426 2422 2418 2410 2403 2396 2392 2392 2392 2393 2395 2398 2400 2403 2405 2407 2426 2452 2432 2404 2400 2397 2397 2395 2385 2372 2352 2313 2254 2190 2174 2166 2152 2136 2119 2103 2087 2077 2068 2060 2055 2051 2048 2045 2039 2032
