terrain/dems/dolomites/lagodibraies.asc
ncols        157
nrows        147
xllcorner    12.064305555556
yllcorner    46.670138888889
cellsize     30
[rows 0 to 37 of 147, columns 0 to 83 of 157]
1452 1458 1462 1462 1459 1449 1436 1424 1414 1407 1401 1398 1396 1398 1387 1372 1368 1367 1370 1373 1376 1378 1380 1382 1383 1385 1387 1387 1386 1384 1379 1374 1370 1366 1363 1362 1365 1367 1368 1371 1375 1377 1379 1380 1379 1381 1384 1387 1389 1391 1393 1395 1397 1398 1400 1400 1401 1400 1397 1396 1398 1397 1400 1406 1411 1418 1422 1433 1449 1462 1474 1483 1490 1497 1510 1521 1523 1526 1527 1531 1537 1555 1569 1581
1469 1476 1479 1479 1470 1459 1444 1433 1427 1422 1418 1418 1421 1416 1401 1388 1387 1384 1381 1380 1381 1382 1386 1389 1391 1393 1393 1392 1389 1386 1383 1380 1376 1372 1370 1368 1369 1371 1372 1373 1375 1379 1383 1385 1386 1386 1387 1388 1390 1392 1394 1395 1396 1398 1401 1403 1403 1401 1400 1402 1404 1404 1405 1408 1413 1415 1420 1434 1453 1468 1475 1481 1490 1508 1520 1525 1523 1523 1524 1526 1533 1545 1559 1575
1491 1497 1497 1487 1475 1463 1451 1442 1439 1438 1441 1444 1442 1440 1437 1423 1409 1404 1403 1397 1392 1392 1394 1395 1397 1398 1397 1395 1393 1391 1389 1385 1382 1381 1379 1378 1378 1379 1379 1378 1381 1386 1389 1391 1392 1392 1392 1392 1394 1395 1395 1394 1396 1400 1403 1405 1405 1405 1406 1408 1409 1408 1408 1408 1412 1419 1422 1438 1457 1464 1469 1476 1487 1497 1511 1514 1512 1514 1517 1522 1529 1540 1552 1563
1516 1520 1516 1501 1484 1475 1464 1459 1459 1462 1463 1464 1462 1458 1454 1450 1445 1437 1434 1431 1426 1421 1417 1410 1405 1403 1401 1399 1397 1395 1395 1391 1388 1387 1386 1385 1385 1384 1385 1387 1391 1393 1395 1395 1396 1396 1396 1397 1399 1399 1398 1399 1401 1405 1408 1408 1410 1411 1414 1415 1414 1413 1412 1414 1415 1420 1426 1437 1448 1457 1465 1473 1483 1491 1497 1502 1503 1505 1510 1516 1521 1530 1543 1552
1537 1541 1540 1532 1513 1495 1491 1487 1483 1480 1478 1475 1476 1475 1471 1465 1460 1457 1455 1455 1454 1447 1438 1428 1420 1414 1407 1403 1401 1399 1396 1394 1397 1399 1399 1398 1396 1394 1393 1394 1394 1395 1396 1396 1396 1396 1397 1399 1403 1404 1404 1404 1405 1407 1408 1409 1410 1412 1412 1414 1416 1417 1418 1419 1420 1422 1424 1431 1443 1454 1463 1472 1478 1484 1492 1496 1494 1495 1499 1506 1514 1520 1528 1538
1554 1558 1562 1564 1561 1540 1523 1520 1519 1513 1501 1492 1488 1485 1479 1476 1486 1491 1485 1479 1473 1465 1456 1445 1433 1423 1414 1414 1414 1410 1412 1412 1413 1420 1422 1419 1415 1414 1410 1403 1398 1396 1397 1398 1397 1396 1397 1401 1405 1407 1407 1406 1407 1407 1408 1409 1410 1411 1414 1419 1421 1421 1421 1421 1421 1421 1424 1430 1441 1452 1461 1467 1472 1479 1484 1485 1483 1480 1484 1494 1502 1509 1516 1524
1564 1569 1573 1574 1573 1571 1568 1557 1549 1560 1567 1560 1549 1541 1533 1529 1531 1525 1509 1499 1493 1484 1476 1468 1451 1435 1431 1430 1430 1434 1439 1441 1444 1447 1445 1438 1433 1426 1421 1412 1405 1402 1404 1404 1403 1399 1400 1403 1407 1410 1410 1411 1413 1412 1413 1413 1413 1415 1419 1423 1426 1428 1427 1427 1425 1424 1427 1432 1441 1451 1459 1465 1470 1473 1474 1475 1473 1471 1474 1482 1491 1498 1505 1511
1580 1583 1587 1590 1590 1588 1585 1585 1588 1591 1592 1586 1576 1568 1560 1558 1558 1555 1549 1533 1517 1510 1497 1477 1461 1452 1447 1448 1456 1463 1468 1474 1476 1479 1474 1470 1463 1459 1449 1442 1436 1432 1429 1424 1418 1412 1407 1407 1410 1413 1416 1418 1418 1419 1418 1419 1418 1419 1420 1423 1427 1430 1432 1432 1431 1431 1432 1436 1444 1450 1453 1458 1464 1467 1468 1468 1468 1469 1472 1478 1482 1488 1494 1499
1594 1600 1607 1613 1611 1607 1606 1606 1607 1608 1608 1606 1599 1592 1584 1577 1572 1568 1564 1554 1538 1519 1500 1487 1476 1473 1473 1484 1493 1498 1504 1507 1508 1508 1508 1505 1499 1488 1482 1479 1471 1463 1458 1456 1446 1430 1416 1412 1416 1419 1422 1423 1425 1425 1426 1427 1427 1427 1427 1426 1428 1431 1434 1436 1440 1440 1440 1444 1446 1451 1452 1453 1457 1460 1462 1462 1466 1471 1475 1479 1478 1479 1483 1488
1606 1614 1623 1630 1635 1628 1621 1619 1618 1619 1620 1620 1616 1609 1600 1591 1583 1575 1565 1554 1536 1518 1503 1492 1493 1495 1503 1510 1513 1519 1526 1529 1532 1533 1532 1528 1523 1514 1506 1500 1495 1488 1481 1472 1465 1459 1450 1437 1436 1438 1437 1434 1434 1436 1437 1438 1438 1439 1437 1436 1435 1436 1437 1440 1441 1441 1442 1444 1447 1452 1455 1455 1456 1458 1460 1462 1465 1468 1472 1472 1474 1476 1479 1479
1623 1629 1636 1644 1647 1642 1634 1633 1634 1632 1632 1630 1627 1616 1605 1593 1584 1572 1561 1549 1534 1518 1509 1510 1513 1519 1521 1521 1526 1533 1540 1548 1552 1555 1554 1548 1544 1539 1531 1525 1521 1513 1502 1491 1483 1477 1473 1464 1458 1454 1450 1447 1446 1446 1446 1447 1447 1446 1446 1445 1442 1439 1438 1437 1437 1439 1441 1445 1448 1453 1457 1462 1461 1462 1463 1463 1464 1466 1465 1467 1474 1482 1483 1485
1646 1651 1659 1667 1665 1658 1661 1665 1666 1664 1654 1647 1636 1622 1606 1591 1575 1565 1557 1544 1530 1524 1523 1526 1530 1535 1538 1543 1546 1548 1553 1558 1565 1569 1572 1568 1566 1563 1557 1550 1540 1530 1518 1506 1497 1491 1483 1475 1467 1463 1461 1459 1457 1456 1454 1453 1451 1450 1450 1450 1447 1444 1439 1440 1439 1441 1445 1448 1449 1454 1463 1466 1467 1468 1468 1467 1467 1468 1468 1471 1479 1489 1495 1495
1671 1677 1682 1688 1693 1696 1696 1697 1694 1685 1674 1661 1641 1620 1604 1588 1572 1561 1555 1546 1541 1539 1542 1544 1546 1549 1554 1558 1560 1562 1564 1568 1573 1577 1580 1582 1582 1578 1572 1562 1552 1543 1531 1521 1512 1504 1496 1489 1482 1477 1475 1472 1469 1467 1464 1461 1460 1459 1460 1458 1456 1452 1451 1450 1448 1447 1446 1448 1450 1456 1462 1465 1468 1470 1474 1473 1474 1476 1476 1479 1488 1499 1504 1503
1680 1686 1690 1696 1702 1706 1705 1702 1700 1690 1675 1660 1642 1626 1610 1590 1574 1565 1559 1558 1560 1566 1568 1566 1562 1560 1562 1564 1568 1573 1576 1579 1581 1584 1589 1591 1589 1585 1578 1569 1559 1553 1544 1537 1526 1514 1504 1497 1491 1488 1485 1484 1482 1479 1476 1474 1472 1472 1472 1471 1469 1467 1465 1461 1456 1450 1448 1448 1451 1458 1464 1467 1469 1475 1479 1482 1484 1486 1487 1490 1496 1502 1506 1504
1689 1691 1698 1705 1711 1713 1706 1699 1692 1684 1674 1660 1645 1629 1614 1602 1591 1585 1582 1584 1588 1586 1584 1580 1574 1571 1572 1576 1580 1586 1589 1592 1595 1600 1601 1598 1593 1587 1578 1568 1558 1552 1550 1545 1533 1520 1507 1500 1495 1491 1489 1488 1488 1487 1484 1482 1480 1480 1479 1478 1476 1475 1473 1469 1463 1457 1451 1450 1452 1459 1465 1469 1473 1479 1483 1486 1489 1492 1495 1493 1492 1498 1500 1499
1702 1704 1708 1715 1718 1712 1705 1695 1688 1681 1671 1660 1645 1629 1618 1610 1608 1605 1606 1607 1602 1597 1592 1587 1585 1586 1589 1593 1599 1604 1607 1609 1611 1610 1609 1605 1597 1585 1574 1563 1554 1550 1547 1542 1533 1521 1510 1500 1494 1490 1489 1489 1490 1491 1490 1488 1487 1486 1486 1484 1482 1480 1478 1475 1471 1464 1458 1455 1456 1461 1466 1471 1477 1482 1485 1488 1491 1492 1491 1489 1491 1494 1495 1496
1720 1719 1720 1719 1717 1713 1706 1699 1691 1680 1670 1657 1642 1632 1627 1625 1622 1621 1620 1618 1612 1605 1599 1596 1599 1602 1605 1610 1617 1624 1626 1627 1621 1615 1609 1602 1594 1585 1576 1565 1556 1550 1545 1537 1530 1517 1504 1497 1491 1488 1487 1488 1491 1493 1493 1492 1491 1491 1489 1486 1483 1481 1479 1477 1474 1469 1463 1461 1461 1464 1468 1473 1477 1481 1485 1488 1490 1489 1489 1490 1491 1494 1496 1498
1737 1739 1734 1729 1723 1717 1711 1704 1695 1685 1673 1661 1652 1645 1639 1639 1639 1641 1642 1634 1626 1619 1614 1614 1615 1618 1624 1630 1635 1639 1639 1635 1627 1618 1607 1597 1590 1583 1576 1569 1561 1554 1545 1537 1525 1514 1503 1494 1490 1488 1488 1489 1492 1495 1495 1495 1493 1493 1490 1485 1482 1480 1478 1478 1476 1470 1467 1464 1465 1467 1470 1474 1478 1481 1484 1486 1486 1487 1487 1488 1491 1493 1498 1502
1757 1753 1747 1741 1734 1727 1716 1706 1698 1689 1682 1674 1661 1650 1649 1648 1654 1659 1657 1652 1645 1638 1637 1637 1639 1641 1643 1648 1651 1653 1652 1644 1635 1621 1607 1595 1585 1579 1573 1567 1560 1552 1543 1535 1528 1519 1509 1500 1497 1495 1495 1495 1498 1499 1500 1500 1500 1497 1492 1488 1485 1485 1486 1484 1481 1476 1471 1469 1468 1470 1472 1476 1479 1481 1482 1482 1483 1485 1487 1488 1491 1497 1502 1507
1767 1763 1758 1753 1748 1738 1726 1715 1704 1699 1693 1682 1671 1663 1658 1663 1667 1668 1668 1665 1660 1656 1653 1652 1652 1654 1657 1660 1661 1662 1659 1651 1639 1625 1608 1594 1583 1575 1569 1561 1554 1543 1534 1530 1524 1520 1515 1511 1508 1507 1505 1504 1504 1505 1507 1507 1507 1503 1499 1494 1493 1493 1494 1493 1490 1487 1483 1478 1476 1475 1475 1477 1479 1480 1480 1480 1482 1485 1490 1493 1498 1502 1505 1508
1774 1771 1767 1762 1754 1746 1737 1728 1719 1711 1706 1699 1688 1678 1675 1673 1673 1673 1673 1673 1671 1666 1661 1659 1659 1661 1663 1665 1665 1663 1657 1648 1635 1621 1607 1593 1583 1573 1563 1555 1543 1533 1528 1525 1522 1518 1515 1513 1512 1511 1510 1510 1510 1512 1513 1514 1514 1512 1508 1508 1505 1503 1503 1502 1501 1499 1495 1491 1487 1483 1480 1479 1480 1479 1479 1481 1484 1490 1494 1499 1503 1506 1507 1509
1784 1781 1778 1774 1766 1758 1748 1737 1728 1719 1714 1709 1702 1693 1688 1685 1682 1680 1679 1678 1674 1670 1667 1666 1667 1667 1668 1667 1665 1660 1655 1641 1627 1613 1600 1591 1581 1570 1559 1547 1537 1530 1525 1524 1523 1520 1516 1514 1514 1514 1514 1513 1514 1514 1515 1515 1515 1515 1516 1517 1515 1514 1515 1513 1510 1506 1503 1498 1493 1491 1487 1484 1482 1481 1481 1485 1489 1494 1498 1501 1505 1509 1511 1512
1798 1797 1795 1790 1782 1769 1757 1746 1736 1729 1724 1720 1717 1714 1708 1699 1694 1691 1687 1683 1680 1679 1680 1683 1681 1679 1675 1671 1665 1659 1650 1638 1624 1610 1599 1589 1580 1567 1553 1548 1543 1536 1531 1528 1525 1521 1518 1515 1514 1515 1515 1513 1512 1512 1512 1511 1512 1513 1519 1522 1524 1525 1524 1522 1518 1512 1507 1503 1499 1496 1493 1488 1484 1483 1485 1489 1493 1497 1499 1502 1506 1511 1513 1514
1812 1811 1807 1802 1790 1775 1762 1754 1749 1743 1736 1732 1730 1727 1722 1713 1706 1703 1702 1702 1701 1700 1700 1699 1697 1693 1687 1680 1671 1661 1650 1640 1625 1611 1601 1592 1577 1564 1557 1552 1548 1543 1536 1532 1528 1523 1518 1514 1513 1513 1513 1511 1509 1507 1504 1504 1506 1512 1519 1525 1529 1531 1530 1527 1521 1514 1511 1507 1504 1500 1496 1491 1487 1486 1488 1492 1496 1499 1500 1503 1505 1509 1513 1514
1827 1821 1812 1802 1792 1781 1771 1763 1760 1757 1751 1745 1740 1736 1733 1730 1730 1729 1727 1723 1717 1714 1712 1710 1708 1704 1699 1689 1679 1666 1654 1641 1627 1616 1604 1590 1580 1568 1560 1555 1550 1542 1537 1533 1530 1526 1522 1518 1515 1513 1512 1508 1504 1500 1497 1495 1499 1507 1516 1524 1532 1537 1536 1531 1524 1517 1513 1510 1507 1504 1498 1494 1490 1488 1488 1491 1496 1500 1504 1506 1507 1510 1512 1513
1839 1831 1820 1809 1800 1795 1789 1783 1777 1769 1763 1757 1752 1747 1746 1746 1748 1750 1747 1741 1738 1737 1738 1738 1730 1723 1712 1699 1680 1667 1656 1647 1635 1623 1612 1604 1594 1584 1576 1569 1562 1558 1551 1543 1538 1533 1529 1526 1521 1516 1512 1509 1503 1497 1492 1492 1495 1501 1513 1523 1531 1536 1536 1532 1526 1520 1515 1511 1508 1504 1500 1495 1491 1489 1488 1492 1497 1503 1507 1509 1509 1510 1510 1510
1850 1846 1840 1832 1823 1812 1804 1800 1795 1785 1775 1767 1762 1760 1759 1760 1762 1764 1763 1763 1762 1764 1765 1758 1750 1740 1722 1702 1687 1675 1667 1659 1649 1641 1635 1630 1625 1613 1602 1597 1589 1580 1577 1570 1560 1549 1539 1536 1532 1525 1519 1515 1510 1502 1496 1495 1495 1501 1512 1522 1529 1531 1530 1529 1527 1522 1514 1508 1505 1502 1499 1496 1493 1492 1492 1493 1497 1502 1506 1510 1510 1508 1507 1506
1866 1865 1864 1857 1844 1833 1829 1828 1819 1809 1800 1785 1773 1767 1766 1765 1765 1769 1773 1773 1772 1771 1770 1765 1757 1745 1729 1712 1698 1692 1685 1675 1667 1660 1653 1648 1645 1641 1636 1630 1622 1616 1605 1593 1581 1574 1569 1562 1552 1542 1534 1528 1522 1515 1510 1506 1507 1509 1515 1518 1520 1521 1521 1520 1521 1514 1507 1503 1502 1501 1499 1498 1497 1495 1494 1493 1495 1498 1503 1506 1507 1508 1507 1506
1883 1884 1884 1879 1871 1871 1868 1855 1840 1827 1810 1791 1778 1769 1768 1769 1769 1772 1775 1777 1775 1771 1768 1764 1758 1749 1733 1720 1712 1707 1702 1696 1688 1680 1670 1664 1660 1656 1651 1645 1636 1624 1615 1607 1602 1596 1589 1582 1572 1561 1551 1542 1536 1530 1526 1521 1521 1519 1517 1515 1515 1515 1514 1514 1511 1506 1503 1502 1501 1502 1502 1501 1500 1497 1495 1492 1493 1496 1500 1503 1505 1508 1508 1508
1900 1902 1902 1902 1901 1900 1900 1918 1925 1936 1923 1887 1853 1785 1770 1771 1772 1775 1778 1785 1783 1776 1767 1759 1752 1742 1731 1723 1718 1714 1712 1708 1704 1697 1691 1684 1678 1672 1668 1659 1649 1637 1625 1616 1611 1603 1598 1594 1586 1580 1574 1564 1558 1549 1544 1541 1539 1538 1531 1528 1521 1517 1515 1514 1509 1504 1500 1500 1500 1502 1505 1506 1504 1499 1494 1492 1492 1495 1498 1501 1506 1509 1511 1511
1920 1922 1927 1932 1927 1924 1926 1937 1967 1993 1996 1990 1914 1892 1880 1849 1843 1831 1810 1790 1789 1777 1763 1757 1751 1743 1734 1726 1719 1716 1713 1710 1706 1700 1697 1694 1689 1682 1674 1667 1656 1643 1631 1619 1606 1598 1598 1597 1596 1594 1590 1583 1572 1567 1562 1559 1559 1556 1552 1545 1536 1526 1521 1518 1513 1507 1504 1501 1501 1504 1508 1511 1509 1502 1497 1495 1494 1494 1495 1498 1505 1510 1512 1514
1937 1946 1955 1958 1961 1971 1982 1991 2001 2005 2006 2007 1956 1936 1910 1896 1872 1860 1833 1794 1785 1775 1764 1757 1751 1743 1732 1723 1719 1715 1712 1708 1702 1697 1692 1689 1685 1677 1669 1663 1654 1643 1628 1612 1601 1596 1597 1599 1598 1598 1593 1587 1582 1576 1574 1572 1569 1566 1561 1554 1543 1534 1529 1524 1519 1514 1509 1505 1505 1509 1512 1515 1514 1509 1502 1499 1497 1494 1495 1498 1503 1507 1510 1512
1959 1965 1971 1982 1994 1998 2000 2006 2015 2016 2015 2008 1979 1961 1944 1922 1909 1883 1837 1798 1796 1786 1778 1769 1758 1747 1737 1729 1721 1715 1711 1705 1697 1690 1686 1681 1676 1669 1661 1654 1647 1635 1619 1608 1601 1598 1597 1598 1597 1596 1593 1590 1587 1586 1585 1583 1580 1575 1569 1560 1551 1544 1538 1533 1528 1522 1515 1511 1510 1514 1518 1521 1518 1513 1506 1501 1497 1495 1496 1497 1501 1504 1507 1511
1979 1983 1991 2003 2011 2016 2021 2027 2041 2052 2064 2005 2003 1989 1974 1963 1935 1907 1882 1827 1801 1797 1791 1784 1772 1761 1750 1738 1726 1716 1709 1701 1694 1686 1681 1675 1669 1664 1658 1651 1638 1626 1619 1611 1605 1601 1598 1598 1598 1595 1591 1590 1590 1590 1589 1586 1584 1582 1577 1571 1563 1553 1546 1540 1534 1527 1521 1517 1519 1523 1527 1529 1527 1520 1511 1504 1499 1495 1495 1496 1500 1505 1508 1511
1996 2000 2007 2017 2030 2040 2049 2069 2088 2101 2107 2048 2029 2008 1988 1975 1962 1920 1882 1849 1819 1807 1796 1791 1780 1766 1750 1736 1724 1714 1705 1697 1690 1683 1676 1670 1667 1665 1662 1653 1642 1629 1619 1612 1609 1605 1603 1602 1598 1594 1591 1590 1591 1591 1589 1587 1586 1585 1582 1578 1571 1564 1555 1548 1540 1532 1526 1522 1521 1527 1531 1533 1533 1524 1516 1506 1501 1497 1498 1500 1504 1508 1507 1507
2010 2016 2024 2045 2074 2094 2101 2107 2112 2117 2121 2091 2069 2033 2003 1987 1969 1924 1891 1856 1829 1808 1791 1790 1760 1742 1737 1728 1721 1714 1705 1696 1685 1678 1672 1667 1663 1662 1660 1653 1641 1630 1619 1615 1611 1608 1604 1601 1598 1595 1592 1592 1591 1588 1587 1584 1585 1584 1582 1577 1572 1566 1559 1552 1545 1537 1528 1522 1521 1525 1529 1536 1539 1535 1525 1516 1509 1505 1503 1502 1504 1505 1505 1504
2036 2041 2058 2083 2106 2121 2134 2144 2151 2152 2151 2103 2076 2050 2020 1992 1978 1936 1904 1874 1848 1830 1797 1775 1737 1743 1734 1727 1721 1713 1705 1696 1686 1676 1669 1664 1660 1658 1655 1650 1637 1626 1620 1616 1612 1607 1604 1601 1598 1595 1595 1594 1591 1588 1586 1585 1581 1580 1578 1574 1569 1564 1557 1552 1545 1537 1528 1522 1520 1522 1526 1535 1542 1539 1535 1525 1516 1509 1504 1504 1504 1505 1504 1504
2079 2098 2114 2129 2149 2160 2165 2182 2186 2191 2133 2101 2079 2059 2040 2024 1990 1953 1921 1883 1859 1835 1806 1754 1750 1748 1739 1729 1721 1713 1705 1696 1687 1677 1669 1664 1659 1656 1650 1642 1634 1628 1623 1617 1612 1608 1604 1601 1597 1595 1596 1597 1596 1594 1593 1588 1583 1578 1577 1575 1573 1567 1560 1553 1545 1537 1528 1522 1518 1519 1521 1530 1536 1535 1532 1527 1518 1510 1506 1505 1505 1504 1504 1504
