terrain/dems/dolomites/lagodibraies.asc
ncols        157
nrows        147
xllcorner    12.064305555556
yllcorner    46.670138888889
cellsize     30
[rows 76 to 113 of 147, columns 0 to 83 of 157]
2520 2511 2499 2488 2474 2464 2459 2454 2448 2444 2439 2430 2419 2403 2387 2372 2358 2345 2329 2314 2307 2308 2308 2306 2305 2300 2293 2288 2278 2265 2251 2239 2231 2226 2224 2209 2188 2178 2175 2169 2161 2147 2130 2121 2113 2103 2094 2081 2070 2063 2052 2045 2036 2022 2007 1996 1978 1960 1941 1923 1904 1889 1867 1844 1821 1803 1794 1789 1788 1756 1645 1579 1579 1578 1570 1549 1522 1506 1496 1493 1491 1489 1489 1489
2529 2518 2507 2494 2484 2473 2464 2455 2446 2439 2431 2422 2410 2396 2384 2373 2363 2353 2341 2328 2315 2311 2309 2308 2305 2298 2295 2287 2273 2256 2242 2233 2224 2219 2213 2200 2187 2174 2160 2152 2137 2120 2113 2106 2097 2084 2068 2057 2053 2048 2039 2032 2018 2008 1991 1981 1967 1950 1929 1917 1896 1872 1855 1835 1814 1795 1786 1781 1746 1688 1652 1614 1611 1619 1584 1553 1514 1501 1498 1494 1491 1492 1493 1492
2522 2510 2500 2492 2483 2472 2461 2449 2440 2432 2422 2411 2401 2391 2382 2373 2363 2350 2335 2323 2313 2307 2304 2302 2300 2298 2294 2288 2275 2257 2239 2226 2212 2201 2200 2189 2179 2172 2154 2131 2118 2110 2103 2096 2080 2061 2044 2033 2023 2020 2021 2016 2002 1986 1973 1964 1955 1942 1931 1913 1897 1877 1851 1830 1807 1792 1782 1741 1697 1690 1687 1688 1688 1698 1649 1557 1510 1507 1504 1499 1498 1498 1498 1498
2508 2498 2491 2482 2472 2464 2455 2445 2434 2425 2415 2405 2396 2386 2377 2369 2359 2351 2338 2320 2307 2300 2297 2294 2293 2291 2290 2288 2278 2269 2254 2244 2222 2213 2231 2179 2162 2151 2132 2118 2108 2099 2089 2081 2069 2048 2031 2019 2007 2002 1994 1984 1975 1968 1961 1951 1942 1940 1925 1906 1882 1853 1839 1825 1796 1768 1744 1720 1709 1699 1697 1696 1699 1698 1684 1611 1528 1512 1509 1508 1506 1506 1505 1505
2494 2486 2476 2464 2457 2451 2436 2427 2421 2412 2401 2394 2386 2373 2364 2354 2353 2347 2332 2315 2300 2290 2285 2281 2279 2277 2274 2275 2280 2275 2274 2256 2243 2196 2211 2213 2166 2129 2117 2108 2098 2088 2079 2064 2048 2037 2023 2009 1995 1986 1977 1962 1951 1946 1942 1944 1938 1925 1910 1892 1870 1854 1836 1816 1786 1749 1723 1708 1702 1701 1698 1694 1677 1663 1619 1568 1545 1528 1518 1512 1510 1509 1509 1509
2472 2461 2451 2449 2443 2427 2415 2409 2401 2392 2382 2371 2362 2355 2350 2344 2339 2334 2323 2302 2289 2281 2274 2266 2259 2253 2254 2255 2255 2261 2263 2259 2242 2212 2212 2197 2177 2139 2114 2104 2085 2069 2050 2032 2022 2015 2006 1994 1979 1963 1943 1929 1925 1923 1926 1924 1917 1908 1898 1889 1873 1856 1846 1806 1758 1735 1716 1701 1693 1691 1683 1657 1639 1629 1615 1592 1562 1538 1526 1519 1516 1514 1513 1513
2447 2439 2434 2426 2416 2409 2401 2395 2384 2364 2347 2341 2341 2337 2329 2315 2310 2311 2301 2293 2284 2274 2268 2263 2250 2238 2237 2235 2232 2232 2235 2237 2242 2212 2200 2187 2171 2158 2147 2121 2094 2069 2045 2028 2016 2007 1997 1982 1955 1927 1918 1910 1903 1905 1900 1893 1887 1878 1877 1876 1860 1847 1829 1784 1737 1706 1698 1688 1680 1671 1655 1645 1637 1627 1614 1587 1559 1546 1535 1529 1525 1522 1520 1519
2433 2423 2410 2398 2393 2388 2386 2381 2356 2335 2333 2331 2328 2322 2309 2298 2293 2288 2284 2278 2267 2255 2243 2239 2228 2220 2215 2210 2203 2202 2208 2211 2204 2197 2185 2176 2162 2144 2128 2106 2094 2087 2055 2033 2020 2008 1996 1969 1938 1921 1908 1900 1892 1882 1873 1867 1862 1861 1857 1845 1832 1821 1801 1775 1744 1708 1687 1674 1662 1650 1645 1639 1632 1621 1603 1583 1566 1552 1542 1537 1533 1530 1527 1525
2419 2405 2392 2378 2367 2368 2364 2349 2335 2323 2315 2314 2310 2305 2303 2292 2283 2278 2270 2260 2247 2233 2217 2215 2206 2201 2194 2186 2182 2180 2165 2172 2173 2170 2168 2163 2151 2137 2115 2097 2083 2070 2058 2044 2023 1997 1961 1932 1916 1908 1902 1887 1873 1865 1857 1849 1845 1844 1842 1834 1822 1795 1773 1752 1722 1699 1679 1666 1654 1644 1636 1628 1619 1609 1597 1583 1568 1556 1547 1540 1536 1534 1532 1531
2403 2391 2381 2366 2353 2342 2332 2324 2314 2306 2299 2288 2280 2280 2279 2269 2260 2257 2248 2221 2198 2189 2182 2183 2180 2177 2172 2159 2148 2137 2142 2142 2146 2155 2148 2144 2140 2127 2102 2077 2062 2053 2047 2031 2005 1967 1942 1924 1915 1912 1886 1863 1853 1846 1840 1834 1831 1831 1828 1817 1789 1770 1755 1738 1720 1702 1683 1667 1653 1641 1630 1620 1611 1603 1594 1580 1567 1559 1553 1546 1539 1536 1536 1538
2398 2386 2372 2356 2343 2329 2319 2308 2303 2295 2280 2267 2260 2252 2246 2236 2229 2219 2203 2193 2181 2168 2163 2161 2159 2151 2143 2138 2126 2120 2118 2119 2117 2116 2113 2121 2115 2102 2083 2062 2045 2037 2028 2010 1994 1976 1960 1942 1921 1895 1874 1860 1849 1838 1826 1821 1817 1815 1808 1796 1779 1761 1746 1733 1718 1702 1682 1662 1650 1638 1628 1618 1610 1601 1590 1579 1570 1562 1555 1548 1542 1540 1540 1543
2400 2385 2370 2352 2337 2323 2312 2302 2292 2279 2268 2262 2259 2255 2239 2223 2202 2184 2179 2173 2163 2153 2146 2140 2132 2124 2116 2109 2106 2102 2097 2095 2094 2085 2081 2084 2074 2066 2053 2041 2031 2023 2016 2007 1994 1977 1962 1953 1930 1895 1869 1858 1849 1835 1822 1814 1806 1798 1790 1776 1762 1751 1738 1723 1708 1690 1675 1663 1651 1640 1631 1623 1611 1598 1589 1582 1573 1565 1559 1553 1547 1546 1547 1548
2428 2404 2374 2356 2341 2326 2312 2299 2285 2271 2262 2254 2243 2231 2225 2211 2191 2173 2161 2156 2147 2135 2125 2119 2113 2106 2098 2089 2082 2080 2080 2069 2061 2049 2030 2035 2032 2028 2019 2010 2008 2005 2002 1997 1990 1980 1957 1929 1897 1871 1863 1855 1845 1832 1818 1805 1795 1786 1776 1762 1749 1737 1724 1709 1695 1684 1673 1663 1652 1643 1634 1623 1609 1597 1588 1580 1573 1567 1561 1556 1554 1553 1553 1553
2430 2408 2399 2385 2366 2346 2324 2303 2285 2272 2259 2247 2233 2220 2210 2198 2176 2166 2159 2152 2143 2133 2122 2112 2102 2094 2084 2073 2061 2048 2035 2021 2007 2003 1999 2005 2009 2003 1994 1989 1985 1980 1976 1978 1979 1971 1948 1919 1900 1884 1870 1859 1844 1830 1822 1811 1794 1782 1766 1749 1737 1724 1713 1702 1689 1678 1670 1661 1651 1642 1632 1622 1612 1601 1589 1581 1574 1569 1564 1562 1560 1560 1560 1560
2429 2415 2400 2386 2369 2351 2332 2311 2296 2280 2265 2254 2238 2223 2211 2203 2182 2163 2160 2159 2144 2133 2121 2110 2092 2080 2069 2059 2045 2033 2024 2015 2005 1994 1989 1987 1986 1983 1976 1966 1959 1959 1958 1958 1958 1947 1933 1911 1892 1877 1864 1856 1847 1829 1811 1800 1788 1772 1755 1740 1725 1717 1707 1695 1683 1675 1665 1655 1645 1634 1626 1619 1610 1598 1587 1580 1575 1571 1570 1569 1569 1568 1567 1567
2428 2410 2391 2374 2363 2351 2334 2318 2301 2284 2268 2255 2243 2228 2217 2204 2190 2177 2166 2158 2143 2131 2113 2098 2083 2069 2061 2052 2039 2025 2012 2002 1992 1984 1972 1965 1966 1966 1956 1948 1945 1943 1941 1940 1936 1928 1911 1896 1886 1875 1859 1845 1830 1813 1800 1785 1771 1757 1742 1728 1718 1707 1696 1686 1678 1669 1657 1647 1638 1629 1622 1614 1605 1595 1587 1580 1576 1574 1573 1574 1574 1574 1575 1575
2423 2406 2384 2366 2358 2347 2331 2313 2295 2278 2263 2246 2235 2229 2217 2206 2196 2186 2182 2169 2155 2135 2123 2107 2093 2078 2055 2036 2024 2011 2000 1990 1981 1970 1960 1952 1948 1945 1940 1934 1929 1925 1923 1920 1909 1897 1888 1879 1867 1858 1842 1827 1812 1803 1787 1771 1760 1748 1733 1719 1707 1698 1689 1679 1671 1661 1651 1644 1638 1629 1619 1611 1603 1596 1589 1584 1581 1579 1578 1580 1581 1582 1583 1583
2429 2402 2381 2365 2350 2335 2320 2303 2286 2272 2256 2240 2229 2218 2205 2195 2187 2184 2181 2177 2164 2151 2137 2128 2107 2076 2047 2030 2020 2008 1996 1983 1970 1960 1950 1944 1937 1930 1924 1917 1911 1902 1893 1893 1890 1883 1873 1860 1851 1844 1825 1810 1800 1786 1773 1761 1750 1740 1725 1709 1700 1693 1687 1679 1669 1658 1650 1645 1637 1626 1616 1608 1602 1597 1593 1590 1585 1583 1583 1584 1586 1587 1588 1588
2435 2411 2388 2367 2349 2329 2310 2292 2276 2265 2254 2238 2221 2207 2194 2184 2177 2173 2169 2163 2150 2138 2129 2116 2099 2076 2054 2038 2028 2017 2002 1984 1966 1954 1945 1938 1929 1917 1908 1899 1890 1883 1879 1875 1872 1862 1850 1837 1826 1818 1809 1798 1785 1770 1756 1747 1741 1729 1714 1704 1697 1692 1687 1680 1671 1661 1653 1646 1637 1626 1616 1609 1603 1600 1597 1594 1590 1588 1588 1589 1589 1591 1592 1592
2443 2419 2395 2372 2350 2329 2306 2286 2269 2261 2250 2232 2214 2198 2185 2177 2169 2162 2153 2143 2133 2126 2116 2106 2091 2072 2056 2043 2027 2010 1995 1980 1963 1946 1937 1931 1921 1911 1901 1892 1884 1874 1869 1864 1855 1846 1833 1823 1812 1802 1794 1786 1774 1760 1751 1743 1734 1723 1712 1703 1696 1690 1684 1676 1668 1660 1653 1647 1637 1628 1619 1612 1606 1603 1600 1598 1595 1593 1592 1593 1595 1598 1600 1599
2457 2441 2418 2391 2372 2352 2322 2284 2270 2262 2242 2224 2211 2198 2184 2171 2161 2150 2139 2130 2122 2113 2104 2096 2086 2070 2053 2041 2029 2010 1992 1975 1959 1945 1935 1927 1918 1907 1898 1889 1879 1870 1862 1855 1846 1834 1825 1816 1806 1797 1786 1776 1766 1756 1747 1739 1730 1721 1713 1705 1697 1689 1681 1674 1664 1656 1651 1646 1637 1629 1623 1617 1612 1606 1603 1600 1599 1598 1599 1600 1602 1605 1608 1608
2465 2451 2434 2413 2397 2388 2379 2353 2311 2286 2256 2219 2211 2194 2179 2168 2156 2145 2134 2124 2114 2104 2095 2086 2076 2061 2047 2032 2016 2002 1990 1977 1963 1947 1934 1925 1914 1903 1893 1884 1875 1867 1859 1850 1839 1829 1819 1811 1803 1792 1780 1771 1763 1754 1745 1736 1729 1720 1711 1702 1694 1687 1680 1672 1663 1657 1651 1646 1640 1633 1628 1623 1618 1613 1608 1604 1603 1603 1605 1608 1611 1613 1615 1615
2473 2461 2445 2431 2428 2414 2392 2380 2363 2348 2335 2318 2296 2272 2239 2208 2176 2139 2131 2123 2112 2098 2085 2072 2061 2049 2036 2022 2009 1998 1987 1975 1964 1951 1937 1924 1914 1902 1889 1879 1871 1864 1856 1845 1834 1825 1817 1808 1797 1786 1777 1768 1760 1751 1743 1735 1727 1720 1712 1703 1694 1687 1680 1675 1669 1662 1656 1650 1644 1640 1635 1629 1623 1618 1614 1611 1610 1611 1614 1618 1621 1623 1623 1622
2469 2458 2446 2436 2427 2408 2393 2378 2366 2356 2347 2335 2317 2299 2289 2281 2267 2218 2159 2127 2110 2098 2087 2074 2061 2046 2035 2021 2008 1995 1983 1972 1960 1951 1938 1926 1914 1903 1893 1882 1872 1862 1853 1842 1832 1824 1816 1805 1793 1783 1775 1767 1759 1751 1743 1735 1728 1722 1714 1707 1698 1689 1684 1679 1672 1666 1661 1655 1649 1644 1640 1635 1629 1624 1620 1619 1619 1621 1624 1628 1631 1631 1631 1630
2453 2439 2425 2416 2410 2400 2384 2372 2361 2352 2341 2331 2316 2301 2287 2271 2255 2242 2224 2168 2121 2110 2098 2081 2064 2050 2035 2021 2005 1992 1981 1968 1957 1947 1937 1926 1913 1903 1895 1884 1872 1862 1853 1843 1834 1825 1815 1805 1794 1784 1776 1769 1760 1751 1742 1735 1728 1721 1714 1708 1701 1692 1685 1679 1674 1669 1662 1655 1651 1647 1644 1642 1637 1633 1629 1626 1628 1631 1634 1637 1638 1638 1638 1638
2441 2426 2415 2405 2392 2380 2373 2361 2348 2336 2326 2316 2304 2292 2278 2262 2247 2232 2214 2202 2181 2138 2101 2086 2071 2057 2038 2017 2002 1989 1977 1966 1954 1943 1933 1923 1914 1904 1894 1883 1870 1861 1855 1847 1836 1827 1818 1808 1796 1785 1777 1770 1761 1752 1743 1734 1726 1719 1713 1707 1701 1692 1684 1681 1676 1670 1665 1658 1652 1648 1646 1644 1642 1640 1638 1638 1640 1643 1646 1649 1649 1649 1649 1648
2434 2419 2410 2406 2394 2380 2366 2350 2333 2319 2310 2300 2292 2281 2268 2254 2238 2221 2209 2201 2183 2153 2114 2084 2065 2048 2032 2018 2005 1992 1979 1964 1953 1943 1934 1925 1915 1906 1897 1885 1873 1865 1858 1851 1842 1832 1820 1810 1800 1790 1781 1773 1764 1756 1747 1738 1728 1720 1713 1708 1700 1692 1687 1684 1681 1675 1668 1661 1655 1650 1647 1648 1649 1651 1653 1654 1656 1658 1661 1663 1664 1662 1659 1661
2433 2421 2412 2400 2387 2375 2360 2344 2327 2308 2295 2288 2281 2270 2257 2243 2229 2215 2201 2189 2165 2135 2108 2085 2062 2040 2025 2012 2000 1988 1975 1962 1952 1945 1935 1927 1917 1909 1899 1887 1874 1866 1860 1853 1844 1834 1824 1814 1804 1794 1783 1773 1765 1757 1748 1739 1730 1721 1715 1712 1704 1694 1689 1686 1683 1680 1675 1667 1661 1656 1657 1658 1661 1664 1664 1665 1664 1665 1665 1667 1670 1669 1669 1675
2442 2430 2417 2399 2382 2365 2347 2329 2309 2293 2283 2277 2269 2255 2240 2226 2210 2196 2183 2161 2140 2122 2102 2082 2061 2038 2023 2012 2001 1990 1978 1966 1954 1944 1938 1930 1921 1912 1902 1888 1876 1867 1862 1854 1844 1835 1825 1816 1805 1793 1782 1774 1766 1758 1749 1739 1731 1724 1717 1711 1707 1701 1695 1692 1689 1685 1680 1676 1673 1674 1673 1672 1674 1676 1678 1680 1680 1680 1677 1675 1678 1681 1684 1686
2447 2436 2422 2406 2384 2361 2342 2323 2304 2288 2279 2268 2256 2242 2226 2207 2190 2176 2162 2147 2132 2119 2108 2086 2064 2045 2028 2018 2011 2000 1987 1972 1959 1953 1947 1939 1930 1920 1908 1896 1886 1877 1869 1862 1852 1838 1825 1813 1802 1790 1780 1771 1765 1760 1752 1742 1731 1725 1720 1716 1711 1705 1700 1698 1697 1695 1691 1690 1689 1687 1687 1687 1686 1690 1698 1704 1708 1708 1703 1702 1705 1707 1707 1705
2450 2440 2430 2413 2390 2367 2344 2326 2310 2293 2275 2257 2242 2227 2210 2192 2180 2170 2157 2140 2126 2117 2106 2090 2069 2049 2036 2028 2020 2010 1997 1984 1973 1964 1956 1948 1941 1931 1921 1913 1903 1891 1882 1872 1859 1841 1823 1810 1799 1792 1782 1773 1768 1763 1754 1742 1734 1729 1724 1720 1717 1712 1710 1708 1709 1711 1713 1713 1711 1709 1709 1710 1709 1712 1714 1718 1722 1726 1728 1728 1727 1724 1720 1724
2458 2447 2435 2413 2384 2362 2342 2327 2315 2298 2279 2260 2241 2220 2202 2187 2175 2165 2152 2135 2121 2111 2101 2086 2069 2055 2043 2033 2023 2011 1997 1986 1977 1968 1961 1957 1951 1946 1943 1938 1938 1918 1893 1879 1863 1844 1827 1814 1804 1794 1784 1778 1773 1765 1756 1747 1740 1735 1730 1724 1721 1722 1723 1726 1730 1736 1739 1740 1737 1731 1728 1725 1724 1714 1766 1783 1734 1737 1739 1740 1736 1732 1738 1741
2454 2444 2432 2417 2393 2368 2349 2335 2323 2306 2280 2260 2242 2221 2202 2189 2178 2168 2154 2132 2116 2106 2095 2084 2072 2062 2052 2040 2027 2015 2002 1990 1980 1971 1966 1963 1964 1968 1969 1966 1960 1952 1935 1900 1867 1853 1841 1829 1813 1800 1791 1784 1777 1769 1758 1749 1743 1739 1736 1735 1736 1740 1747 1752 1756 1762 1767 1776 1776 1786 1784 1808 1810 1835 1873 1823 1778 1759 1755 1757 1742 1740 1758 1762
2451 2437 2421 2404 2389 2377 2361 2346 2336 2326 2299 2266 2248 2236 2219 2202 2190 2174 2150 2134 2118 2106 2093 2082 2073 2063 2050 2038 2028 2019 2008 1998 1990 1982 1977 1975 1980 1984 1985 1983 1977 1968 1948 1916 1887 1869 1853 1837 1822 1812 1803 1792 1782 1773 1764 1755 1748 1745 1744 1746 1751 1756 1762 1767 1772 1780 1793 1806 1818 1830 1839 1853 1880 1899 1906 1903 1832 1788 1776 1767 1764 1756 1760 1781
2441 2428 2411 2397 2387 2375 2362 2349 2332 2311 2295 2284 2268 2243 2222 2210 2198 2182 2161 2138 2121 2110 2100 2089 2076 2063 2051 2043 2035 2026 2017 2007 2002 1999 1998 2000 2003 2002 1994 1989 1985 1971 1942 1915 1892 1874 1857 1842 1832 1822 1812 1800 1790 1780 1771 1763 1756 1752 1750 1752 1756 1763 1772 1780 1789 1801 1813 1826 1841 1852 1863 1875 1892 1909 1903 1899 1872 1841 1808 1792 1778 1774 1775 1795
2434 2419 2402 2387 2378 2369 2358 2344 2328 2311 2295 2280 2267 2250 2230 2211 2194 2176 2157 2139 2125 2114 2106 2098 2083 2070 2061 2054 2046 2037 2028 2025 2026 2028 2029 2023 2013 2005 1999 1994 1981 1962 1939 1915 1899 1885 1869 1854 1841 1829 1819 1810 1801 1791 1781 1771 1765 1761 1761 1764 1769 1777 1788 1800 1810 1818 1828 1842 1856 1870 1883 1897 1908 1916 1924 1918 1907 1874 1859 1834 1812 1798 1802 1802
2427 2414 2397 2381 2370 2361 2350 2336 2320 2306 2292 2276 2256 2239 2225 2208 2193 2177 2159 2141 2125 2114 2108 2101 2090 2080 2074 2068 2059 2051 2047 2046 2046 2043 2037 2027 2016 2007 1999 1987 1969 1948 1930 1918 1908 1892 1877 1861 1848 1839 1829 1822 1816 1807 1795 1784 1779 1775 1775 1776 1782 1788 1798 1808 1818 1827 1838 1852 1867 1883 1898 1909 1918 1917 1915 1915 1910 1896 1869 1857 1850 1835 1819 1823
2433 2420 2399 2386 2371 2347 2333 2322 2308 2298 2286 2267 2248 2232 2216 2201 2186 2172 2158 2144 2133 2124 2117 2109 2100 2092 2087 2081 2077 2073 2073 2073 2072 2069 2057 2043 2024 2006 1995 1984 1964 1943 1932 1922 1911 1898 1883 1871 1862 1851 1840 1833 1827 1817 1806 1799 1793 1788 1784 1786 1790 1796 1805 1815 1824 1833 1843 1857 1875 1894 1904 1913 1920 1928 1910 1923 1911 1897 1888 1872 1865 1864 1852 1849
