terrain/dems/dolomites/lagodibraies.asc
ncols        157
nrows        147
xllcorner    12.064305555556
yllcorner    46.670138888889
cellsize     30
[rows 38 to 75 of 147, columns 0 to 83 of 157]
2107 2114 2155 2188 2190 2195 2212 2218 2195 2187 2161 2140 2091 2068 2061 2039 2022 1990 1941 1909 1876 1847 1808 1785 1765 1763 1754 1743 1727 1712 1701 1694 1687 1679 1672 1665 1658 1651 1644 1638 1633 1629 1625 1619 1612 1608 1603 1599 1596 1594 1595 1598 1599 1599 1596 1592 1585 1579 1578 1577 1576 1572 1567 1560 1550 1539 1534 1526 1522 1518 1517 1520 1524 1526 1523 1520 1511 1505 1503 1503 1502 1503 1502 1502
2160 2184 2217 2240 2263 2274 2259 2265 2270 2222 2203 2176 2123 2115 2101 2061 2032 2024 1969 1906 1880 1861 1838 1816 1777 1784 1777 1746 1722 1705 1698 1693 1687 1681 1674 1668 1660 1652 1646 1639 1635 1631 1626 1620 1614 1608 1603 1599 1595 1595 1596 1598 1600 1598 1595 1590 1584 1580 1579 1581 1580 1577 1573 1567 1558 1548 1541 1535 1528 1521 1514 1510 1510 1512 1512 1510 1507 1505 1503 1502 1502 1501 1501 1501
2213 2235 2260 2272 2283 2288 2296 2275 2271 2257 2215 2187 2163 2140 2111 2099 2052 2023 1982 1943 1888 1872 1850 1847 1822 1809 1786 1753 1719 1708 1702 1695 1688 1683 1678 1671 1665 1661 1657 1652 1644 1637 1629 1620 1614 1609 1604 1599 1597 1595 1597 1597 1598 1594 1590 1587 1585 1582 1584 1585 1585 1581 1577 1569 1562 1554 1548 1540 1533 1526 1518 1509 1504 1503 1503 1506 1508 1508 1507 1505 1503 1502 1501 1502
2260 2273 2281 2292 2299 2303 2296 2299 2279 2256 2248 2209 2175 2153 2138 2102 2081 2052 2005 1954 1905 1893 1873 1858 1844 1822 1788 1755 1738 1726 1715 1706 1697 1691 1688 1680 1673 1669 1666 1659 1651 1641 1628 1621 1615 1610 1605 1601 1598 1596 1594 1593 1590 1588 1585 1583 1583 1582 1580 1582 1582 1578 1574 1568 1561 1554 1548 1542 1534 1528 1523 1513 1504 1500 1502 1506 1509 1511 1509 1506 1504 1503 1503 1505
2283 2289 2296 2303 2313 2324 2321 2309 2302 2283 2256 2235 2193 2158 2151 2141 2097 2046 2003 1955 1913 1896 1885 1868 1852 1823 1810 1798 1786 1760 1737 1726 1719 1712 1703 1692 1685 1678 1671 1664 1656 1647 1636 1627 1621 1616 1611 1607 1603 1598 1594 1587 1585 1583 1580 1579 1576 1572 1572 1574 1573 1572 1566 1563 1556 1549 1543 1539 1536 1534 1527 1518 1507 1502 1503 1507 1509 1511 1510 1507 1504 1503 1505 1505
2297 2314 2325 2338 2349 2354 2357 2342 2324 2301 2266 2239 2227 2175 2157 2137 2125 2049 1997 1925 1907 1893 1875 1869 1866 1858 1833 1824 1809 1790 1760 1736 1727 1723 1715 1707 1697 1690 1684 1681 1675 1666 1651 1638 1631 1626 1618 1615 1606 1602 1595 1588 1582 1581 1577 1572 1567 1564 1561 1561 1560 1559 1558 1553 1549 1542 1539 1536 1534 1533 1527 1516 1509 1503 1500 1502 1504 1506 1505 1503 1502 1502 1503 1503
2328 2342 2354 2363 2370 2367 2361 2347 2342 2305 2295 2258 2228 2189 2167 2139 2119 2066 1990 1910 1909 1903 1890 1886 1882 1869 1865 1860 1848 1833 1822 1802 1791 1730 1725 1720 1710 1705 1695 1695 1692 1679 1684 1678 1685 1684 1684 1674 1657 1647 1608 1598 1589 1585 1581 1570 1560 1558 1555 1552 1549 1552 1550 1550 1544 1538 1535 1534 1532 1526 1518 1513 1510 1504 1499 1498 1498 1499 1499 1498 1497 1499 1500 1501
2360 2370 2378 2385 2379 2370 2351 2344 2335 2308 2293 2257 2238 2202 2177 2141 2106 2059 1983 1912 1906 1903 1902 1900 1898 1894 1899 1894 1885 1876 1859 1840 1828 1814 1809 1798 1788 1766 1758 1751 1748 1732 1721 1715 1713 1713 1712 1707 1701 1689 1676 1663 1656 1634 1619 1598 1594 1581 1557 1551 1552 1550 1556 1551 1543 1538 1537 1535 1529 1522 1516 1510 1505 1500 1498 1496 1495 1493 1492 1492 1493 1494 1496 1498
2386 2386 2392 2398 2389 2371 2357 2350 2329 2296 2265 2252 2243 2226 2175 2126 2089 2045 1948 1922 1912 1911 1913 1918 1925 1919 1919 1922 1917 1906 1901 1884 1868 1862 1848 1837 1832 1830 1814 1780 1771 1761 1756 1756 1748 1744 1742 1736 1726 1722 1707 1698 1691 1690 1674 1647 1609 1595 1590 1567 1559 1562 1556 1546 1542 1541 1540 1535 1529 1521 1513 1502 1497 1495 1494 1493 1492 1489 1488 1488 1489 1490 1491 1493
2400 2399 2403 2396 2381 2364 2349 2313 2302 2265 2259 2246 2239 2231 2182 2124 2091 2042 1948 1933 1920 1913 1916 1923 1940 1961 1961 1948 1946 1938 1926 1911 1893 1893 1884 1879 1867 1870 1844 1832 1812 1792 1784 1772 1774 1774 1763 1760 1753 1744 1743 1732 1729 1727 1713 1693 1667 1643 1623 1606 1589 1563 1552 1551 1541 1545 1541 1535 1526 1520 1512 1501 1494 1492 1492 1491 1490 1489 1487 1487 1488 1489 1490 1491
2410 2405 2395 2386 2376 2363 2354 2291 2273 2238 2239 2234 2227 2211 2180 2158 2103 2056 1985 1977 1990 1983 1956 1964 1987 1997 1996 1989 1976 1974 1953 1937 1928 1919 1917 1922 1922 1899 1879 1867 1853 1839 1816 1805 1799 1796 1796 1789 1790 1792 1780 1775 1765 1760 1749 1734 1709 1695 1680 1645 1624 1613 1577 1574 1577 1559 1552 1536 1527 1518 1508 1500 1495 1492 1490 1490 1490 1490 1490 1490 1490 1490 1490 1489
2387 2367 2359 2363 2354 2314 2275 2248 2234 2226 2228 2223 2203 2194 2174 2155 2116 2075 2052 2043 2037 2035 2027 2037 2049 2063 2023 2014 2009 1996 1977 1962 1956 1958 1945 1953 1957 1969 1954 1920 1887 1871 1852 1851 1840 1842 1831 1821 1819 1805 1806 1807 1805 1792 1781 1760 1747 1735 1720 1693 1657 1639 1628 1623 1601 1589 1563 1540 1526 1519 1513 1506 1501 1495 1492 1490 1490 1489 1489 1489 1489 1489 1490 1489
2364 2349 2340 2334 2308 2277 2249 2224 2188 2191 2192 2194 2185 2167 2156 2144 2124 2099 2069 2083 2085 2075 2080 2102 2114 2116 2064 2050 2038 2026 2009 1993 1978 1978 2001 2004 2005 2002 1985 1971 1943 1916 1886 1883 1887 1885 1874 1860 1846 1837 1850 1840 1834 1818 1811 1793 1776 1768 1756 1736 1719 1694 1681 1654 1633 1606 1579 1562 1556 1530 1521 1516 1509 1499 1492 1489 1489 1489 1489 1489 1489 1489 1490 1490
2339 2329 2317 2301 2280 2243 2217 2182 2171 2166 2157 2154 2144 2134 2133 2136 2139 2129 2116 2099 2102 2108 2116 2124 2135 2131 2103 2076 2067 2036 2054 2040 2025 2016 2011 2018 2029 2036 2034 2042 1978 1953 1945 1928 1914 1914 1901 1885 1884 1883 1870 1880 1875 1874 1855 1837 1818 1794 1782 1760 1743 1719 1703 1690 1667 1623 1597 1574 1557 1544 1531 1523 1519 1508 1494 1489 1489 1489 1489 1489 1489 1489 1489 1490
2316 2306 2291 2270 2258 2210 2185 2169 2154 2125 2137 2136 2122 2115 2130 2136 2141 2138 2133 2140 2141 2144 2149 2148 2142 2136 2132 2123 2105 2091 2063 2034 2026 2023 2024 2034 2043 2049 2050 2035 2015 2002 1971 1971 1960 1948 1934 1932 1927 1919 1866 1886 1898 1904 1898 1876 1854 1829 1817 1791 1779 1750 1725 1705 1690 1663 1626 1603 1578 1544 1521 1548 1522 1512 1501 1489 1489 1489 1489 1489 1489 1489 1489 1490
2296 2285 2275 2264 2232 2208 2138 2121 2127 2132 2122 2099 2086 2113 2123 2144 2146 2150 2156 2157 2178 2173 2163 2159 2152 2142 2141 2135 2131 2126 2100 2066 2046 2038 2041 2047 2054 2057 2045 2035 2025 2014 1997 1986 2002 1993 1975 1964 1958 1961 1976 1967 1936 1921 1923 1895 1881 1857 1827 1814 1806 1782 1752 1720 1706 1691 1654 1629 1597 1551 1529 1521 1509 1501 1490 1489 1489 1489 1489 1489 1489 1489 1489 1489
2279 2267 2261 2248 2233 2208 2176 2166 2171 2156 2130 2110 2092 2128 2136 2146 2154 2165 2167 2181 2179 2168 2158 2152 2146 2142 2139 2141 2133 2110 2087 2063 2053 2059 2064 2066 2068 2073 2061 2038 2034 2032 2012 2013 2007 1992 1975 1973 1977 1984 1978 1962 1936 1922 1925 1914 1903 1884 1855 1833 1820 1803 1773 1743 1720 1698 1662 1641 1607 1569 1532 1508 1507 1491 1489 1489 1489 1489 1489 1489 1489 1489 1489 1490
2255 2239 2238 2230 2213 2194 2187 2182 2168 2152 2135 2120 2119 2116 2136 2151 2154 2158 2159 2166 2153 2146 2138 2131 2127 2128 2130 2128 2114 2094 2075 2068 2066 2069 2073 2076 2078 2070 2060 2053 2049 2040 2026 2014 2003 1993 1981 1979 1976 1971 1959 1935 1920 1920 1918 1917 1909 1884 1872 1855 1834 1815 1791 1764 1747 1717 1676 1657 1614 1572 1534 1510 1499 1490 1489 1489 1489 1489 1489 1489 1489 1489 1489 1490
2230 2223 2217 2210 2199 2192 2188 2180 2166 2152 2142 2134 2130 2128 2140 2143 2142 2143 2132 2124 2126 2125 2120 2115 2114 2111 2096 2086 2083 2080 2073 2068 2068 2069 2071 2068 2058 2051 2044 2041 2038 2032 2019 2006 1996 1990 1981 1971 1965 1953 1939 1931 1922 1910 1904 1902 1895 1890 1875 1866 1857 1832 1813 1792 1765 1741 1716 1676 1617 1561 1536 1505 1499 1492 1489 1489 1489 1489 1489 1489 1489 1489 1491 1490
2218 2210 2202 2195 2189 2184 2180 2172 2160 2150 2141 2135 2124 2118 2112 2115 2109 2102 2094 2097 2102 2101 2098 2092 2087 2092 2092 2074 2066 2062 2055 2052 2053 2055 2052 2045 2042 2040 2029 2022 2016 2010 2000 1989 1985 1980 1971 1960 1943 1929 1922 1915 1905 1896 1890 1887 1888 1894 1881 1869 1857 1836 1817 1799 1778 1749 1723 1673 1609 1536 1524 1507 1493 1495 1489 1489 1489 1489 1489 1489 1489 1489 1489 1490
2199 2193 2187 2182 2176 2172 2167 2159 2148 2139 2133 2124 2114 2107 2103 2095 2090 2086 2081 2080 2081 2075 2068 2066 2062 2056 2051 2055 2056 2048 2042 2039 2037 2034 2030 2025 2022 2023 2020 2007 1991 1983 1979 1977 1974 1965 1953 1938 1928 1921 1912 1903 1888 1875 1871 1872 1878 1878 1875 1865 1846 1834 1818 1796 1779 1755 1725 1663 1610 1542 1511 1501 1489 1490 1492 1489 1489 1489 1489 1489 1489 1489 1489 1489
2184 2179 2175 2170 2166 2160 2149 2139 2132 2125 2117 2110 2101 2094 2090 2087 2081 2077 2073 2068 2061 2055 2051 2050 2047 2044 2042 2041 2037 2032 2030 2026 2022 2015 2007 2002 2001 1999 1994 1988 1976 1966 1961 1959 1957 1948 1939 1933 1923 1916 1909 1886 1866 1860 1856 1853 1852 1853 1841 1840 1838 1821 1800 1783 1768 1752 1728 1659 1608 1534 1510 1493 1485 1486 1490 1489 1489 1489 1489 1489 1489 1489 1489 1489
2175 2172 2166 2159 2152 2144 2135 2130 2125 2115 2107 2102 2095 2091 2087 2084 2081 2076 2070 2062 2054 2048 2045 2043 2042 2038 2034 2031 2024 2017 2012 2010 2004 1997 1991 1986 1977 1970 1971 1970 1959 1949 1947 1942 1934 1927 1925 1918 1912 1906 1894 1874 1855 1837 1832 1834 1827 1825 1821 1802 1806 1788 1782 1769 1758 1732 1703 1679 1609 1564 1505 1490 1487 1487 1490 1491 1489 1489 1489 1489 1489 1489 1489 1489
2174 2168 2161 2152 2147 2140 2135 2129 2122 2114 2110 2102 2099 2095 2096 2092 2087 2081 2070 2063 2056 2053 2050 2052 2049 2044 2039 2031 2021 2013 2005 2000 1995 1987 1982 1976 1972 1964 1956 1951 1947 1941 1932 1922 1916 1912 1907 1903 1900 1897 1886 1872 1855 1843 1814 1804 1813 1804 1802 1801 1780 1777 1759 1750 1734 1719 1700 1681 1621 1560 1526 1496 1491 1488 1490 1493 1489 1489 1489 1489 1489 1489 1489 1489
2184 2178 2168 2160 2152 2146 2141 2136 2131 2127 2122 2115 2112 2107 2104 2098 2094 2089 2082 2073 2068 2064 2062 2059 2055 2047 2044 2035 2029 2024 2017 2010 2002 1993 1985 1977 1970 1963 1957 1951 1945 1938 1929 1916 1905 1901 1898 1896 1891 1885 1874 1862 1845 1830 1818 1801 1791 1792 1790 1784 1778 1761 1744 1735 1723 1709 1684 1660 1638 1575 1517 1499 1496 1494 1494 1494 1494 1489 1489 1489 1489 1489 1489 1489
2199 2191 2181 2173 2166 2158 2151 2148 2146 2140 2133 2127 2121 2116 2111 2106 2100 2092 2084 2078 2073 2069 2065 2062 2054 2049 2042 2038 2035 2031 2026 2022 2013 2002 1993 1986 1976 1969 1964 1957 1948 1939 1926 1914 1904 1899 1896 1888 1880 1873 1865 1854 1839 1825 1816 1808 1782 1766 1794 1805 1780 1753 1743 1731 1706 1690 1670 1639 1601 1574 1554 1520 1503 1500 1498 1495 1493 1493 1489 1489 1489 1489 1489 1489
2211 2205 2199 2188 2180 2173 2166 2160 2157 2155 2151 2143 2134 2129 2125 2116 2107 2098 2089 2081 2075 2069 2065 2059 2054 2047 2043 2040 2038 2035 2032 2029 2022 2014 2004 1997 1989 1982 1976 1968 1957 1947 1935 1923 1914 1905 1895 1887 1878 1868 1862 1845 1829 1821 1815 1807 1800 1800 1810 1806 1802 1800 1766 1711 1688 1677 1653 1625 1597 1569 1552 1536 1519 1506 1498 1495 1491 1491 1489 1489 1489 1489 1489 1489
2220 2218 2215 2209 2199 2189 2183 2180 2176 2172 2166 2158 2150 2143 2134 2125 2115 2106 2098 2089 2080 2072 2066 2062 2058 2053 2049 2047 2044 2041 2037 2033 2028 2019 2011 2005 1999 1993 1988 1982 1969 1956 1948 1938 1925 1916 1905 1894 1887 1880 1870 1858 1849 1840 1831 1825 1818 1818 1815 1814 1808 1807 1809 1759 1697 1669 1652 1626 1600 1580 1557 1538 1524 1511 1502 1494 1491 1490 1490 1489 1489 1489 1489 1489
2241 2236 2230 2223 2217 2208 2198 2193 2190 2182 2175 2170 2162 2156 2147 2136 2124 2114 2106 2100 2091 2081 2073 2071 2068 2065 2063 2062 2059 2053 2043 2036 2029 2022 2015 2012 2009 2005 2000 1993 1983 1971 1957 1946 1934 1925 1918 1911 1901 1895 1887 1879 1871 1863 1854 1846 1840 1834 1826 1818 1812 1808 1801 1774 1757 1715 1655 1617 1590 1569 1551 1540 1527 1515 1506 1497 1492 1489 1490 1489 1489 1489 1489 1489
2266 2256 2243 2236 2230 2221 2214 2209 2205 2197 2185 2177 2174 2167 2160 2149 2135 2125 2119 2112 2104 2095 2088 2084 2081 2080 2078 2076 2071 2063 2055 2046 2036 2027 2022 2022 2020 2015 2007 2000 1992 1980 1966 1954 1947 1939 1935 1930 1919 1909 1899 1888 1880 1875 1866 1857 1850 1844 1836 1825 1818 1812 1794 1769 1741 1684 1627 1606 1581 1561 1555 1546 1534 1521 1508 1499 1491 1488 1490 1489 1489 1489 1489 1489
2286 2270 2255 2246 2239 2236 2234 2233 2229 2221 2210 2200 2195 2189 2173 2160 2145 2135 2125 2118 2113 2107 2101 2098 2096 2093 2091 2083 2078 2077 2071 2064 2055 2047 2040 2033 2028 2023 2015 2005 1996 1990 1980 1972 1965 1956 1948 1940 1934 1926 1913 1901 1896 1889 1880 1874 1868 1862 1854 1843 1833 1810 1789 1764 1741 1698 1652 1628 1603 1577 1557 1549 1534 1519 1508 1498 1492 1489 1490 1489 1489 1489 1489 1489
2311 2282 2267 2259 2259 2258 2256 2252 2249 2246 2240 2232 2226 2222 2219 2209 2208 2177 2127 2121 2119 2115 2117 2118 2122 2122 2109 2099 2090 2085 2082 2077 2071 2065 2058 2055 2048 2041 2033 2017 2004 1994 1990 1991 1987 1970 1960 1953 1945 1938 1929 1919 1912 1907 1899 1894 1890 1884 1872 1859 1843 1822 1792 1766 1749 1724 1674 1631 1617 1591 1563 1543 1526 1519 1510 1500 1493 1491 1490 1489 1489 1489 1489 1489
2362 2340 2320 2303 2292 2284 2281 2278 2277 2275 2269 2264 2264 2264 2263 2265 2274 2243 2206 2170 2116 2130 2136 2150 2155 2144 2134 2117 2100 2095 2092 2086 2082 2079 2077 2076 2078 2078 2075 2075 2032 2004 2002 2012 2007 1993 1974 1967 1955 1950 1943 1938 1934 1935 1935 1925 1913 1897 1883 1865 1850 1832 1806 1779 1754 1730 1644 1581 1582 1572 1544 1522 1524 1519 1511 1504 1497 1494 1489 1489 1489 1489 1489 1489
2385 2375 2365 2341 2315 2306 2306 2303 2301 2299 2294 2288 2286 2283 2281 2284 2305 2311 2286 2268 2234 2218 2208 2186 2172 2157 2144 2128 2112 2106 2100 2099 2097 2096 2096 2101 2110 2115 2115 2113 2099 2096 2047 2062 2062 2032 2010 1987 1983 1967 1965 1962 1960 1956 1950 1937 1920 1902 1885 1864 1844 1850 1846 1807 1770 1719 1690 1656 1642 1622 1566 1525 1520 1520 1516 1509 1504 1501 1489 1489 1489 1489 1489 1489
2402 2398 2394 2360 2323 2320 2320 2319 2320 2325 2330 2337 2343 2342 2338 2342 2336 2323 2296 2269 2260 2252 2232 2214 2191 2164 2162 2145 2143 2126 2119 2118 2117 2115 2114 2132 2152 2147 2142 2152 2153 2150 2139 2126 2118 2105 2062 2047 2033 2022 2002 1986 1977 1971 1957 1941 1924 1908 1898 1891 1889 1882 1861 1832 1804 1800 1803 1803 1743 1711 1648 1583 1523 1526 1523 1517 1510 1504 1489 1489 1489 1489 1489 1489
2421 2420 2418 2406 2373 2352 2352 2353 2357 2366 2373 2379 2385 2380 2373 2362 2353 2333 2311 2284 2263 2254 2245 2234 2226 2217 2217 2191 2190 2175 2170 2171 2149 2134 2148 2163 2173 2180 2178 2174 2174 2166 2158 2149 2140 2127 2103 2083 2067 2043 2017 2003 1990 1980 1970 1957 1947 1936 1925 1919 1915 1907 1863 1814 1811 1809 1811 1813 1810 1796 1691 1572 1529 1528 1526 1522 1517 1509 1502 1489 1489 1489 1489 1489
2451 2447 2448 2441 2413 2389 2386 2386 2394 2403 2409 2414 2410 2403 2388 2374 2360 2340 2311 2289 2276 2270 2263 2258 2257 2275 2296 2284 2267 2256 2251 2243 2234 2217 2206 2207 2204 2198 2193 2187 2180 2173 2167 2158 2147 2133 2117 2097 2079 2067 2049 2023 2003 1996 1993 1983 1974 1963 1952 1932 1913 1902 1886 1846 1816 1809 1806 1803 1801 1797 1694 1562 1538 1535 1531 1527 1519 1510 1500 1493 1489 1489 1489 1489
2479 2470 2467 2463 2459 2445 2436 2435 2434 2435 2435 2430 2421 2406 2391 2377 2361 2345 2327 2310 2298 2290 2290 2292 2296 2300 2294 2289 2279 2266 2253 2242 2229 2227 2224 2212 2202 2197 2189 2181 2173 2166 2155 2143 2132 2118 2107 2092 2077 2067 2057 2050 2036 2020 2011 2005 1987 1966 1948 1930 1913 1897 1874 1843 1814 1807 1801 1799 1797 1728 1613 1552 1548 1554 1549 1534 1520 1504 1498 1494 1489 1489 1489 1489
