terrain/dems/dolomites/nuvolau.asc
ncols        111
nrows        71
xllcorner    12.022916666667
yllcorner    46.488750000000
cellsize     30
[rows 0 to 37 of 71, columns 0 to 83 of 111]
2166 2169 2174 2184 2194 2201 2210 2221 2227 2232 2235 2233 2231 2227 2227 2226 2227 2227 2229 2234 2240 2240 2241 2243 2246 2247 2248 2240 2229 2220 2214 2210 2207 2204 2200 2196 2194 2191 2186 2182 2182 2182 2182 2180 2175 2171 2169 2168 2166 2165 2164 2165 2169 2173 2179 2184 2189 2195 2204 2212 2220 2229 2239 2249 2259 2270 2280 2289 2296 2300 2304 2311 2317 2324 2326 2325 2318 2312 2308 2306 2304 2303 2303 2301
2152 2154 2157 2162 2172 2181 2193 2205 2209 2209 2210 2210 2209 2212 2215 2219 2223 2226 2229 2233 2236 2238 2241 2247 2252 2255 2250 2242 2232 2225 2220 2214 2209 2204 2202 2203 2202 2197 2190 2186 2185 2187 2188 2186 2184 2181 2178 2177 2177 2179 2182 2183 2183 2182 2183 2186 2191 2198 2206 2215 2225 2232 2240 2248 2257 2267 2276 2285 2292 2298 2303 2311 2321 2327 2331 2329 2323 2318 2315 2313 2309 2307 2306 2303
2138 2140 2144 2150 2156 2166 2176 2183 2190 2192 2192 2196 2198 2201 2205 2210 2215 2218 2219 2223 2228 2233 2237 2243 2251 2255 2252 2245 2240 2234 2229 2223 2217 2212 2208 2208 2205 2199 2194 2191 2191 2193 2194 2192 2191 2192 2193 2191 2191 2194 2201 2204 2202 2198 2198 2198 2198 2204 2211 2220 2227 2232 2238 2245 2252 2264 2279 2288 2294 2301 2308 2315 2322 2329 2332 2330 2329 2326 2323 2319 2313 2310 2307 2303
2126 2127 2129 2136 2140 2149 2158 2166 2169 2173 2179 2185 2190 2193 2196 2202 2206 2208 2212 2216 2219 2224 2228 2237 2248 2252 2253 2252 2248 2245 2239 2232 2227 2219 2216 2216 2210 2205 2201 2198 2197 2198 2198 2198 2199 2203 2204 2206 2208 2211 2215 2215 2214 2212 2210 2211 2212 2215 2220 2225 2230 2235 2239 2243 2252 2263 2276 2289 2298 2306 2314 2322 2330 2335 2338 2339 2339 2336 2329 2322 2316 2308 2304 2300
2120 2123 2124 2126 2129 2135 2142 2150 2156 2162 2168 2176 2182 2187 2191 2195 2199 2202 2206 2210 2214 2219 2227 2237 2247 2252 2253 2255 2254 2249 2243 2239 2235 2231 2226 2221 2217 2214 2209 2206 2204 2201 2203 2205 2209 2212 2214 2215 2216 2218 2220 2220 2219 2219 2218 2218 2221 2227 2230 2234 2238 2240 2245 2255 2264 2272 2281 2290 2300 2311 2320 2327 2335 2344 2347 2351 2349 2345 2338 2331 2322 2313 2305 2298
2120 2120 2120 2122 2124 2130 2137 2143 2151 2156 2161 2170 2178 2182 2185 2188 2190 2193 2199 2206 2212 2218 2226 2239 2247 2253 2255 2256 2254 2251 2247 2243 2241 2237 2232 2228 2222 2220 2220 2217 2214 2212 2210 2213 2216 2220 2222 2222 2223 2224 2223 2224 2224 2225 2226 2226 2228 2234 2240 2246 2251 2255 2257 2263 2271 2278 2284 2295 2308 2316 2323 2334 2345 2350 2357 2360 2359 2356 2350 2340 2331 2320 2310 2299
2120 2122 2120 2119 2122 2128 2139 2147 2150 2154 2159 2167 2174 2178 2182 2185 2185 2187 2193 2204 2213 2220 2228 2236 2247 2252 2254 2256 2257 2255 2254 2252 2249 2245 2242 2238 2235 2233 2231 2228 2224 2222 2221 2223 2226 2229 2231 2232 2232 2232 2233 2234 2238 2243 2245 2242 2245 2251 2257 2264 2271 2275 2279 2283 2285 2288 2294 2306 2317 2326 2334 2343 2350 2354 2359 2363 2363 2359 2353 2344 2333 2324 2314 2307
2121 2125 2126 2124 2127 2136 2146 2152 2154 2156 2161 2168 2172 2176 2180 2183 2185 2188 2196 2206 2214 2220 2225 2232 2241 2248 2252 2256 2257 2257 2259 2259 2256 2254 2252 2251 2249 2245 2241 2237 2235 2232 2231 2234 2239 2243 2244 2244 2244 2244 2245 2249 2254 2258 2261 2265 2270 2274 2278 2282 2287 2291 2295 2300 2303 2304 2309 2317 2325 2333 2341 2349 2356 2361 2367 2370 2369 2364 2353 2343 2334 2324 2315 2311
2121 2134 2139 2138 2139 2146 2155 2156 2157 2160 2164 2166 2169 2171 2176 2180 2184 2192 2202 2211 2216 2219 2223 2229 2238 2248 2255 2261 2265 2263 2265 2265 2261 2259 2260 2260 2259 2255 2251 2247 2247 2247 2246 2247 2250 2253 2257 2260 2261 2262 2263 2265 2269 2273 2280 2286 2288 2290 2293 2295 2297 2303 2312 2314 2314 2317 2321 2326 2332 2339 2348 2358 2365 2369 2374 2375 2372 2368 2359 2348 2336 2326 2320 2317
2134 2144 2148 2150 2153 2157 2162 2165 2167 2168 2166 2166 2167 2172 2176 2181 2189 2194 2201 2210 2216 2222 2228 2236 2247 2256 2264 2271 2273 2275 2275 2274 2272 2269 2267 2266 2264 2261 2257 2256 2257 2258 2258 2258 2259 2260 2264 2269 2272 2273 2275 2278 2284 2290 2294 2297 2301 2304 2306 2308 2313 2319 2324 2326 2326 2327 2334 2340 2342 2346 2355 2365 2370 2374 2375 2376 2376 2370 2360 2348 2336 2328 2324 2323
2146 2152 2154 2157 2161 2163 2166 2169 2171 2171 2168 2166 2170 2175 2182 2190 2192 2198 2205 2214 2230 2240 2249 2259 2264 2269 2273 2277 2282 2285 2286 2286 2281 2277 2274 2272 2270 2269 2268 2267 2269 2269 2267 2266 2264 2266 2270 2276 2281 2284 2288 2294 2298 2299 2301 2303 2307 2313 2318 2323 2328 2333 2337 2338 2341 2346 2352 2357 2358 2358 2362 2369 2373 2375 2377 2378 2379 2374 2365 2354 2342 2335 2333 2333
2154 2153 2154 2160 2164 2166 2169 2169 2170 2170 2169 2169 2175 2183 2190 2198 2207 2216 2225 2239 2253 2260 2267 2274 2277 2279 2281 2284 2286 2288 2289 2285 2280 2278 2277 2276 2276 2277 2279 2282 2285 2286 2286 2281 2276 2275 2279 2283 2287 2291 2296 2301 2304 2304 2304 2307 2314 2327 2336 2340 2343 2344 2346 2351 2357 2361 2365 2367 2368 2368 2369 2370 2371 2374 2377 2380 2379 2375 2367 2355 2348 2344 2343 2344
2158 2158 2161 2164 2170 2171 2173 2173 2174 2182 2184 2188 2196 2202 2205 2209 2217 2228 2240 2252 2262 2268 2272 2277 2282 2285 2287 2288 2290 2292 2288 2285 2281 2281 2282 2282 2284 2286 2287 2289 2293 2296 2297 2295 2291 2289 2292 2295 2299 2303 2308 2310 2310 2309 2311 2321 2337 2350 2356 2358 2356 2355 2357 2362 2369 2375 2376 2375 2375 2374 2373 2373 2374 2376 2379 2380 2378 2372 2365 2360 2354 2351 2351 2351
2167 2170 2173 2176 2176 2176 2175 2177 2186 2198 2208 2211 2214 2217 2219 2222 2224 2233 2245 2259 2274 2279 2280 2285 2291 2293 2293 2293 2297 2297 2298 2294 2291 2289 2287 2288 2290 2291 2293 2295 2297 2299 2302 2304 2305 2305 2306 2308 2312 2316 2319 2320 2321 2323 2331 2342 2353 2362 2365 2366 2366 2365 2368 2374 2381 2385 2386 2385 2382 2381 2378 2376 2376 2378 2379 2379 2378 2374 2370 2367 2367 2367 2363 2358
2171 2177 2181 2181 2179 2176 2172 2173 2195 2215 2217 2217 2219 2221 2226 2229 2234 2236 2252 2271 2279 2284 2287 2291 2293 2295 2296 2297 2299 2302 2303 2302 2300 2297 2295 2294 2295 2296 2298 2301 2304 2307 2311 2312 2313 2314 2315 2317 2319 2321 2325 2328 2332 2337 2344 2353 2360 2365 2369 2369 2370 2375 2379 2383 2388 2391 2393 2394 2392 2388 2384 2382 2381 2381 2383 2386 2387 2385 2380 2379 2380 2379 2375 2368
2176 2182 2184 2183 2181 2176 2174 2198 2220 2219 2220 2223 2224 2225 2229 2233 2237 2243 2258 2270 2279 2287 2289 2290 2293 2297 2297 2298 2300 2302 2303 2304 2303 2300 2299 2299 2299 2301 2305 2309 2313 2316 2317 2318 2318 2318 2319 2322 2324 2326 2330 2334 2339 2345 2351 2357 2363 2367 2371 2375 2380 2386 2389 2392 2393 2394 2396 2396 2393 2391 2389 2389 2387 2389 2390 2392 2393 2391 2389 2388 2389 2390 2388 2380
2178 2183 2182 2182 2182 2184 2188 2206 2220 2218 2223 2231 2234 2235 2237 2239 2240 2246 2253 2264 2277 2285 2288 2290 2294 2298 2300 2301 2302 2304 2305 2305 2304 2304 2304 2306 2307 2308 2311 2315 2318 2320 2321 2322 2322 2323 2327 2331 2333 2335 2340 2345 2350 2355 2359 2362 2366 2371 2380 2388 2396 2404 2410 2407 2403 2402 2400 2398 2394 2392 2392 2392 2392 2391 2393 2395 2397 2398 2395 2395 2395 2394 2390 2381
2172 2177 2179 2179 2184 2191 2209 2223 2221 2219 2226 2234 2238 2241 2243 2242 2243 2248 2255 2263 2270 2278 2285 2289 2293 2297 2301 2303 2306 2307 2307 2308 2309 2311 2312 2312 2313 2314 2316 2318 2321 2324 2326 2327 2328 2332 2336 2340 2345 2351 2356 2359 2363 2370 2374 2378 2385 2396 2405 2412 2429 2442 2449 2442 2429 2417 2407 2403 2399 2397 2399 2397 2394 2393 2396 2398 2402 2404 2404 2403 2402 2399 2392 2385
2158 2168 2174 2174 2188 2211 2226 2228 2231 2232 2233 2235 2238 2242 2245 2246 2246 2248 2253 2259 2265 2271 2279 2284 2290 2297 2302 2305 2306 2307 2308 2312 2316 2316 2316 2316 2317 2317 2320 2324 2327 2329 2330 2333 2335 2339 2344 2352 2362 2371 2376 2379 2382 2386 2391 2396 2404 2416 2431 2452 2470 2482 2481 2469 2448 2427 2417 2414 2410 2406 2403 2401 2400 2403 2402 2405 2407 2408 2408 2407 2405 2400 2394 2387
2132 2142 2150 2157 2177 2199 2212 2233 2238 2237 2234 2233 2236 2241 2244 2243 2242 2245 2248 2252 2259 2266 2273 2278 2282 2290 2299 2306 2308 2308 2311 2317 2319 2319 2319 2321 2322 2323 2325 2328 2331 2332 2335 2339 2344 2349 2357 2366 2375 2384 2394 2401 2405 2409 2411 2416 2427 2443 2473 2496 2507 2508 2495 2480 2473 2467 2449 2428 2416 2409 2406 2407 2407 2409 2412 2410 2409 2410 2410 2410 2410 2405 2398 2390
2107 2118 2125 2137 2164 2189 2206 2218 2222 2222 2224 2226 2228 2231 2231 2232 2233 2235 2238 2243 2249 2258 2267 2274 2280 2286 2293 2302 2310 2312 2315 2322 2329 2330 2328 2330 2332 2331 2331 2334 2337 2338 2340 2344 2350 2359 2367 2374 2383 2395 2408 2418 2423 2425 2434 2441 2465 2500 2515 2527 2529 2521 2515 2510 2485 2476 2462 2441 2426 2417 2414 2413 2414 2417 2418 2417 2416 2418 2419 2423 2418 2414 2403 2390
2091 2102 2119 2136 2153 2180 2203 2207 2204 2204 2209 2213 2218 2221 2222 2223 2226 2228 2230 2233 2241 2251 2260 2269 2278 2283 2290 2299 2305 2309 2317 2327 2337 2340 2341 2341 2340 2339 2340 2344 2348 2349 2350 2354 2359 2368 2376 2382 2389 2403 2416 2423 2429 2435 2448 2480 2505 2513 2519 2525 2529 2529 2527 2519 2491 2477 2463 2449 2436 2427 2421 2420 2420 2422 2424 2425 2426 2427 2432 2437 2431 2425 2409 2391
2083 2096 2112 2126 2138 2157 2180 2192 2190 2188 2194 2205 2209 2211 2213 2217 2220 2223 2225 2228 2236 2244 2252 2259 2269 2278 2285 2293 2301 2310 2321 2334 2341 2347 2349 2350 2349 2346 2349 2353 2356 2359 2364 2368 2372 2377 2382 2389 2399 2411 2420 2429 2438 2454 2478 2495 2506 2516 2526 2533 2539 2539 2538 2530 2522 2490 2456 2447 2439 2431 2426 2423 2423 2425 2428 2429 2432 2438 2442 2442 2437 2426 2411 2394
2081 2090 2104 2115 2122 2136 2159 2172 2172 2175 2183 2192 2196 2200 2202 2209 2215 2218 2222 2230 2238 2243 2248 2254 2263 2275 2284 2291 2299 2311 2325 2336 2345 2351 2356 2358 2356 2354 2354 2356 2358 2363 2370 2376 2378 2380 2386 2391 2404 2417 2426 2435 2456 2477 2488 2500 2514 2528 2538 2548 2559 2570 2567 2566 2529 2475 2451 2444 2439 2435 2430 2426 2425 2425 2426 2428 2437 2447 2451 2446 2441 2429 2415 2399
2083 2094 2112 2124 2130 2144 2153 2159 2162 2167 2175 2182 2189 2195 2202 2208 2213 2217 2224 2233 2242 2246 2248 2256 2267 2277 2284 2291 2297 2309 2323 2333 2341 2349 2357 2361 2364 2365 2366 2370 2373 2377 2383 2384 2383 2384 2388 2398 2411 2421 2430 2446 2464 2480 2491 2503 2521 2538 2549 2559 2570 2579 2590 2601 2559 2495 2463 2445 2441 2434 2434 2432 2429 2428 2430 2433 2451 2456 2454 2448 2437 2427 2416 2403
2100 2113 2126 2142 2148 2155 2160 2162 2166 2170 2175 2185 2194 2198 2206 2215 2218 2222 2229 2239 2247 2253 2256 2260 2269 2278 2284 2291 2303 2314 2324 2333 2340 2348 2358 2366 2372 2375 2380 2384 2386 2387 2387 2388 2390 2391 2392 2401 2410 2423 2436 2453 2470 2480 2489 2507 2523 2535 2542 2549 2554 2596 2604 2598 2587 2522 2463 2446 2437 2433 2431 2431 2430 2430 2431 2437 2441 2446 2445 2437 2431 2425 2415 2403
2125 2131 2146 2159 2171 2180 2185 2185 2185 2189 2196 2205 2214 2222 2229 2233 2233 2230 2236 2244 2252 2256 2260 2266 2273 2278 2286 2295 2307 2319 2328 2336 2346 2356 2362 2368 2374 2380 2384 2387 2390 2391 2393 2395 2397 2399 2399 2401 2412 2426 2441 2456 2468 2489 2498 2508 2516 2524 2535 2532 2541 2596 2578 2558 2532 2491 2454 2439 2429 2427 2425 2426 2428 2428 2428 2414 2407 2427 2431 2429 2425 2419 2416 2414
2137 2146 2161 2173 2180 2190 2198 2202 2206 2213 2223 2230 2236 2244 2254 2255 2250 2247 2249 2253 2256 2260 2264 2268 2274 2280 2287 2300 2313 2327 2338 2345 2355 2363 2368 2373 2377 2381 2385 2390 2394 2398 2400 2402 2404 2404 2405 2407 2417 2431 2443 2454 2464 2481 2495 2508 2510 2513 2518 2519 2529 2532 2546 2524 2487 2449 2435 2425 2418 2412 2415 2416 2420 2413 2404 2393 2395 2400 2420 2429 2418 2405 2405 2417
2144 2161 2173 2177 2187 2197 2207 2216 2224 2232 2243 2252 2257 2264 2267 2269 2267 2262 2260 2260 2262 2266 2271 2275 2279 2286 2298 2316 2339 2352 2359 2363 2366 2371 2375 2380 2386 2390 2393 2399 2407 2409 2408 2408 2407 2408 2408 2414 2421 2433 2448 2453 2458 2465 2481 2495 2500 2512 2509 2512 2512 2511 2493 2476 2451 2425 2413 2407 2401 2396 2397 2399 2395 2379 2372 2373 2374 2380 2390 2399 2402 2388 2395 2414
2153 2167 2173 2184 2196 2210 2219 2223 2233 2250 2263 2274 2279 2282 2285 2280 2275 2274 2273 2270 2271 2277 2286 2295 2304 2314 2326 2342 2356 2370 2375 2374 2374 2376 2381 2387 2393 2399 2406 2411 2411 2410 2407 2406 2406 2408 2412 2418 2426 2437 2439 2442 2460 2465 2472 2485 2485 2496 2503 2501 2485 2467 2464 2438 2408 2398 2392 2388 2385 2384 2384 2377 2363 2351 2349 2355 2356 2361 2367 2367 2375 2378 2382 2387
2160 2173 2168 2183 2212 2201 2210 2236 2272 2286 2288 2291 2293 2303 2302 2302 2298 2291 2287 2281 2284 2291 2303 2315 2325 2336 2345 2354 2365 2374 2380 2381 2382 2384 2388 2394 2401 2408 2413 2416 2414 2411 2409 2408 2408 2409 2414 2421 2428 2434 2434 2441 2457 2462 2464 2465 2475 2484 2481 2464 2445 2431 2426 2408 2394 2383 2377 2373 2369 2368 2367 2368 2345 2337 2333 2334 2337 2337 2322 2336 2346 2352 2362 2353
2161 2166 2165 2180 2213 2235 2257 2265 2276 2281 2290 2295 2300 2313 2319 2320 2318 2310 2304 2298 2297 2301 2312 2325 2340 2352 2360 2369 2379 2384 2386 2388 2390 2392 2396 2403 2409 2414 2420 2424 2425 2424 2420 2415 2413 2411 2414 2415 2419 2422 2426 2431 2443 2449 2452 2449 2466 2458 2454 2438 2425 2416 2403 2387 2378 2372 2365 2358 2352 2347 2345 2344 2327 2322 2319 2315 2318 2317 2310 2307 2315 2321 2320 2323
2156 2173 2164 2187 2214 2260 2265 2274 2280 2291 2292 2297 2307 2327 2330 2329 2326 2326 2322 2319 2319 2323 2332 2346 2357 2366 2373 2382 2388 2392 2394 2396 2398 2401 2407 2413 2418 2423 2430 2434 2434 2431 2426 2422 2419 2415 2409 2404 2404 2408 2411 2418 2428 2435 2437 2435 2433 2434 2438 2425 2414 2400 2383 2377 2370 2362 2354 2344 2337 2331 2325 2318 2310 2307 2301 2295 2296 2291 2290 2289 2291 2294 2300 2303
2169 2172 2177 2193 2231 2268 2275 2283 2285 2298 2291 2307 2320 2338 2338 2336 2334 2335 2336 2337 2338 2343 2351 2362 2371 2379 2386 2390 2393 2396 2398 2401 2404 2408 2414 2423 2430 2437 2441 2444 2438 2429 2422 2420 2416 2408 2400 2394 2393 2393 2396 2400 2411 2416 2419 2420 2418 2421 2411 2400 2392 2382 2376 2368 2360 2351 2341 2332 2324 2316 2310 2302 2295 2288 2284 2281 2277 2275 2272 2270 2271 2272 2277 2285
2173 2180 2195 2193 2230 2258 2275 2293 2290 2282 2298 2313 2349 2346 2344 2343 2341 2343 2347 2350 2352 2359 2370 2381 2389 2394 2397 2399 2401 2401 2402 2406 2409 2415 2423 2433 2442 2449 2454 2453 2445 2427 2417 2411 2402 2392 2386 2384 2384 2383 2383 2387 2391 2397 2398 2398 2396 2395 2386 2377 2373 2369 2363 2355 2345 2336 2326 2317 2308 2298 2291 2286 2282 2278 2272 2267 2264 2263 2263 2260 2259 2261 2262 2271
2187 2190 2194 2203 2223 2334 2348 2286 2275 2285 2310 2345 2352 2352 2350 2349 2350 2352 2355 2358 2365 2375 2385 2393 2397 2401 2404 2406 2407 2409 2412 2414 2419 2428 2440 2451 2460 2465 2468 2461 2450 2428 2404 2392 2383 2379 2378 2376 2374 2373 2374 2376 2379 2380 2382 2377 2375 2373 2369 2362 2357 2355 2347 2335 2326 2320 2312 2306 2296 2285 2280 2277 2274 2270 2265 2259 2256 2255 2254 2253 2253 2255 2257 2260
2191 2198 2190 2205 2225 2268 2287 2295 2301 2317 2344 2352 2358 2358 2360 2359 2360 2361 2362 2367 2374 2384 2392 2397 2399 2400 2404 2409 2412 2414 2417 2422 2436 2449 2458 2466 2473 2479 2476 2464 2433 2405 2390 2381 2373 2369 2371 2368 2362 2362 2362 2364 2363 2364 2363 2360 2356 2354 2350 2349 2346 2341 2330 2322 2315 2309 2303 2296 2288 2281 2273 2269 2266 2263 2260 2254 2252 2247 2246 2245 2246 2246 2248 2251
2196 2202 2205 2210 2232 2254 2272 2287 2301 2322 2347 2351 2363 2368 2370 2372 2373 2373 2374 2376 2381 2389 2396 2401 2402 2402 2404 2409 2414 2418 2426 2440 2452 2462 2470 2477 2483 2483 2475 2453 2428 2399 2375 2365 2358 2352 2351 2349 2345 2346 2347 2345 2341 2340 2342 2340 2336 2333 2331 2331 2327 2322 2317 2310 2303 2299 2295 2288 2279 2272 2266 2261 2261 2260 2257 2254 2249 2245 2241 2241 2239 2238 2238 2240
