terrain/dems/exampleFiles/misc/rainier.grd
ncols        360
nrows        299
xllcorner    -121.810972222222
yllcorner    46.811805555556
cellsize 30
[rows 114 to 151 of 299, columns 84 to 167 of 360]
3151 3163 3168 3178 3195 3209 3208 3214 3226 3241 3244 3253 3265 3275 3286 3300 3309 3311 3312 3313 3313 3317 3323 3333 3340 3344 3349 3356 3360 3365 3370 3378 3384 3408 3424 3438 3452 3458 3469 3483 3498 3512 3523 3533 3539 3544 3552 3565 3576 3583 3589 3593 3601 3610 3615 3615 3619 3625 3629 3631 3636 3641 3640 3638 3643 3649 3654 3656 3662 3677 3680 3691 3720 3733 3741 3749 3760 3774 3790 3803 3814 3826 3836 3860
3154 3161 3166 3172 3181 3201 3210 3212 3241 3254 3267 3266 3271 3281 3296 3312 3321 3327 3334 3336 3339 3339 3345 3353 3357 3363 3369 3377 3384 3382 3388 3395 3413 3431 3442 3453 3460 3467 3481 3493 3508 3523 3538 3548 3554 3562 3569 3580 3592 3604 3609 3613 3618 3626 3634 3639 3639 3640 3648 3653 3661 3664 3662 3662 3668 3670 3670 3677 3688 3695 3705 3713 3727 3738 3746 3757 3765 3782 3796 3810 3826 3837 3851 3860
3150 3156 3165 3172 3185 3200 3205 3210 3230 3254 3265 3269 3272 3287 3304 3318 3326 3338 3345 3353 3355 3361 3368 3370 3376 3381 3388 3394 3403 3408 3410 3419 3438 3450 3458 3467 3479 3496 3506 3514 3525 3539 3547 3556 3566 3575 3584 3597 3611 3621 3627 3629 3634 3643 3651 3656 3657 3658 3664 3671 3678 3682 3681 3683 3685 3689 3692 3694 3704 3714 3719 3723 3744 3753 3760 3766 3776 3787 3801 3820 3835 3846 3861 3875
3142 3149 3160 3179 3191 3203 3209 3215 3229 3249 3263 3276 3279 3296 3314 3325 3333 3342 3350 3353 3365 3377 3387 3397 3399 3402 3408 3416 3425 3432 3435 3447 3464 3472 3480 3488 3503 3518 3527 3534 3540 3544 3550 3564 3578 3589 3600 3614 3625 3634 3642 3648 3657 3665 3670 3670 3671 3674 3678 3683 3691 3696 3698 3699 3703 3710 3717 3721 3723 3725 3734 3742 3766 3770 3772 3782 3792 3806 3818 3836 3846 3855 3866 3876
3125 3136 3151 3168 3191 3203 3212 3223 3231 3241 3264 3283 3289 3300 3323 3333 3346 3347 3352 3366 3384 3391 3405 3412 3423 3423 3424 3433 3444 3452 3461 3471 3480 3489 3497 3507 3522 3533 3542 3548 3551 3553 3561 3577 3598 3609 3616 3627 3644 3651 3660 3672 3681 3687 3687 3690 3691 3695 3698 3700 3709 3711 3714 3716 3720 3730 3736 3737 3734 3747 3749 3766 3787 3792 3798 3803 3812 3823 3834 3846 3857 3866 3881 3888
3103 3124 3139 3158 3182 3196 3212 3221 3228 3243 3268 3286 3300 3306 3320 3342 3351 3356 3366 3380 3391 3396 3408 3422 3429 3435 3439 3448 3461 3473 3481 3480 3493 3502 3512 3523 3535 3545 3555 3562 3568 3575 3581 3596 3612 3623 3630 3646 3658 3663 3674 3683 3690 3693 3700 3705 3713 3716 3723 3726 3733 3731 3732 3735 3743 3748 3754 3755 3761 3764 3775 3787 3794 3802 3810 3817 3823 3834 3842 3853 3865 3885 3896 3904
3103 3116 3133 3151 3170 3190 3204 3214 3223 3249 3267 3284 3299 3314 3330 3351 3362 3368 3374 3387 3391 3395 3411 3420 3432 3442 3448 3459 3474 3489 3500 3510 3518 3524 3529 3537 3544 3554 3569 3578 3585 3592 3604 3616 3628 3637 3642 3658 3670 3680 3687 3696 3702 3709 3713 3721 3729 3736 3739 3748 3751 3748 3754 3757 3764 3765 3769 3768 3774 3783 3790 3794 3795 3798 3818 3831 3840 3850 3856 3863 3879 3890 3900 3906
3103 3111 3127 3152 3171 3189 3204 3210 3225 3245 3267 3279 3296 3312 3336 3355 3369 3374 3378 3383 3389 3394 3411 3426 3435 3447 3456 3469 3485 3504 3517 3525 3536 3540 3545 3552 3559 3568 3582 3587 3593 3603 3617 3630 3639 3648 3657 3669 3687 3698 3703 3709 3717 3728 3732 3736 3750 3758 3761 3766 3772 3776 3775 3779 3789 3794 3794 3803 3800 3817 3816 3816 3814 3827 3837 3845 3851 3860 3870 3876 3888 3897 3906 3914
3105 3112 3121 3144 3175 3198 3210 3220 3237 3259 3272 3285 3297 3316 3331 3355 3368 3381 3387 3390 3392 3402 3424 3429 3441 3456 3464 3478 3500 3515 3525 3534 3541 3550 3560 3568 3574 3583 3590 3598 3607 3617 3631 3642 3650 3660 3674 3690 3698 3704 3710 3719 3733 3738 3752 3760 3768 3776 3783 3788 3793 3797 3800 3804 3817 3823 3824 3820 3826 3823 3826 3831 3841 3848 3854 3856 3858 3865 3875 3898 3914 3919 3924 3932
3108 3112 3119 3132 3161 3198 3220 3242 3237 3280 3278 3298 3309 3324 3340 3355 3374 3390 3398 3407 3406 3408 3432 3437 3451 3473 3480 3495 3511 3521 3532 3538 3550 3563 3574 3588 3596 3602 3609 3618 3627 3637 3646 3657 3665 3675 3689 3703 3711 3716 3725 3741 3756 3760 3773 3779 3785 3791 3799 3803 3813 3819 3822 3827 3831 3835 3839 3841 3828 3824 3830 3837 3845 3857 3868 3876 3878 3879 3898 3918 3932 3944 3942 3955
3108 3113 3118 3121 3151 3209 3231 3252 3271 3295 3310 3322 3322 3332 3344 3357 3379 3396 3411 3420 3427 3434 3444 3453 3467 3489 3503 3513 3519 3529 3540 3550 3558 3572 3584 3596 3606 3616 3626 3637 3648 3656 3666 3674 3683 3694 3707 3714 3721 3731 3741 3755 3762 3771 3781 3793 3805 3813 3818 3825 3833 3837 3840 3847 3852 3853 3854 3860 3855 3856 3858 3861 3862 3874 3886 3892 3898 3902 3919 3930 3943 3949 3962 3973
3112 3116 3124 3143 3193 3224 3248 3273 3306 3320 3328 3330 3337 3344 3350 3361 3382 3404 3421 3432 3441 3446 3458 3469 3483 3500 3512 3523 3531 3535 3546 3557 3571 3584 3596 3603 3614 3624 3636 3647 3659 3671 3680 3689 3698 3707 3717 3727 3741 3750 3760 3766 3772 3784 3797 3804 3817 3825 3833 3843 3849 3852 3855 3865 3872 3872 3874 3875 3874 3875 3881 3881 3883 3892 3896 3901 3908 3914 3935 3952 3960 3967 3981 3989
3116 3118 3162 3215 3237 3246 3259 3280 3300 3319 3326 3334 3342 3350 3356 3365 3383 3403 3420 3433 3440 3451 3465 3481 3493 3504 3517 3527 3537 3543 3547 3557 3575 3595 3605 3611 3620 3633 3644 3655 3667 3680 3693 3705 3716 3724 3733 3745 3759 3770 3777 3786 3796 3802 3808 3817 3825 3835 3846 3855 3865 3870 3874 3881 3885 3890 3891 3892 3894 3898 3902 3905 3908 3911 3914 3925 3936 3935 3969 3979 3982 3994 3998 4005
3118 3151 3203 3236 3246 3257 3272 3293 3313 3323 3332 3337 3346 3357 3366 3374 3387 3401 3414 3426 3440 3453 3468 3482 3495 3509 3522 3534 3542 3544 3545 3556 3571 3592 3610 3616 3630 3646 3660 3673 3683 3696 3711 3722 3730 3739 3751 3763 3775 3782 3789 3796 3809 3821 3827 3831 3835 3841 3852 3864 3871 3880 3888 3895 3906 3914 3919 3924 3928 3934 3936 3937 3936 3938 3945 3958 3974 3989 3992 3995 3997 3996 4003 4006
3157 3187 3232 3244 3256 3270 3287 3307 3324 3334 3339 3345 3357 3368 3374 3382 3394 3405 3416 3429 3445 3459 3470 3483 3497 3512 3526 3536 3543 3548 3553 3567 3582 3589 3604 3627 3645 3659 3674 3682 3691 3702 3717 3732 3740 3752 3768 3780 3789 3794 3796 3806 3819 3829 3839 3845 3848 3853 3859 3869 3879 3891 3903 3912 3916 3921 3929 3937 3942 3948 3953 3954 3958 3962 3967 3975 3985 3997 4011 4015 4011 4007 4009 4024
3219 3237 3242 3249 3258 3276 3295 3313 3323 3334 3344 3350 3362 3373 3381 3388 3400 3412 3422 3439 3454 3464 3474 3487 3501 3515 3529 3539 3546 3555 3566 3580 3591 3599 3615 3625 3640 3661 3673 3684 3694 3706 3720 3738 3752 3762 3776 3789 3799 3805 3811 3818 3826 3837 3850 3859 3862 3868 3876 3885 3895 3908 3921 3930 3936 3938 3944 3956 3962 3963 3964 3977 3989 3988 3987 3988 3995 4021 4037 4041 4043 4036 4039 4044
3243 3248 3252 3251 3271 3293 3305 3317 3327 3334 3354 3371 3381 3394 3398 3404 3416 3423 3434 3445 3460 3470 3476 3484 3499 3513 3528 3539 3551 3564 3575 3586 3597 3609 3621 3631 3641 3662 3681 3691 3698 3711 3734 3754 3764 3774 3782 3793 3804 3814 3822 3829 3836 3846 3859 3870 3877 3882 3886 3892 3900 3910 3927 3950 3959 3965 3970 3973 3978 3983 3988 3997 4006 4011 4013 4011 4017 4028 4043 4054 4058 4060 4058 4063
3247 3260 3270 3267 3294 3308 3317 3329 3334 3343 3380 3397 3407 3415 3418 3424 3436 3446 3455 3462 3472 3481 3485 3492 3502 3515 3526 3540 3555 3571 3586 3594 3604 3618 3631 3637 3650 3671 3686 3694 3705 3725 3747 3762 3774 3783 3795 3806 3815 3823 3833 3842 3848 3857 3869 3880 3889 3897 3897 3902 3911 3919 3938 3965 3977 3984 3987 3990 3994 3999 4010 4019 4026 4031 4032 4033 4033 4035 4044 4055 4064 4069 4079 4078
3254 3275 3315 3308 3318 3321 3329 3336 3334 3338 3385 3413 3422 3431 3438 3444 3456 3467 3472 3479 3490 3498 3504 3512 3521 3530 3540 3549 3563 3579 3591 3601 3611 3622 3634 3645 3657 3670 3683 3698 3711 3734 3750 3766 3779 3799 3816 3822 3828 3836 3847 3855 3862 3867 3873 3888 3901 3910 3921 3929 3936 3949 3961 3975 3990 3994 3995 4001 4010 4015 4021 4029 4035 4039 4042 4044 4044 4044 4046 4054 4077 4100 4102 4103
3273 3292 3305 3328 3329 3328 3334 3341 3382 3339 3383 3431 3440 3446 3455 3464 3472 3474 3481 3492 3504 3512 3521 3531 3539 3547 3555 3563 3574 3586 3597 3606 3618 3630 3643 3654 3667 3676 3681 3693 3715 3736 3736 3766 3785 3800 3813 3824 3836 3845 3857 3864 3867 3873 3886 3895 3909 3927 3941 3949 3953 3962 3976 3990 3999 4006 4012 4014 4019 4020 4025 4041 4051 4049 4049 4050 4049 4050 4060 4095 4120 4114 4113 4117
3285 3301 3313 3327 3334 3336 3353 3385 3421 3422 3419 3448 3456 3457 3472 3484 3488 3495 3495 3513 3516 3524 3533 3543 3552 3560 3567 3575 3585 3600 3604 3617 3628 3641 3653 3665 3674 3683 3689 3700 3726 3741 3763 3783 3786 3791 3807 3820 3834 3853 3864 3874 3881 3889 3900 3911 3924 3940 3955 3962 3965 3970 3981 3990 4005 4020 4027 4032 4032 4031 4056 4084 4081 4090 4078 4069 4072 4097 4119 4134 4129 4125 4130 4137
3294 3299 3317 3330 3344 3364 3386 3404 3423 3442 3456 3467 3471 3476 3491 3498 3505 3510 3519 3530 3537 3543 3557 3562 3570 3578 3590 3593 3605 3625 3631 3637 3643 3655 3667 3676 3680 3689 3700 3717 3739 3759 3778 3791 3797 3809 3815 3825 3836 3853 3871 3887 3898 3913 3924 3932 3940 3953 3968 3975 3978 3988 3993 4005 4016 4029 4039 4044 4052 4064 4082 4097 4107 4113 4118 4102 4122 4141 4145 4151 4152 4142 4146 4155
3297 3300 3311 3335 3360 3383 3394 3407 3424 3449 3462 3475 3481 3493 3500 3508 3516 3520 3530 3539 3552 3566 3576 3581 3587 3602 3610 3616 3623 3639 3646 3653 3658 3669 3679 3682 3689 3699 3720 3735 3756 3767 3777 3799 3812 3819 3827 3832 3836 3851 3875 3895 3912 3924 3937 3943 3955 3964 3974 3982 3990 3999 4007 4018 4030 4038 4049 4058 4068 4080 4091 4102 4114 4121 4125 4136 4144 4146 4150 4153 4158 4161 4164 4167
3311 3310 3333 3350 3373 3387 3397 3403 3422 3442 3463 3474 3488 3502 3515 3523 3531 3536 3541 3558 3570 3584 3591 3595 3602 3612 3621 3624 3630 3643 3652 3666 3670 3679 3685 3690 3695 3711 3741 3757 3774 3780 3791 3806 3816 3824 3832 3838 3847 3852 3872 3898 3917 3929 3937 3949 3961 3972 3989 4003 4006 4011 4017 4030 4043 4053 4063 4078 4086 4094 4101 4112 4127 4134 4142 4148 4154 4157 4159 4157 4165 4171 4181 4180
3317 3327 3350 3370 3383 3394 3401 3410 3420 3441 3464 3481 3494 3516 3534 3543 3549 3550 3558 3573 3587 3596 3608 3616 3621 3626 3626 3634 3638 3645 3660 3681 3684 3690 3694 3709 3733 3721 3762 3775 3782 3792 3800 3809 3819 3827 3835 3843 3857 3866 3876 3890 3919 3928 3938 3953 3968 3985 3999 4010 4014 4019 4024 4034 4046 4055 4068 4090 4101 4111 4123 4134 4140 4147 4154 4160 4168 4176 4171 4182 4203 4198 4191 4189
3313 3329 3355 3372 3387 3397 3410 3416 3421 3436 3459 3479 3493 3529 3546 3553 3557 3563 3571 3586 3594 3610 3622 3635 3637 3643 3648 3650 3658 3654 3669 3694 3695 3698 3708 3738 3759 3763 3772 3783 3790 3797 3806 3814 3820 3827 3836 3850 3865 3878 3892 3909 3923 3933 3945 3964 3978 3992 4005 4015 4025 4030 4036 4041 4049 4064 4080 4101 4118 4131 4140 4144 4147 4151 4159 4175 4190 4199 4194 4207 4212 4216 4209 4202
3301 3323 3343 3365 3376 3396 3412 3422 3427 3433 3452 3468 3481 3537 3548 3556 3568 3579 3584 3600 3614 3635 3646 3650 3662 3671 3669 3674 3683 3680 3687 3702 3714 3723 3728 3770 3779 3775 3787 3804 3797 3801 3803 3810 3818 3827 3850 3857 3871 3883 3921 3923 3930 3943 3962 3974 3986 3998 4008 4021 4034 4041 4045 4050 4056 4071 4087 4103 4128 4142 4152 4157 4161 4166 4173 4193 4211 4217 4215 4219 4221 4224 4229 4226
3302 3321 3343 3359 3375 3391 3411 3424 3433 3442 3451 3461 3483 3532 3549 3564 3573 3581 3602 3616 3634 3657 3671 3674 3684 3685 3689 3698 3712 3715 3726 3734 3747 3750 3764 3796 3805 3801 3821 3826 3831 3819 3815 3829 3839 3847 3883 3864 3870 3887 3926 3939 3941 3949 3964 3979 3990 4002 4015 4028 4039 4045 4049 4055 4068 4081 4101 4130 4145 4159 4168 4174 4183 4192 4203 4213 4222 4230 4236 4242 4243 4248 4251 4251
3307 3327 3349 3366 3379 3394 3412 3428 3439 3451 3464 3481 3494 3521 3546 3563 3575 3607 3631 3628 3640 3664 3677 3683 3692 3700 3708 3712 3722 3742 3755 3759 3759 3768 3787 3815 3819 3830 3838 3846 3854 3863 3865 3879 3877 3896 3905 3880 3886 3895 3938 3950 3953 3961 3975 3983 3997 4015 4028 4042 4045 4046 4054 4066 4081 4103 4123 4140 4158 4169 4179 4188 4200 4212 4223 4227 4235 4241 4246 4255 4266 4270 4274 4274
3308 3332 3351 3368 3383 3399 3420 3437 3450 3462 3477 3490 3503 3508 3529 3574 3595 3620 3636 3639 3646 3662 3674 3684 3698 3711 3716 3723 3734 3750 3761 3761 3764 3773 3793 3813 3829 3841 3849 3857 3870 3886 3896 3901 3905 3911 3921 3916 3918 3926 3958 3963 3973 3985 3991 3999 4006 4030 4046 4053 4054 4059 4066 4082 4101 4117 4130 4143 4162 4178 4189 4200 4213 4225 4234 4243 4249 4254 4260 4268 4279 4286 4288 4289
3320 3334 3350 3365 3381 3397 3420 3444 3456 3464 3473 3484 3498 3518 3558 3597 3600 3616 3632 3637 3646 3661 3673 3685 3699 3711 3726 3735 3745 3759 3768 3771 3778 3789 3802 3823 3836 3849 3857 3864 3878 3896 3906 3913 3919 3925 3931 3933 3929 3941 3965 3975 3989 4010 4019 4017 4020 4041 4052 4057 4061 4070 4081 4104 4129 4136 4143 4156 4173 4189 4199 4208 4217 4228 4242 4253 4262 4270 4273 4279 4286 4293 4298 4301
3322 3335 3343 3356 3372 3389 3412 3436 3458 3467 3473 3482 3496 3528 3561 3587 3611 3621 3626 3631 3643 3661 3677 3690 3702 3718 3736 3746 3757 3768 3778 3788 3801 3816 3830 3837 3849 3859 3867 3876 3892 3905 3915 3925 3935 3942 3943 3938 3936 3944 3973 3987 4005 4024 4031 4030 4037 4050 4055 4059 4062 4071 4097 4122 4145 4154 4161 4174 4187 4197 4204 4213 4224 4238 4250 4261 4273 4280 4284 4288 4294 4301 4307 4311
3325 3337 3348 3357 3368 3386 3405 3430 3448 3462 3472 3483 3500 3517 3542 3574 3599 3614 3621 3629 3643 3658 3675 3694 3704 3714 3732 3750 3760 3770 3782 3794 3813 3830 3837 3847 3856 3865 3873 3885 3903 3917 3926 3939 3951 3957 3958 3957 3968 3983 3989 4005 4017 4032 4045 4048 4056 4064 4062 4065 4082 4101 4118 4142 4153 4162 4171 4187 4200 4210 4219 4231 4241 4246 4254 4267 4277 4288 4292 4298 4303 4309 4316 4324
3340 3347 3359 3370 3380 3392 3409 3420 3436 3450 3464 3481 3501 3522 3539 3553 3577 3604 3616 3626 3643 3659 3673 3687 3696 3705 3723 3741 3758 3771 3783 3794 3806 3822 3833 3843 3854 3863 3878 3891 3907 3922 3938 3954 3961 3964 3970 3975 3985 3998 4003 4008 4022 4033 4042 4063 4079 4076 4074 4091 4116 4136 4153 4160 4160 4168 4182 4203 4219 4226 4239 4246 4249 4253 4259 4275 4288 4295 4301 4306 4309 4313 4321 4327
3349 3357 3371 3384 3392 3401 3412 3421 3433 3446 3461 3474 3487 3506 3525 3542 3567 3597 3623 3633 3639 3656 3674 3686 3694 3702 3717 3736 3752 3770 3783 3791 3803 3817 3829 3839 3849 3859 3874 3895 3911 3922 3936 3951 3959 3969 3978 3989 3997 3999 4002 4023 4038 4036 4043 4061 4085 4096 4099 4109 4121 4145 4165 4171 4172 4182 4202 4219 4223 4233 4246 4253 4260 4261 4264 4281 4302 4308 4310 4313 4314 4318 4319 4322
3355 3363 3377 3390 3401 3407 3413 3423 3436 3448 3459 3468 3474 3486 3503 3532 3560 3594 3623 3636 3645 3655 3672 3690 3698 3704 3718 3735 3748 3758 3773 3787 3799 3816 3828 3839 3848 3858 3871 3887 3904 3917 3925 3939 3954 3967 3983 3995 4003 4009 4022 4036 4039 4040 4050 4064 4075 4091 4099 4105 4140 4166 4182 4188 4189 4199 4208 4215 4229 4241 4252 4266 4273 4274 4281 4297 4306 4308 4311 4313 4315 4315 4317 4317
3351 3362 3372 3389 3402 3410 3416 3423 3436 3450 3462 3470 3474 3476 3494 3507 3542 3583 3612 3643 3653 3659 3672 3689 3700 3709 3722 3735 3744 3752 3763 3779 3792 3807 3825 3837 3847 3858 3872 3885 3899 3913 3925 3937 3951 3966 3980 3994 4010 4020 4030 4037 4045 4051 4064 4068 4072 4078 4088 4098 4115 4156 4190 4208 4209 4209 4217 4231 4244 4255 4267 4275 4281 4287 4293 4302 4306 4308 4310 4308 4309 4311 4313 4315
3350 3358 3369 3384 3401 3413 3422 3434 3442 3457 3469 3478 3482 3488 3500 3513 3532 3568 3588 3618 3650 3656 3665 3684 3706 3715 3727 3735 3740 3748 3761 3777 3790 3801 3815 3830 3842 3856 3868 3882 3893 3910 3925 3936 3952 3967 3978 3991 4010 4024 4035 4048 4057 4073 4083 4090 4088 4093 4099 4101 4096 4151 4196 4206 4214 4222 4232 4240 4248 4260 4271 4278 4288 4294 4303 4309 4311 4311 4308 4307 4307 4308 4309 4312
