terrain/dems/exampleFiles/misc/rainier.grd
ncols        360
nrows        299
xllcorner    -121.810972222222
yllcorner    46.811805555556
cellsize 30
[rows 152 to 189 of 299, columns 0 to 83 of 360]
2822 2825 2837 2836 2835 2839 2831 2826 2826 2824 2826 2824 2826 2824 2823 2823 2830 2836 2839 2847 2851 2858 2868 2875 2880 2881 2885 2887 2891 2897 2903 2913 2920 2923 2928 2931 2936 2942 2946 2956 2971 2981 2986 2990 3000 3009 3015 3018 3030 3038 3056 3071 3083 3091 3105 3118 3122 3123 3130 3131 3138 3145 3155 3168 3175 3182 3190 3198 3208 3213 3227 3239 3246 3254 3265 3277 3286 3295 3303 3309 3316 3325 3333 3341
2847 2856 2865 2870 2865 2868 2850 2840 2839 2840 2841 2838 2835 2832 2830 2832 2839 2842 2848 2854 2859 2865 2873 2879 2885 2886 2888 2891 2902 2908 2917 2922 2929 2931 2933 2939 2947 2951 2954 2964 2976 2989 2994 3001 3006 3013 3018 3026 3035 3049 3062 3078 3091 3106 3115 3127 3134 3141 3144 3144 3146 3153 3158 3171 3183 3193 3199 3204 3209 3214 3219 3235 3252 3256 3266 3277 3287 3298 3307 3313 3321 3330 3336 3347
2905 2902 2912 2900 2905 2897 2879 2863 2863 2862 2861 2856 2848 2842 2842 2840 2843 2848 2853 2859 2864 2868 2873 2880 2883 2884 2885 2891 2903 2916 2920 2928 2932 2936 2937 2946 2955 2960 2964 2970 2981 2989 2997 3003 3011 3017 3023 3033 3042 3053 3066 3077 3096 3106 3117 3130 3145 3150 3152 3154 3158 3159 3162 3173 3190 3200 3206 3209 3216 3219 3227 3237 3248 3256 3267 3278 3292 3301 3309 3318 3326 3333 3342 3354
2991 2968 2946 2924 2925 2919 2903 2886 2882 2884 2880 2877 2867 2854 2853 2846 2852 2860 2863 2866 2868 2867 2875 2877 2881 2880 2887 2891 2904 2914 2922 2926 2931 2936 2938 2944 2957 2966 2974 2978 2984 2989 2994 3004 3012 3020 3030 3040 3052 3064 3073 3082 3091 3105 3112 3127 3140 3152 3157 3161 3163 3164 3167 3174 3190 3203 3212 3218 3220 3226 3235 3246 3253 3261 3270 3282 3293 3302 3313 3322 3330 3334 3346 3357
3022 3013 2980 2971 2934 2925 2914 2904 2897 2895 2900 2898 2889 2881 2871 2865 2864 2871 2874 2875 2876 2881 2882 2884 2885 2892 2896 2904 2912 2923 2926 2928 2933 2936 2935 2945 2958 2969 2976 2982 2986 2991 2997 3010 3022 3027 3034 3044 3058 3072 3082 3091 3099 3107 3113 3123 3139 3151 3159 3163 3168 3170 3174 3180 3188 3201 3216 3225 3227 3230 3242 3254 3260 3266 3274 3284 3294 3305 3316 3324 3333 3340 3348 3360
3056 3041 3028 3008 3009 2993 2969 2917 2915 2920 2922 2919 2904 2897 2892 2882 2883 2881 2883 2880 2884 2888 2891 2897 2904 2903 2908 2924 2933 2933 2929 2929 2933 2940 2944 2951 2962 2973 2983 2988 2993 2999 3010 3022 3032 3037 3045 3055 3067 3081 3092 3104 3110 3115 3120 3132 3142 3152 3161 3168 3171 3175 3179 3182 3188 3199 3215 3225 3230 3235 3245 3254 3263 3269 3278 3284 3296 3305 3315 3325 3334 3345 3353 3364
3085 3073 3052 3040 3046 3034 3013 3006 3006 2986 2996 2987 2996 2968 2943 2938 2933 2925 2930 2928 2923 2919 2918 2903 2901 2909 2921 2941 2942 2942 2935 2933 2938 2944 2953 2961 2971 2984 2990 2997 3003 3012 3026 3037 3043 3047 3053 3064 3076 3087 3101 3109 3116 3122 3130 3140 3147 3158 3167 3170 3174 3175 3177 3185 3191 3198 3211 3221 3227 3237 3245 3252 3261 3268 3273 3281 3291 3303 3314 3324 3335 3347 3358 3369
3086 3082 3083 3079 3080 3068 3054 3058 3041 3046 3050 3044 3033 3025 3022 2979 2961 2954 2954 2953 2955 2949 2928 2928 2935 2943 2953 2957 2961 2946 2951 2952 2947 2955 2960 2971 2980 2987 2996 3006 3014 3025 3035 3044 3052 3057 3064 3071 3080 3091 3103 3112 3119 3129 3139 3146 3153 3160 3164 3169 3174 3179 3186 3190 3197 3203 3210 3216 3224 3235 3246 3253 3259 3264 3272 3280 3292 3304 3315 3324 3336 3349 3359 3370
3122 3105 3103 3095 3092 3095 3086 3082 3087 3091 3093 3084 3076 3067 3064 3041 3020 2994 2983 2980 2980 2981 2976 2981 2978 2977 2980 2975 2978 2982 2982 2983 2968 2964 2968 2978 2983 2989 3004 3017 3028 3036 3043 3051 3059 3066 3071 3077 3084 3092 3103 3115 3124 3133 3140 3145 3152 3159 3168 3174 3179 3187 3194 3200 3204 3209 3211 3214 3222 3234 3245 3251 3258 3267 3277 3285 3296 3306 3313 3321 3332 3343 3353 3365
3142 3137 3131 3127 3134 3126 3107 3107 3118 3118 3121 3116 3107 3100 3088 3073 3059 3043 3032 3019 2997 3000 2992 2995 2996 2999 2999 2996 2998 3010 3003 2995 2988 2976 2981 2989 2993 2997 3004 3016 3034 3043 3048 3055 3063 3070 3078 3083 3086 3093 3104 3116 3126 3134 3141 3147 3156 3165 3172 3179 3182 3187 3195 3202 3206 3209 3211 3214 3221 3234 3243 3251 3258 3266 3275 3285 3296 3304 3311 3315 3325 3338 3350 3358
3176 3159 3159 3161 3157 3137 3133 3127 3147 3152 3156 3145 3128 3118 3107 3097 3087 3071 3062 3041 3039 3015 3006 3007 3011 3014 3012 3015 3020 3014 3010 3001 3000 3004 3011 3014 3016 3015 3024 3032 3037 3048 3054 3059 3064 3073 3083 3086 3089 3098 3110 3121 3129 3134 3142 3153 3163 3170 3176 3180 3183 3187 3196 3202 3204 3207 3212 3220 3230 3237 3244 3252 3257 3263 3270 3276 3285 3294 3303 3312 3321 3334 3346 3356
3222 3229 3199 3200 3188 3158 3162 3155 3170 3173 3163 3163 3147 3130 3126 3109 3099 3096 3090 3081 3065 3040 3046 3038 3031 3023 3025 3024 3022 3017 3007 3004 3011 3015 3019 3019 3026 3039 3053 3053 3048 3055 3061 3063 3067 3075 3086 3093 3098 3105 3117 3125 3128 3132 3142 3154 3163 3169 3175 3180 3184 3190 3198 3204 3207 3212 3220 3228 3230 3236 3244 3251 3257 3262 3265 3268 3272 3281 3291 3301 3309 3321 3333 3346
3244 3238 3233 3207 3197 3184 3179 3173 3183 3181 3169 3166 3148 3124 3124 3122 3114 3115 3110 3109 3096 3088 3075 3058 3046 3040 3038 3031 3031 3016 3004 3001 3006 3002 3014 3028 3031 3050 3055 3062 3066 3077 3073 3066 3070 3080 3088 3093 3099 3110 3119 3127 3132 3135 3139 3151 3161 3167 3172 3178 3184 3191 3199 3205 3213 3222 3227 3229 3233 3237 3243 3249 3252 3253 3256 3262 3266 3273 3283 3289 3297 3308 3320 3336
3239 3238 3225 3213 3199 3186 3185 3181 3186 3181 3169 3156 3142 3129 3127 3116 3113 3112 3108 3107 3104 3093 3085 3075 3064 3057 3045 3036 3027 3007 2996 2990 2993 2997 3003 3015 3025 3036 3049 3062 3067 3071 3081 3068 3071 3082 3087 3092 3104 3115 3128 3134 3137 3140 3146 3154 3163 3169 3174 3177 3182 3190 3198 3205 3213 3221 3226 3229 3233 3237 3241 3244 3244 3245 3249 3255 3259 3265 3274 3285 3297 3306 3314 3326
3222 3222 3216 3207 3193 3176 3169 3171 3170 3163 3157 3143 3109 3108 3102 3097 3091 3091 3095 3101 3099 3092 3088 3084 3066 3057 3050 3039 3017 2999 2989 2988 2989 2993 2998 3010 3017 3022 3029 3033 3042 3052 3059 3068 3082 3081 3086 3087 3106 3127 3137 3141 3142 3146 3153 3163 3168 3172 3176 3181 3185 3191 3200 3207 3213 3219 3224 3228 3233 3237 3238 3240 3243 3244 3247 3253 3260 3267 3277 3288 3295 3302 3307 3316
3180 3176 3169 3156 3146 3134 3126 3120 3098 3094 3069 3067 3065 3057 3056 3058 3056 3059 3064 3072 3084 3092 3086 3066 3062 3053 3046 3031 3009 3003 2983 2975 2975 2984 2986 3001 3008 3015 3019 3021 3027 3037 3043 3063 3076 3100 3098 3101 3118 3132 3141 3141 3142 3144 3154 3162 3166 3172 3179 3185 3191 3195 3200 3206 3211 3217 3221 3225 3229 3233 3239 3242 3243 3245 3250 3255 3258 3270 3281 3291 3292 3291 3297 3303
3153 3146 3136 3122 3111 3095 3089 3067 3063 3057 3054 3051 3044 3037 3027 3023 3026 3029 3033 3042 3046 3048 3046 3044 3039 3032 3023 3011 2996 2978 2964 2960 2960 2965 2974 2983 2996 3005 3012 3019 3028 3037 3050 3065 3083 3097 3109 3117 3122 3130 3136 3136 3135 3140 3150 3158 3166 3172 3178 3187 3192 3196 3199 3203 3208 3214 3219 3223 3227 3232 3239 3242 3244 3246 3251 3253 3258 3263 3277 3283 3288 3298 3301 3311
3132 3123 3107 3080 3065 3052 3044 3038 3036 3034 3029 3025 3017 3007 3002 3001 3003 3006 3011 3015 3016 3010 3004 2999 2993 2988 2974 2967 2959 2955 2951 2951 2953 2958 2962 2971 2984 2992 2999 3010 3019 3032 3048 3061 3114 3121 3124 3132 3121 3121 3123 3125 3131 3138 3145 3151 3162 3170 3176 3182 3187 3191 3196 3203 3206 3211 3217 3221 3226 3231 3239 3243 3244 3247 3251 3254 3259 3265 3271 3282 3294 3309 3318 3325
3102 3074 3059 3041 3028 3020 3014 3015 3007 2999 2999 2990 2982 2972 2967 2964 2964 2967 2974 2976 2978 2969 2957 2945 2935 2935 2933 2933 2933 2934 2934 2935 2942 2948 2956 2968 2978 2986 2997 3008 3017 3029 3045 3059 3090 3105 3111 3114 3110 3110 3112 3120 3129 3136 3140 3146 3156 3167 3174 3181 3182 3186 3192 3198 3203 3207 3211 3217 3223 3231 3239 3243 3242 3247 3248 3252 3263 3270 3276 3289 3304 3321 3329 3336
3056 3041 3021 3011 3004 2997 2997 2989 2975 2969 2956 2950 2947 2943 2933 2925 2925 2925 2925 2923 2918 2915 2915 2914 2913 2915 2917 2919 2920 2923 2925 2930 2937 2947 2958 2965 2972 2984 2992 3003 3010 3025 3043 3062 3065 3080 3081 3098 3100 3103 3106 3115 3127 3132 3137 3141 3151 3162 3173 3178 3181 3182 3187 3191 3197 3203 3210 3216 3222 3232 3241 3243 3245 3247 3249 3252 3268 3275 3289 3304 3320 3333 3339 3344
3017 3001 2986 2978 2977 2975 2972 2967 2953 2942 2934 2922 2911 2906 2903 2900 2900 2899 2901 2899 2896 2895 2895 2897 2901 2906 2910 2912 2918 2924 2927 2932 2939 2948 2957 2968 2977 2984 2991 3002 3015 3025 3044 3057 3064 3069 3080 3091 3098 3102 3105 3113 3121 3127 3133 3135 3143 3155 3165 3171 3174 3179 3182 3186 3193 3202 3212 3218 3223 3233 3240 3244 3247 3251 3255 3263 3278 3296 3306 3319 3333 3339 3347 3351
2961 2946 2945 2944 2942 2940 2938 2929 2920 2913 2908 2902 2895 2892 2889 2888 2886 2886 2886 2886 2883 2884 2889 2892 2898 2903 2910 2914 2919 2922 2927 2933 2940 2949 2962 2971 2980 2993 3002 3009 3016 3026 3043 3054 3062 3071 3081 3091 3097 3101 3102 3110 3114 3118 3124 3131 3137 3148 3156 3160 3166 3172 3179 3186 3193 3202 3211 3217 3224 3230 3238 3243 3246 3250 3262 3274 3289 3302 3318 3326 3335 3342 3349 3357
2936 2923 2922 2915 2906 2901 2898 2896 2891 2884 2882 2881 2879 2874 2873 2870 2867 2867 2871 2872 2878 2881 2889 2893 2895 2911 2905 2910 2916 2925 2929 2937 2945 2954 2965 2971 2981 2992 3001 3005 3014 3024 3039 3053 3060 3069 3078 3083 3091 3093 3096 3100 3105 3106 3112 3120 3133 3141 3147 3154 3158 3165 3176 3186 3191 3199 3206 3213 3221 3227 3233 3242 3245 3250 3263 3280 3290 3303 3315 3329 3338 3346 3356 3363
2905 2893 2887 2876 2864 2860 2857 2856 2852 2853 2852 2847 2851 2849 2857 2859 2858 2858 2860 2865 2872 2875 2890 2895 2899 2903 2905 2910 2914 2917 2926 2932 2939 2953 2965 2975 2982 2992 2998 3004 3013 3022 3032 3045 3058 3066 3072 3076 3081 3084 3086 3090 3093 3096 3099 3113 3123 3131 3141 3149 3156 3162 3172 3181 3187 3191 3200 3208 3217 3224 3231 3240 3247 3257 3270 3283 3297 3305 3317 3330 3340 3350 3358 3364
2852 2842 2837 2835 2830 2825 2822 2821 2821 2822 2825 2826 2829 2834 2850 2842 2846 2849 2865 2867 2871 2879 2885 2892 2896 2898 2904 2910 2913 2922 2932 2938 2945 2956 2966 2976 2984 2990 2997 3004 3016 3021 3028 3039 3053 3064 3068 3070 3073 3076 3078 3081 3085 3089 3094 3111 3116 3120 3133 3146 3151 3156 3164 3173 3178 3186 3195 3206 3214 3221 3230 3242 3252 3261 3280 3290 3297 3305 3320 3330 3337 3345 3353 3358
2816 2812 2810 2808 2804 2802 2803 2803 2805 2810 2816 2818 2824 2836 2835 2837 2839 2845 2853 2859 2867 2876 2885 2891 2898 2901 2905 2913 2919 2926 2936 2945 2952 2958 2967 2977 2983 2988 2994 2999 3010 3020 3027 3039 3052 3061 3066 3068 3071 3073 3074 3076 3081 3085 3094 3109 3114 3118 3129 3142 3147 3149 3154 3161 3169 3180 3189 3200 3209 3218 3229 3241 3253 3272 3289 3296 3300 3312 3325 3332 3336 3339 3348 3356
2799 2795 2792 2790 2789 2791 2791 2790 2794 2798 2804 2821 2821 2821 2828 2832 2839 2847 2853 2858 2866 2877 2885 2890 2894 2897 2900 2907 2918 2927 2934 2942 2951 2958 2965 2972 2979 2985 2988 2995 3005 3017 3028 3040 3053 3062 3067 3070 3074 3074 3074 3075 3080 3088 3097 3111 3120 3125 3132 3139 3146 3150 3152 3158 3166 3178 3190 3194 3203 3214 3226 3241 3263 3286 3301 3308 3314 3321 3331 3335 3337 3341 3346 3353
2771 2773 2767 2771 2774 2776 2778 2777 2782 2787 2793 2804 2807 2812 2823 2836 2839 2840 2847 2855 2866 2874 2879 2886 2890 2892 2897 2905 2916 2924 2933 2940 2947 2956 2961 2966 2972 2977 2985 2994 3004 3015 3025 3038 3049 3059 3066 3067 3070 3074 3074 3077 3084 3091 3100 3110 3122 3130 3136 3144 3154 3157 3158 3164 3173 3182 3187 3194 3203 3213 3234 3260 3281 3295 3313 3321 3324 3329 3333 3337 3342 3345 3351 3363
2749 2749 2750 2755 2758 2760 2768 2773 2775 2782 2787 2789 2793 2804 2816 2825 2832 2837 2840 2846 2855 2864 2872 2878 2882 2886 2894 2904 2913 2921 2928 2934 2941 2948 2955 2964 2971 2978 2987 2999 3008 3015 3026 3036 3044 3052 3059 3062 3067 3071 3073 3080 3089 3096 3101 3108 3118 3130 3140 3150 3156 3158 3162 3166 3171 3179 3189 3201 3217 3231 3248 3266 3286 3303 3315 3323 3329 3331 3334 3340 3345 3346 3348 3355
2732 2734 2738 2743 2749 2754 2759 2770 2772 2776 2780 2781 2790 2798 2807 2818 2831 2839 2844 2846 2852 2859 2865 2872 2878 2883 2890 2899 2908 2913 2919 2926 2931 2939 2949 2961 2973 2981 2989 2998 3007 3015 3026 3035 3041 3047 3052 3055 3059 3064 3073 3082 3089 3096 3102 3109 3119 3131 3143 3151 3155 3160 3162 3164 3171 3182 3195 3211 3225 3236 3253 3274 3292 3305 3315 3323 3330 3335 3337 3338 3341 3343 3344 3348
2725 2729 2739 2743 2741 2748 2754 2762 2766 2769 2774 2782 2790 2799 2809 2821 2831 2840 2844 2845 2849 2856 2862 2867 2874 2879 2886 2893 2899 2906 2911 2917 2927 2936 2948 2960 2973 2983 2992 2999 3006 3016 3025 3033 3036 3041 3046 3048 3053 3061 3070 3082 3093 3100 3103 3110 3120 3131 3141 3148 3153 3158 3162 3165 3169 3187 3207 3224 3236 3247 3262 3277 3295 3305 3315 3321 3328 3332 3334 3335 3331 3330 3332 3338
2723 2723 2723 2728 2735 2741 2746 2753 2757 2763 2770 2777 2785 2797 2809 2819 2826 2834 2841 2844 2846 2852 2856 2861 2867 2873 2880 2889 2895 2900 2906 2914 2925 2935 2945 2958 2971 2983 2994 3002 3008 3013 3021 3027 3030 3035 3041 3047 3053 3062 3071 3081 3093 3101 3106 3111 3117 3126 3135 3143 3149 3156 3165 3168 3175 3195 3222 3240 3255 3272 3281 3287 3288 3295 3300 3310 3322 3330 3332 3333 3340 3331 3322 3325
2713 2713 2714 2719 2726 2730 2736 2742 2749 2755 2764 2770 2779 2792 2805 2813 2822 2831 2837 2842 2845 2850 2854 2858 2862 2867 2873 2881 2889 2897 2904 2911 2923 2932 2941 2950 2963 2979 2991 3000 3005 3009 3014 3020 3028 3037 3044 3050 3056 3063 3071 3080 3092 3100 3105 3110 3116 3124 3132 3141 3151 3159 3164 3173 3191 3215 3244 3271 3282 3287 3294 3300 3302 3302 3298 3309 3306 3305 3325 3324 3321 3312 3303 3299
2693 2696 2700 2707 2714 2719 2724 2730 2734 2742 2753 2763 2776 2789 2802 2816 2822 2827 2834 2838 2842 2846 2850 2853 2856 2859 2867 2874 2884 2895 2906 2915 2924 2933 2941 2950 2959 2970 2983 2989 2996 3002 3009 3015 3023 3037 3046 3052 3059 3066 3067 3075 3086 3095 3102 3110 3115 3121 3129 3148 3152 3159 3168 3184 3202 3229 3263 3273 3278 3287 3290 3286 3295 3297 3277 3269 3273 3280 3281 3274 3279 3277 3278 3283
2687 2689 2691 2691 2698 2704 2711 2718 2724 2734 2746 2759 2772 2786 2801 2814 2824 2829 2832 2836 2838 2842 2845 2848 2851 2855 2859 2866 2877 2890 2903 2913 2924 2933 2943 2950 2954 2961 2970 2975 2983 2994 3007 3015 3022 3035 3045 3053 3062 3068 3068 3074 3083 3090 3095 3101 3108 3121 3144 3161 3171 3182 3194 3212 3233 3250 3263 3269 3269 3277 3277 3288 3279 3273 3255 3243 3248 3250 3251 3258 3259 3264 3267 3268
2684 2688 2687 2687 2688 2693 2702 2712 2723 2729 2743 2755 2767 2783 2796 2809 2818 2824 2829 2832 2834 2835 2837 2841 2845 2851 2855 2861 2874 2887 2899 2908 2918 2928 2935 2940 2944 2947 2954 2966 2976 2989 3002 3009 3018 3031 3043 3052 3059 3063 3065 3070 3079 3086 3091 3097 3112 3131 3144 3159 3172 3185 3207 3231 3252 3262 3263 3267 3259 3233 3236 3273 3265 3260 3243 3240 3234 3234 3233 3238 3243 3246 3246 3248
2672 2680 2690 2691 2693 2695 2702 2710 2720 2725 2738 2754 2765 2776 2790 2800 2807 2813 2821 2825 2827 2830 2832 2834 2838 2844 2851 2860 2874 2887 2895 2904 2911 2918 2923 2929 2933 2937 2945 2958 2970 2984 2992 3000 3009 3026 3038 3048 3056 3060 3063 3065 3069 3081 3092 3110 3127 3138 3146 3153 3163 3172 3193 3231 3253 3251 3249 3249 3241 3237 3237 3231 3227 3221 3220 3219 3217 3217 3219 3220 3222 3222 3226 3231
2680 2684 2691 2696 2700 2704 2706 2707 2716 2730 2739 2750 2761 2774 2787 2796 2801 2808 2815 2820 2823 2824 2829 2831 2835 2842 2847 2855 2870 2880 2888 2895 2902 2909 2917 2920 2925 2928 2935 2949 2963 2978 2992 2998 3006 3019 3032 3041 3051 3058 3060 3062 3065 3080 3102 3124 3135 3145 3152 3162 3176 3200 3228 3236 3239 3240 3245 3228 3220 3217 3217 3213 3212 3210 3211 3211 3210 3210 3209 3207 3207 3207 3212 3217
