terrain/dems/exampleFiles/misc/rainier.grd
ncols        360
nrows        299
xllcorner    -121.810972222222
yllcorner    46.811805555556
cellsize 30
[rows 152 to 189 of 299, columns 252 to 335 of 360]
3523 3517 3506 3489 3474 3462 3453 3445 3438 3430 3421 3414 3405 3398 3393 3389 3389 3389 3390 3389 3382 3378 3381 3385 3389 3371 3371 3371 3376 3385 3388 3392 3391 3386 3377 3370 3361 3353 3344 3336 3330 3323 3315 3305 3295 3285 3275 3260 3248 3233 3220 3202 3186 3167 3148 3126 3110 3096 3077 3052 3039 3010 2998 2984 2976 2967 2959 2954 2950 2945 2938 2931 2923 2916 2911 2906 2900 2898 2894 2888 2878 2867 2858 2849
3535 3516 3499 3484 3469 3457 3445 3438 3432 3425 3418 3408 3398 3388 3381 3380 3380 3382 3384 3380 3373 3361 3351 3355 3360 3350 3348 3346 3351 3363 3369 3379 3387 3387 3380 3373 3364 3356 3350 3345 3341 3337 3331 3323 3311 3300 3287 3275 3263 3249 3236 3221 3205 3188 3166 3148 3130 3117 3103 3078 3054 3032 3018 3004 2994 2971 2963 2960 2953 2946 2940 2931 2922 2915 2910 2905 2899 2892 2888 2881 2875 2867 2856 2847
3535 3529 3509 3488 3475 3468 3459 3443 3430 3420 3413 3404 3391 3381 3376 3375 3375 3374 3373 3369 3362 3350 3340 3334 3331 3334 3330 3327 3329 3332 3340 3343 3359 3365 3368 3361 3356 3354 3351 3351 3351 3350 3348 3344 3334 3322 3310 3297 3284 3272 3257 3242 3225 3210 3188 3168 3151 3136 3122 3107 3081 3059 3046 3031 3015 3004 2996 2986 2979 2942 2934 2948 2936 2926 2919 2910 2898 2889 2885 2876 2869 2864 2856 2847
3535 3529 3514 3495 3483 3473 3465 3454 3431 3411 3405 3398 3388 3379 3373 3367 3363 3358 3352 3346 3338 3330 3328 3327 3321 3316 3312 3310 3305 3306 3304 3305 3306 3315 3331 3341 3341 3344 3347 3351 3356 3360 3363 3361 3358 3347 3333 3320 3307 3293 3277 3262 3244 3231 3216 3192 3169 3154 3138 3123 3109 3092 3079 3068 3048 3037 3027 3016 3003 2990 2984 2972 2961 2949 2937 2923 2913 2902 2891 2881 2870 2867 2861 2852
3530 3520 3508 3493 3479 3471 3460 3445 3432 3415 3398 3388 3379 3371 3363 3355 3346 3336 3332 3330 3325 3320 3313 3309 3308 3307 3303 3294 3290 3285 3283 3285 3284 3291 3302 3309 3316 3321 3330 3340 3353 3362 3359 3364 3356 3357 3345 3333 3318 3304 3290 3282 3263 3245 3238 3217 3199 3181 3168 3154 3141 3124 3107 3099 3079 3058 3050 3044 3032 3021 3009 2997 2986 2976 2957 2946 2933 2921 2909 2895 2876 2869 2862 2856
3522 3517 3508 3487 3469 3462 3453 3447 3441 3416 3392 3385 3377 3365 3352 3344 3336 3330 3323 3322 3320 3315 3311 3304 3296 3291 3286 3284 3281 3275 3271 3270 3268 3264 3270 3283 3288 3298 3306 3312 3327 3337 3347 3347 3349 3351 3340 3332 3327 3314 3306 3291 3276 3262 3245 3231 3220 3211 3200 3188 3180 3162 3146 3133 3120 3104 3087 3068 3054 3044 3035 3027 3013 3000 2985 2971 2956 2942 2927 2912 2876 2871 2866 2857
3524 3517 3507 3495 3479 3463 3450 3436 3423 3410 3392 3378 3373 3367 3355 3344 3336 3327 3319 3313 3309 3307 3306 3301 3292 3280 3271 3269 3268 3262 3259 3253 3249 3244 3242 3239 3250 3263 3279 3291 3298 3307 3310 3321 3333 3341 3338 3329 3326 3312 3312 3291 3274 3265 3248 3240 3220 3212 3213 3197 3187 3175 3163 3158 3141 3126 3113 3106 3089 3075 3067 3056 3042 3028 3013 3000 2987 2979 2963 2944 2919 2874 2867 2858
3532 3515 3505 3490 3476 3464 3448 3432 3414 3397 3386 3378 3373 3369 3358 3348 3338 3329 3319 3309 3306 3304 3301 3298 3282 3265 3254 3244 3247 3251 3248 3244 3234 3229 3228 3226 3225 3225 3225 3235 3262 3271 3282 3293 3303 3312 3319 3323 3320 3311 3298 3286 3274 3247 3235 3219 3204 3189 3211 3193 3191 3175 3169 3156 3159 3138 3132 3117 3109 3100 3078 3067 3056 3045 3036 3022 3008 3002 2979 2960 2936 2914 2869 2863
3531 3517 3503 3487 3469 3454 3441 3430 3421 3411 3397 3382 3370 3365 3359 3348 3339 3334 3324 3312 3302 3296 3293 3289 3281 3266 3252 3246 3244 3242 3241 3238 3233 3227 3224 3220 3220 3218 3217 3214 3221 3232 3252 3265 3280 3289 3296 3299 3294 3289 3279 3272 3249 3244 3222 3200 3191 3184 3177 3170 3169 3168 3158 3150 3151 3143 3133 3127 3110 3097 3084 3075 3060 3055 3040 3031 3018 3006 2984 2970 2945 2935 2920 2906
3513 3496 3487 3482 3468 3449 3434 3428 3424 3413 3398 3383 3374 3364 3354 3345 3338 3326 3312 3300 3290 3285 3280 3277 3273 3262 3251 3249 3247 3242 3236 3230 3223 3218 3214 3216 3214 3208 3205 3203 3205 3211 3215 3227 3243 3261 3268 3269 3269 3262 3254 3248 3231 3228 3205 3183 3172 3165 3161 3158 3153 3146 3136 3126 3128 3132 3130 3127 3112 3093 3085 3081 3071 3059 3039 3018 3006 2997 2985 2973 2957 2941 2928 2915
3507 3500 3488 3477 3461 3444 3436 3429 3419 3408 3389 3372 3370 3370 3361 3351 3341 3329 3307 3290 3284 3279 3278 3276 3265 3251 3243 3242 3243 3240 3234 3228 3223 3218 3214 3208 3202 3198 3190 3191 3187 3188 3188 3197 3207 3219 3229 3237 3239 3238 3232 3224 3198 3200 3178 3161 3146 3145 3146 3142 3136 3127 3114 3112 3112 3112 3111 3104 3094 3083 3074 3066 3054 3034 3017 3007 2997 2988 2976 2961 2949 2937 2925 2913
3503 3492 3487 3477 3465 3452 3440 3432 3423 3410 3392 3375 3367 3361 3354 3346 3338 3328 3300 3273 3273 3276 3276 3277 3266 3255 3244 3233 3233 3232 3227 3222 3218 3213 3208 3202 3194 3185 3183 3180 3176 3174 3174 3176 3179 3188 3197 3204 3211 3213 3210 3193 3178 3180 3160 3137 3122 3115 3112 3111 3112 3108 3100 3093 3089 3087 3085 3078 3067 3062 3060 3048 3034 3020 3008 3000 2993 2981 2969 2951 2932 2925 2918 2906
3502 3490 3479 3470 3461 3451 3441 3431 3422 3406 3390 3380 3371 3362 3352 3345 3337 3326 3316 3295 3268 3266 3270 3267 3266 3256 3241 3232 3229 3226 3222 3218 3212 3205 3199 3194 3185 3172 3176 3172 3169 3165 3165 3166 3164 3166 3169 3174 3184 3186 3178 3169 3168 3175 3149 3115 3099 3087 3080 3075 3077 3081 3077 3072 3068 3064 3054 3044 3041 3041 3036 3027 3016 3006 3000 2991 2985 2977 2962 2941 2922 2909 2899 2890
3494 3479 3472 3467 3459 3450 3437 3424 3412 3399 3388 3378 3369 3363 3356 3347 3335 3321 3307 3302 3301 3285 3266 3260 3256 3249 3239 3230 3223 3220 3217 3212 3206 3199 3191 3187 3184 3174 3161 3164 3173 3161 3159 3155 3152 3149 3149 3149 3153 3151 3143 3130 3133 3104 3082 3073 3064 3065 3058 3056 3057 3056 3053 3050 3049 3045 3035 3024 3018 3014 3010 3005 2997 2991 2988 2987 2977 2963 2944 2922 2908 2893 2881 2872
3492 3476 3464 3450 3446 3442 3429 3415 3408 3402 3392 3381 3373 3364 3358 3351 3337 3322 3312 3304 3298 3292 3273 3256 3243 3230 3225 3222 3220 3215 3210 3206 3197 3189 3183 3181 3180 3175 3168 3160 3155 3156 3148 3142 3135 3136 3130 3127 3127 3124 3114 3090 3067 3048 3036 3035 3037 3040 3040 3039 3037 3036 3034 3032 3030 3027 3024 3016 3006 3001 2998 2991 2981 2978 2978 2973 2967 2945 2923 2912 2903 2891 2878 2867
3502 3481 3457 3451 3448 3434 3418 3410 3405 3396 3387 3378 3371 3366 3358 3349 3342 3336 3326 3319 3313 3300 3277 3255 3242 3231 3223 3215 3215 3215 3207 3197 3188 3180 3174 3170 3168 3168 3164 3159 3150 3139 3134 3130 3126 3123 3123 3124 3116 3104 3093 3077 3058 3042 3034 3027 3022 3022 3019 3019 3016 3015 3016 3013 3005 3004 3006 3001 2995 2988 2980 2977 2979 2975 2973 2964 2948 2929 2911 2900 2893 2884 2875 2864
3496 3482 3471 3459 3448 3437 3425 3414 3405 3396 3388 3377 3367 3362 3360 3351 3339 3334 3331 3324 3316 3304 3290 3271 3252 3241 3231 3216 3205 3202 3200 3193 3184 3174 3166 3163 3161 3155 3151 3142 3134 3130 3124 3117 3110 3104 3101 3095 3092 3091 3085 3073 3055 3043 3034 3026 3015 3003 2999 2998 2995 2993 2988 2979 2977 2979 2981 2983 2979 2971 2963 2954 2957 2969 2957 2936 2928 2918 2909 2899 2889 2879 2871 2861
3486 3478 3467 3455 3444 3434 3423 3413 3404 3397 3389 3377 3371 3366 3359 3350 3342 3336 3331 3325 3318 3309 3294 3277 3265 3252 3233 3215 3200 3197 3195 3188 3180 3172 3165 3159 3152 3143 3133 3127 3124 3119 3112 3106 3100 3094 3087 3082 3078 3073 3067 3056 3043 3033 3024 3014 3002 2995 2989 2985 2982 2976 2970 2964 2960 2961 2963 2962 2961 2959 2951 2938 2927 2912 2903 2905 2908 2912 2904 2889 2878 2871 2864 2855
3486 3483 3471 3457 3446 3438 3427 3417 3405 3393 3387 3382 3374 3365 3360 3356 3349 3341 3334 3327 3317 3307 3294 3278 3266 3256 3239 3215 3202 3196 3186 3177 3170 3164 3155 3148 3141 3131 3125 3120 3113 3108 3104 3100 3097 3089 3079 3074 3069 3062 3052 3041 3032 3023 3014 3006 3000 2994 2987 2981 2973 2965 2956 2951 2949 2947 2944 2943 2943 2941 2937 2923 2902 2893 2894 2892 2887 2883 2880 2876 2868 2858 2849 2841
3483 3477 3465 3455 3446 3435 3424 3415 3405 3397 3391 3379 3367 3361 3357 3356 3355 3350 3340 3329 3314 3298 3289 3276 3260 3252 3247 3246 3227 3204 3191 3174 3164 3154 3145 3140 3135 3131 3124 3115 3106 3095 3091 3091 3087 3081 3076 3071 3065 3059 3049 3036 3027 3020 3012 3003 2999 2996 2990 2983 2973 2963 2953 2946 2938 2934 2931 2931 2930 2927 2920 2915 2910 2896 2891 2891 2887 2881 2874 2874 2872 2858 2837 2830
3475 3464 3464 3452 3440 3429 3420 3414 3410 3400 3389 3377 3366 3359 3355 3354 3353 3349 3344 3335 3323 3307 3291 3283 3282 3273 3259 3252 3249 3230 3197 3175 3163 3151 3139 3134 3133 3127 3118 3110 3101 3090 3080 3072 3069 3064 3058 3051 3049 3050 3043 3035 3026 3018 3009 3001 2997 2991 2986 2980 2971 2961 2952 2943 2935 2927 2923 2919 2915 2909 2905 2906 2904 2900 2899 2900 2892 2876 2869 2869 2864 2851 2837 2822
3472 3462 3451 3441 3444 3431 3421 3413 3406 3400 3390 3377 3368 3361 3357 3354 3350 3345 3341 3336 3325 3309 3298 3292 3285 3275 3261 3250 3242 3235 3214 3186 3179 3165 3149 3141 3130 3123 3114 3106 3098 3088 3077 3069 3063 3056 3046 3039 3036 3033 3031 3028 3025 3019 3010 3001 2992 2983 2974 2968 2964 2957 2947 2937 2928 2923 2918 2910 2902 2897 2889 2885 2887 2890 2893 2886 2874 2861 2851 2852 2854 2855 2844 2836
3474 3465 3454 3442 3434 3425 3418 3410 3399 3393 3386 3376 3367 3361 3356 3352 3348 3343 3337 3332 3322 3310 3301 3296 3287 3274 3261 3251 3241 3229 3219 3210 3200 3187 3177 3168 3152 3128 3109 3102 3092 3081 3075 3073 3067 3056 3044 3035 3031 3031 3028 3020 3016 3017 3007 2994 2989 2981 2974 2967 2956 2948 2938 2928 2920 2914 2908 2900 2893 2889 2890 2885 2875 2872 2873 2868 2854 2844 2840 2838 2841 2844 2848 2846
3485 3472 3460 3449 3438 3426 3414 3403 3394 3384 3377 3377 3370 3363 3358 3353 3347 3340 3335 3329 3324 3315 3301 3293 3289 3281 3266 3252 3240 3218 3200 3192 3189 3183 3175 3166 3152 3124 3102 3097 3088 3082 3076 3071 3064 3051 3039 3032 3028 3029 3025 3018 3013 3010 3001 2984 2975 2976 2974 2968 2956 2939 2927 2920 2916 2913 2907 2898 2890 2886 2882 2876 2864 2856 2852 2852 2850 2842 2840 2836 2824 2820 2819 2828
3500 3483 3473 3461 3447 3432 3413 3400 3390 3381 3377 3368 3361 3366 3359 3354 3346 3338 3332 3326 3322 3314 3306 3298 3289 3281 3271 3259 3247 3230 3213 3197 3182 3172 3166 3159 3153 3139 3113 3096 3091 3084 3074 3066 3059 3048 3035 3028 3028 3025 3020 3014 3012 3005 2990 2976 2969 2965 2962 2955 2943 2933 2924 2921 2919 2914 2907 2895 2886 2885 2881 2863 2850 2846 2843 2843 2842 2841 2837 2827 2818 2813 2808 2802
3515 3500 3487 3476 3461 3444 3427 3404 3391 3382 3373 3367 3364 3357 3353 3347 3346 3339 3332 3325 3318 3312 3305 3296 3286 3279 3275 3263 3247 3237 3224 3202 3185 3177 3172 3164 3158 3154 3145 3119 3092 3084 3069 3060 3058 3049 3038 3032 3029 3026 3018 3011 3005 2997 2985 2974 2968 2962 2956 2949 2940 2932 2923 2917 2914 2907 2893 2885 2885 2882 2875 2865 2850 2840 2840 2840 2840 2840 2837 2830 2818 2813 2806 2793
3539 3522 3507 3495 3479 3463 3447 3424 3404 3389 3378 3370 3366 3358 3354 3348 3338 3332 3325 3320 3314 3308 3302 3297 3288 3278 3275 3276 3262 3236 3219 3209 3197 3184 3175 3170 3163 3156 3145 3127 3114 3109 3099 3080 3062 3052 3044 3038 3031 3024 3017 3008 2999 2989 2981 2974 2967 2959 2952 2948 2945 2937 2928 2919 2909 2897 2884 2876 2873 2870 2867 2859 2849 2841 2841 2841 2838 2836 2835 2829 2821 2814 2805 2794
3561 3546 3531 3513 3499 3482 3468 3455 3430 3402 3386 3376 3373 3365 3356 3347 3338 3331 3325 3319 3310 3304 3300 3294 3286 3280 3270 3258 3246 3224 3220 3213 3204 3195 3185 3174 3165 3156 3142 3130 3120 3107 3097 3082 3065 3056 3048 3036 3026 3022 3016 3006 2996 2985 2977 2969 2962 2957 2951 2946 2941 2935 2927 2917 2907 2896 2887 2880 2874 2870 2864 2858 2852 2848 2844 2841 2837 2829 2822 2818 2815 2810 2803 2789
3592 3573 3556 3537 3531 3512 3491 3476 3462 3432 3413 3394 3383 3373 3365 3356 3346 3335 3328 3322 3314 3306 3299 3292 3287 3279 3269 3256 3243 3229 3218 3210 3199 3191 3189 3183 3171 3160 3146 3134 3124 3111 3095 3080 3067 3056 3048 3040 3029 3018 3013 3007 3001 2994 2979 2965 2960 2957 2953 2948 2942 2935 2926 2916 2910 2905 2901 2893 2883 2875 2867 2857 2849 2844 2840 2834 2829 2825 2820 2814 2810 2807 2802 2794
3610 3604 3585 3566 3551 3530 3513 3501 3485 3463 3448 3433 3412 3391 3382 3371 3361 3349 3337 3329 3322 3311 3304 3295 3288 3278 3267 3253 3241 3231 3217 3207 3201 3191 3179 3168 3180 3160 3144 3133 3113 3091 3081 3076 3065 3050 3043 3041 3039 3028 3021 3017 3005 2996 2979 2965 2963 2961 2959 2955 2946 2938 2929 2919 2910 2902 2895 2887 2879 2871 2866 2860 2851 2844 2840 2836 2830 2823 2818 2815 2811 2804 2798 2795
3622 3615 3600 3583 3574 3554 3539 3527 3511 3495 3472 3461 3438 3421 3406 3397 3385 3371 3358 3345 3335 3326 3316 3305 3293 3280 3269 3255 3243 3230 3220 3208 3198 3188 3178 3168 3157 3141 3138 3128 3113 3095 3081 3074 3066 3056 3048 3042 3037 3032 3026 3019 3011 2998 2986 2969 2956 2958 2956 2950 2943 2935 2929 2922 2914 2905 2895 2887 2879 2874 2868 2860 2852 2845 2840 2835 2827 2820 2815 2813 2807 2799 2790 2785
3620 3608 3598 3594 3585 3576 3564 3552 3539 3528 3518 3496 3470 3452 3443 3429 3419 3402 3390 3373 3361 3349 3335 3319 3307 3294 3278 3263 3250 3239 3227 3211 3200 3187 3172 3164 3150 3141 3125 3106 3105 3092 3077 3066 3058 3052 3045 3033 3025 3024 3021 3013 3004 2998 2988 2973 2960 2956 2953 2942 2933 2931 2928 2924 2918 2909 2900 2892 2883 2875 2868 2862 2855 2846 2838 2835 2831 2823 2815 2813 2808 2796 2785 2783
3602 3597 3593 3588 3588 3581 3572 3566 3558 3530 3529 3517 3504 3492 3469 3456 3443 3432 3425 3409 3391 3374 3358 3344 3330 3317 3300 3283 3267 3252 3241 3223 3211 3196 3173 3161 3146 3133 3119 3102 3083 3063 3059 3054 3048 3043 3035 3025 3013 3004 2999 2994 2987 2981 2972 2961 2953 2948 2945 2938 2933 2930 2926 2920 2913 2908 2902 2893 2879 2868 2861 2854 2847 2841 2837 2834 2830 2821 2813 2806 2799 2789 2778 2773
3577 3573 3578 3578 3574 3574 3569 3563 3538 3528 3522 3511 3514 3498 3489 3464 3457 3448 3442 3438 3430 3414 3388 3366 3352 3338 3326 3312 3294 3275 3262 3247 3234 3217 3195 3174 3154 3141 3118 3097 3077 3061 3049 3045 3044 3040 3032 3017 3003 2996 2990 2982 2972 2964 2959 2949 2943 2942 2940 2932 2928 2926 2915 2904 2900 2896 2891 2881 2873 2865 2856 2848 2840 2834 2832 2829 2822 2815 2807 2798 2784 2771 2769 2766
3543 3543 3545 3541 3531 3528 3524 3522 3519 3519 3505 3510 3508 3496 3492 3475 3466 3458 3456 3454 3450 3424 3410 3406 3387 3372 3356 3342 3328 3308 3286 3273 3260 3245 3224 3198 3171 3144 3122 3093 3071 3055 3043 3032 3044 3032 3020 3006 2993 2990 2985 2977 2968 2956 2948 2940 2936 2929 2924 2923 2922 2912 2900 2893 2887 2883 2877 2871 2864 2859 2852 2843 2835 2828 2821 2819 2816 2809 2800 2790 2781 2772 2763 2758
3504 3502 3507 3500 3496 3490 3491 3487 3481 3482 3484 3483 3495 3491 3481 3475 3474 3464 3465 3464 3461 3450 3423 3417 3405 3396 3388 3375 3343 3335 3300 3292 3284 3264 3259 3225 3195 3150 3122 3086 3070 3054 3033 3027 3019 3013 3009 2993 2988 2983 2976 2968 2955 2946 2939 2932 2926 2920 2916 2915 2918 2915 2903 2892 2884 2877 2869 2862 2855 2846 2835 2830 2824 2819 2814 2810 2806 2797 2789 2787 2784 2774 2765 2758
3474 3479 3476 3469 3461 3460 3456 3454 3452 3456 3457 3458 3468 3466 3469 3468 3463 3468 3466 3463 3458 3444 3429 3418 3408 3397 3391 3381 3368 3335 3309 3296 3291 3277 3266 3255 3200 3162 3125 3078 3062 3047 3031 3013 3003 3002 2993 2999 2985 2973 2962 2950 2940 2932 2931 2930 2922 2914 2910 2906 2901 2896 2884 2874 2873 2872 2863 2854 2844 2834 2825 2820 2818 2813 2807 2803 2797 2790 2785 2780 2777 2773 2763 2752
3449 3455 3447 3441 3440 3433 3428 3426 3423 3422 3423 3427 3427 3431 3444 3454 3447 3455 3455 3453 3448 3436 3422 3410 3400 3392 3382 3373 3361 3334 3313 3296 3283 3274 3266 3250 3234 3180 3131 3091 3072 3043 3021 3010 2997 2989 2980 2970 2965 2967 2952 2938 2928 2926 2924 2919 2913 2907 2902 2895 2885 2872 2862 2857 2851 2845 2840 2835 2829 2821 2815 2812 2808 2801 2792 2784 2786 2785 2774 2764 2765 2765 2759 2752
