terrain/dems/exampleFiles/misc/rainier.grd
ncols        360
nrows        299
xllcorner    -121.810972222222
yllcorner    46.811805555556
cellsize 30
[rows 152 to 189 of 299, columns 168 to 251 of 360]
4314 4318 4323 4328 4334 4338 4346 4358 4371 4377 4376 4373 4368 4365 4366 4367 4365 4364 4365 4366 4366 4365 4364 4362 4356 4349 4340 4328 4314 4302 4294 4283 4267 4254 4244 4234 4225 4212 4199 4187 4176 4168 4164 4157 4137 4112 4093 4090 4093 4085 4066 4049 4040 4036 4030 4014 4000 3980 3962 3959 3946 3913 3887 3884 3869 3853 3827 3805 3789 3772 3752 3734 3723 3704 3685 3671 3653 3636 3611 3593 3574 3557 3538 3530
4314 4316 4320 4325 4330 4337 4344 4356 4367 4372 4371 4367 4365 4365 4364 4365 4367 4366 4366 4367 4367 4365 4362 4361 4360 4354 4346 4334 4313 4298 4291 4281 4266 4253 4243 4234 4223 4211 4195 4180 4166 4156 4153 4147 4133 4118 4101 4087 4082 4076 4059 4043 4035 4029 4026 4018 3995 3975 3963 3955 3952 3941 3905 3866 3863 3849 3830 3813 3790 3768 3750 3734 3717 3700 3683 3669 3652 3633 3616 3601 3585 3566 3542 3540
4313 4318 4324 4330 4336 4340 4346 4355 4365 4373 4375 4369 4366 4364 4364 4365 4366 4366 4366 4367 4366 4366 4364 4360 4355 4350 4340 4321 4305 4296 4287 4269 4253 4249 4246 4233 4219 4209 4197 4176 4152 4144 4147 4148 4144 4129 4106 4087 4073 4066 4058 4044 4028 4019 4013 4004 3993 3978 3964 3953 3933 3915 3903 3883 3865 3847 3829 3811 3790 3766 3747 3732 3717 3701 3680 3662 3649 3644 3621 3600 3594 3582 3557 3540
4317 4321 4328 4334 4338 4344 4351 4361 4375 4384 4376 4368 4366 4364 4363 4363 4365 4367 4366 4365 4364 4362 4362 4362 4357 4343 4329 4318 4304 4290 4278 4268 4256 4249 4246 4242 4234 4211 4191 4169 4147 4146 4146 4147 4144 4126 4107 4089 4073 4065 4056 4046 4034 4020 4010 4004 3993 3976 3961 3948 3933 3911 3896 3893 3889 3851 3833 3817 3798 3771 3750 3731 3715 3700 3683 3667 3634 3626 3626 3618 3599 3578 3557 3540
4318 4322 4326 4331 4337 4344 4353 4364 4373 4379 4374 4367 4365 4364 4361 4361 4362 4364 4364 4363 4360 4357 4354 4350 4339 4328 4317 4306 4293 4281 4275 4270 4261 4254 4249 4241 4218 4194 4178 4168 4163 4155 4148 4139 4124 4110 4101 4098 4090 4076 4064 4053 4040 4026 4018 4012 3997 3972 3951 3938 3922 3911 3902 3890 3881 3859 3841 3822 3806 3783 3764 3746 3727 3707 3690 3654 3637 3628 3618 3610 3599 3579 3558 3543
4319 4323 4328 4331 4337 4350 4360 4364 4366 4364 4362 4362 4362 4361 4359 4358 4358 4358 4358 4358 4356 4351 4345 4335 4324 4313 4306 4299 4289 4278 4268 4262 4258 4255 4247 4235 4221 4201 4183 4171 4162 4153 4145 4135 4112 4092 4097 4101 4083 4066 4055 4045 4040 4033 4022 4010 3991 3970 3950 3931 3919 3909 3904 3895 3871 3858 3841 3827 3808 3792 3776 3755 3737 3719 3696 3676 3658 3639 3626 3616 3600 3575 3553 3535
4331 4331 4332 4337 4347 4356 4362 4363 4361 4358 4354 4352 4353 4351 4347 4349 4351 4353 4353 4349 4345 4337 4330 4325 4319 4311 4303 4298 4291 4280 4269 4263 4255 4242 4230 4226 4222 4212 4203 4189 4173 4158 4145 4137 4132 4115 4101 4104 4099 4077 4066 4068 4050 4027 4015 4008 3997 3976 3958 3941 3923 3910 3909 3904 3861 3848 3832 3817 3803 3791 3772 3757 3741 3723 3702 3676 3659 3651 3639 3627 3613 3600 3568 3534
4336 4339 4337 4338 4344 4349 4352 4354 4351 4348 4341 4336 4338 4340 4338 4337 4340 4344 4342 4338 4330 4323 4319 4318 4316 4311 4302 4293 4286 4279 4270 4260 4249 4237 4227 4220 4215 4212 4208 4193 4173 4161 4152 4144 4139 4138 4136 4116 4096 4085 4076 4081 4081 4047 4016 4014 3988 3971 3951 3935 3922 3908 3893 3874 3860 3843 3825 3808 3795 3784 3770 3756 3737 3718 3698 3682 3666 3641 3638 3631 3618 3606 3592 3565
4326 4327 4327 4329 4331 4335 4337 4336 4336 4333 4330 4328 4328 4328 4325 4324 4325 4327 4325 4319 4311 4304 4301 4300 4302 4301 4289 4277 4275 4273 4263 4254 4247 4239 4232 4224 4217 4210 4202 4195 4180 4166 4159 4152 4148 4144 4136 4126 4108 4093 4086 4076 4066 4057 4040 4011 3987 3970 3948 3936 3908 3889 3877 3864 3849 3830 3814 3797 3785 3776 3766 3752 3733 3716 3705 3691 3676 3631 3630 3619 3607 3590 3573 3552
4305 4310 4314 4313 4314 4316 4318 4317 4316 4318 4319 4321 4321 4317 4312 4312 4313 4314 4314 4307 4301 4296 4292 4290 4288 4280 4274 4269 4266 4263 4258 4252 4247 4241 4233 4225 4219 4214 4208 4200 4192 4183 4175 4169 4158 4149 4142 4132 4121 4111 4098 4083 4073 4062 4041 4013 3991 3965 3942 3922 3901 3880 3865 3846 3830 3817 3798 3788 3776 3764 3753 3742 3731 3718 3706 3691 3676 3657 3624 3618 3611 3597 3565 3535
4293 4296 4297 4297 4299 4301 4303 4303 4299 4298 4300 4304 4308 4310 4305 4303 4307 4311 4310 4304 4297 4291 4285 4279 4273 4270 4268 4265 4263 4259 4254 4248 4242 4234 4227 4222 4218 4216 4214 4204 4194 4189 4183 4170 4157 4146 4136 4127 4118 4115 4113 4095 4074 4077 4053 4023 3987 3963 3938 3920 3901 3879 3861 3846 3817 3794 3779 3772 3760 3751 3744 3734 3724 3714 3703 3689 3668 3645 3634 3617 3599 3577 3548 3517
4280 4283 4284 4284 4287 4290 4289 4288 4280 4274 4279 4285 4292 4298 4291 4284 4296 4306 4299 4291 4282 4272 4270 4268 4263 4258 4261 4264 4262 4258 4249 4241 4235 4229 4223 4218 4217 4216 4210 4200 4192 4185 4176 4167 4158 4146 4135 4128 4124 4121 4120 4119 4114 4098 4062 4032 3997 3970 3938 3919 3900 3888 3864 3840 3807 3782 3767 3758 3750 3738 3729 3719 3711 3699 3685 3671 3658 3647 3635 3619 3603 3581 3556 3528
4269 4271 4272 4272 4271 4274 4277 4273 4267 4264 4265 4272 4282 4288 4289 4286 4283 4282 4280 4278 4276 4272 4268 4266 4263 4260 4259 4259 4257 4252 4247 4242 4235 4229 4223 4218 4213 4207 4206 4204 4197 4190 4177 4164 4159 4154 4146 4137 4130 4124 4125 4129 4124 4118 4077 4050 4021 3990 3952 3925 3914 3894 3858 3838 3810 3780 3762 3758 3750 3727 3713 3707 3687 3677 3664 3655 3646 3633 3623 3605 3592 3565 3535 3517
4265 4267 4265 4263 4261 4261 4261 4261 4258 4257 4257 4267 4279 4283 4286 4284 4282 4280 4277 4274 4272 4271 4270 4268 4265 4264 4263 4260 4256 4251 4246 4242 4238 4234 4229 4223 4216 4211 4206 4204 4202 4194 4182 4172 4165 4160 4153 4142 4132 4124 4122 4123 4123 4121 4096 4067 4042 4017 3986 3957 3919 3897 3879 3856 3831 3796 3774 3766 3746 3727 3707 3689 3671 3660 3649 3635 3627 3618 3604 3595 3568 3541 3522 3507
4251 4257 4254 4251 4253 4255 4255 4253 4250 4247 4252 4260 4267 4273 4275 4278 4281 4278 4273 4270 4269 4269 4268 4265 4262 4261 4261 4260 4257 4252 4246 4242 4238 4236 4235 4230 4224 4219 4216 4211 4204 4196 4187 4178 4171 4162 4152 4143 4133 4136 4140 4138 4135 4135 4108 4081 4059 4042 4022 3994 3963 3922 3899 3875 3853 3830 3802 3774 3753 3740 3711 3687 3665 3654 3637 3625 3611 3600 3587 3588 3559 3527 3513 3506
4231 4228 4238 4239 4237 4238 4239 4237 4238 4241 4242 4245 4253 4259 4263 4269 4273 4276 4273 4271 4271 4270 4269 4267 4263 4259 4257 4256 4254 4251 4247 4242 4240 4239 4232 4224 4220 4217 4213 4210 4207 4204 4198 4189 4182 4173 4158 4144 4141 4145 4150 4150 4144 4142 4125 4105 4077 4057 4044 4025 3986 3948 3927 3905 3879 3856 3824 3798 3777 3752 3720 3703 3676 3656 3634 3618 3605 3595 3582 3565 3544 3535 3525 3513
4206 4214 4206 4219 4221 4222 4218 4222 4226 4233 4239 4241 4243 4250 4257 4261 4266 4270 4271 4272 4273 4275 4276 4273 4267 4260 4255 4252 4253 4253 4253 4252 4247 4240 4233 4226 4221 4218 4213 4209 4207 4206 4203 4198 4188 4178 4167 4155 4155 4159 4155 4150 4143 4137 4139 4130 4097 4075 4062 4037 4000 3970 3947 3928 3910 3885 3844 3811 3781 3751 3734 3706 3676 3658 3643 3625 3604 3590 3574 3556 3537 3530 3519 3507
4186 4185 4190 4193 4207 4209 4206 4209 4214 4224 4234 4242 4251 4254 4254 4257 4259 4264 4267 4268 4269 4272 4277 4274 4269 4263 4257 4255 4255 4256 4258 4258 4257 4250 4240 4235 4231 4227 4223 4216 4209 4205 4200 4195 4189 4184 4176 4171 4167 4168 4172 4167 4157 4151 4148 4141 4128 4086 4065 4053 4037 3979 3954 3935 3921 3902 3871 3843 3789 3765 3737 3699 3682 3665 3645 3628 3597 3581 3567 3547 3534 3519 3505 3493
4177 4182 4189 4190 4188 4192 4197 4200 4201 4205 4210 4217 4233 4250 4254 4255 4258 4262 4262 4263 4265 4268 4269 4268 4266 4264 4264 4262 4261 4259 4255 4254 4256 4255 4249 4239 4233 4231 4228 4220 4211 4206 4201 4198 4196 4195 4196 4193 4189 4185 4178 4175 4172 4165 4157 4145 4133 4089 4071 4056 4042 4015 3961 3948 3931 3908 3875 3837 3813 3795 3769 3700 3682 3679 3648 3625 3597 3583 3565 3549 3530 3514 3505 3487
4155 4173 4168 4174 4182 4186 4191 4195 4204 4203 4202 4210 4226 4236 4246 4256 4257 4258 4260 4261 4263 4264 4264 4263 4262 4263 4264 4267 4265 4264 4261 4259 4258 4256 4249 4240 4236 4234 4230 4224 4220 4217 4217 4217 4212 4207 4205 4208 4210 4206 4196 4182 4161 4150 4146 4141 4130 4087 4067 4046 4035 4010 3984 3964 3938 3902 3870 3837 3819 3805 3773 3723 3705 3682 3661 3633 3595 3584 3565 3548 3527 3513 3499 3489
4145 4159 4152 4161 4171 4184 4191 4195 4199 4200 4203 4209 4215 4224 4234 4243 4250 4255 4258 4259 4261 4261 4261 4262 4262 4264 4267 4269 4271 4274 4279 4279 4274 4265 4257 4251 4242 4231 4229 4229 4229 4235 4233 4226 4220 4215 4210 4207 4210 4211 4196 4174 4159 4151 4141 4128 4111 4075 4062 4033 4016 4004 3994 3976 3941 3897 3862 3830 3817 3803 3785 3728 3700 3690 3674 3652 3609 3589 3567 3544 3525 3512 3497 3485
4138 4142 4151 4158 4168 4176 4185 4188 4190 4192 4193 4198 4204 4211 4222 4233 4239 4249 4260 4261 4261 4262 4263 4265 4268 4269 4270 4271 4271 4274 4279 4281 4282 4278 4273 4265 4254 4243 4231 4234 4242 4243 4240 4232 4223 4217 4213 4207 4203 4197 4190 4174 4156 4139 4121 4104 4087 4067 4041 4031 4019 4006 3994 3969 3946 3898 3845 3829 3813 3800 3780 3740 3720 3698 3682 3657 3625 3602 3573 3551 3530 3515 3503 3483
4124 4129 4139 4146 4155 4160 4161 4175 4178 4183 4186 4190 4200 4214 4222 4227 4236 4249 4257 4264 4259 4262 4263 4264 4266 4267 4269 4268 4268 4271 4276 4281 4285 4285 4285 4286 4280 4256 4248 4250 4244 4245 4235 4226 4219 4216 4216 4206 4194 4186 4173 4157 4140 4118 4086 4072 4068 4049 4025 4019 4003 3986 3971 3946 3914 3874 3852 3820 3817 3803 3784 3766 3726 3704 3683 3661 3637 3614 3588 3559 3544 3523 3505 3488
4102 4114 4131 4129 4138 4135 4141 4153 4164 4183 4189 4196 4203 4210 4209 4214 4218 4220 4227 4237 4239 4244 4254 4256 4259 4263 4267 4270 4270 4270 4275 4280 4283 4283 4283 4283 4282 4279 4275 4275 4265 4248 4231 4215 4210 4211 4210 4206 4191 4170 4154 4145 4125 4092 4070 4059 4045 4032 4014 3990 3971 3964 3945 3930 3889 3877 3848 3825 3823 3813 3794 3772 3723 3706 3685 3663 3642 3620 3598 3578 3549 3534 3517 3497
4090 4103 4107 4110 4111 4119 4121 4132 4145 4155 4167 4179 4185 4191 4190 4198 4201 4203 4203 4207 4208 4206 4211 4216 4211 4228 4241 4266 4264 4270 4278 4283 4283 4281 4281 4283 4283 4283 4286 4284 4274 4260 4232 4223 4222 4198 4197 4201 4186 4150 4129 4125 4111 4093 4070 4053 4036 4013 3992 3968 3947 3934 3931 3914 3885 3878 3851 3839 3826 3814 3793 3774 3742 3718 3695 3665 3647 3626 3602 3585 3568 3547 3529 3512
4090 4098 4101 4100 4095 4100 4111 4117 4131 4144 4150 4161 4163 4171 4174 4178 4181 4183 4187 4190 4188 4187 4182 4187 4199 4208 4203 4211 4218 4224 4239 4281 4284 4281 4279 4280 4281 4280 4277 4277 4277 4269 4256 4242 4225 4205 4185 4163 4138 4125 4122 4110 4094 4082 4068 4052 4035 4006 3972 3949 3933 3920 3910 3904 3887 3865 3866 3843 3828 3810 3787 3771 3754 3722 3698 3676 3658 3637 3616 3599 3583 3560 3546 3535
4084 4089 4090 4094 4092 4092 4103 4106 4113 4123 4131 4138 4140 4150 4153 4159 4161 4163 4165 4169 4164 4164 4165 4169 4167 4160 4159 4172 4192 4208 4212 4227 4244 4246 4259 4263 4272 4268 4264 4262 4258 4255 4247 4235 4210 4185 4171 4157 4145 4125 4089 4070 4057 4052 4050 4036 4021 3993 3966 3942 3917 3902 3898 3893 3885 3866 3861 3845 3826 3809 3792 3780 3757 3725 3697 3677 3671 3654 3635 3620 3604 3578 3567 3555
4074 4075 4077 4081 4088 4088 4091 4099 4102 4105 4111 4116 4121 4125 4133 4136 4138 4142 4141 4139 4140 4143 4133 4133 4138 4141 4135 4155 4182 4179 4192 4212 4215 4226 4232 4239 4258 4255 4251 4245 4241 4238 4229 4211 4189 4166 4149 4137 4118 4089 4068 4057 4046 4034 4022 4014 3997 3974 3945 3909 3893 3891 3886 3878 3864 3861 3850 3843 3838 3826 3814 3795 3773 3734 3705 3686 3682 3668 3654 3640 3625 3612 3593 3574
4058 4060 4068 4068 4073 4076 4082 4084 4083 4090 4089 4094 4096 4099 4099 4102 4106 4111 4112 4112 4116 4118 4114 4122 4120 4121 4135 4146 4149 4160 4174 4193 4193 4200 4210 4218 4224 4227 4226 4232 4228 4224 4220 4194 4156 4140 4134 4127 4117 4090 4064 4056 4044 4029 4006 3982 3960 3926 3900 3889 3880 3874 3869 3857 3842 3826 3832 3842 3840 3826 3818 3799 3768 3735 3708 3698 3691 3681 3673 3664 3653 3641 3626 3608
4035 4039 4046 4050 4053 4060 4065 4064 4064 4070 4073 4077 4076 4074 4074 4078 4082 4085 4087 4096 4094 4098 4096 4101 4107 4108 4115 4124 4128 4136 4147 4163 4171 4185 4193 4197 4207 4209 4208 4212 4210 4206 4196 4172 4145 4128 4116 4103 4081 4060 4049 4039 4028 4016 4001 3982 3956 3926 3893 3871 3860 3849 3839 3827 3816 3811 3823 3817 3823 3821 3810 3802 3780 3737 3714 3703 3700 3688 3682 3677 3670 3661 3639 3625
4022 4037 4039 4044 4047 4043 4046 4043 4049 4046 4049 4051 4050 4049 4054 4054 4058 4062 4069 4078 4072 4076 4069 4069 4074 4090 4094 4099 4107 4118 4130 4138 4145 4152 4159 4167 4173 4180 4185 4187 4182 4180 4174 4161 4143 4117 4090 4071 4054 4036 4018 4008 3997 3984 3973 3959 3933 3896 3873 3861 3855 3842 3826 3812 3807 3805 3798 3799 3798 3800 3797 3784 3779 3742 3724 3712 3705 3697 3688 3681 3678 3665 3643 3631
4016 4020 4013 4017 4031 4027 4025 4027 4028 4026 4027 4024 4026 4027 4031 4033 4033 4038 4044 4049 4052 4050 4055 4056 4057 4052 4062 4075 4089 4105 4113 4118 4123 4128 4131 4134 4135 4136 4142 4167 4171 4172 4161 4148 4131 4098 4070 4055 4039 4018 3999 3979 3964 3951 3938 3925 3905 3880 3859 3846 3834 3824 3814 3803 3795 3788 3770 3776 3781 3778 3779 3773 3757 3747 3729 3706 3699 3694 3682 3677 3670 3641 3630 3627
4005 4005 4007 4006 4013 4022 4023 4007 4008 4008 4013 4013 4010 4009 4010 4015 4017 4018 4022 4026 4032 4034 4039 4037 4040 4039 4048 4061 4065 4072 4080 4087 4087 4088 4091 4090 4087 4091 4098 4116 4136 4137 4130 4115 4097 4075 4053 4036 4019 4000 3978 3961 3948 3933 3919 3909 3894 3869 3847 3830 3819 3807 3790 3764 3755 3760 3747 3751 3755 3759 3754 3754 3744 3734 3711 3695 3682 3659 3645 3614 3610 3603 3598 3598
3986 3987 3993 3993 3995 4000 4001 3997 3993 3990 3990 3993 3993 3995 3992 3998 3999 3999 4001 4004 4012 4019 4019 4022 4029 4030 4038 4042 4044 4047 4047 4047 4049 4053 4061 4064 4063 4067 4069 4080 4103 4106 4105 4092 4065 4037 4028 4017 4005 3988 3965 3947 3935 3922 3908 3895 3872 3849 3831 3815 3803 3788 3764 3745 3740 3734 3725 3721 3726 3727 3724 3720 3713 3712 3700 3676 3658 3634 3618 3603 3586 3561 3558 3561
3964 3972 3978 3977 3984 3989 3988 3983 3975 3970 3973 3975 3977 3975 3979 3974 3977 3983 3985 3983 3993 3997 4000 4010 4014 4021 4024 4030 4033 4029 4026 4023 4025 4027 4028 4034 4035 4033 4042 4043 4081 4073 4073 4063 4060 4034 4015 4011 4004 3983 3954 3935 3919 3901 3890 3890 3869 3827 3806 3797 3787 3769 3746 3727 3716 3711 3707 3703 3703 3699 3696 3693 3687 3684 3669 3652 3639 3613 3590 3583 3566 3556 3539 3535
3948 3957 3960 3967 3969 3972 3970 3965 3961 3958 3959 3960 3956 3953 3956 3954 3956 3959 3962 3968 3972 3974 3980 3980 3989 3990 3996 4002 4007 4010 4006 4002 4001 4000 3997 4000 4001 4004 4011 4022 4048 4054 4052 4042 4032 4028 4012 4005 4000 3977 3939 3917 3902 3899 3888 3866 3847 3827 3811 3798 3783 3756 3732 3714 3699 3692 3687 3685 3674 3673 3666 3663 3665 3656 3652 3624 3612 3590 3575 3560 3541 3530 3528 3505
3930 3931 3940 3948 3953 3950 3946 3943 3941 3942 3944 3942 3940 3939 3940 3945 3950 3939 3944 3947 3951 3951 3955 3959 3961 3962 3968 3974 3978 3977 3976 3978 3977 3976 3970 3968 3976 3981 3979 3991 4002 4012 4018 4020 4023 4017 3993 3993 3972 3956 3951 3920 3909 3895 3881 3861 3835 3822 3807 3792 3778 3729 3717 3710 3691 3679 3668 3662 3651 3641 3642 3645 3645 3629 3618 3598 3593 3575 3561 3544 3521 3509 3503 3469
3924 3921 3931 3937 3941 3939 3934 3927 3922 3922 3924 3925 3924 3924 3924 3923 3924 3930 3925 3930 3929 3932 3936 3941 3941 3946 3952 3954 3954 3948 3945 3943 3939 3937 3938 3938 3941 3949 3952 3965 3979 3986 3994 4006 4006 4001 3970 3967 3960 3954 3934 3917 3909 3888 3868 3849 3830 3814 3797 3782 3757 3722 3719 3704 3693 3677 3663 3651 3636 3626 3616 3615 3608 3620 3595 3576 3562 3545 3530 3515 3500 3482 3461 3454
