terrain/dems/exampleFiles/misc/stormking.grd
ncols        186
nrows        128
xllcorner    -123.772083333333
yllcorner    48.041250000000
cellsize 30
[rows 0 to 37 of 128, columns 0 to 86 of 186]
157 157 157 158 159 163 171 187 202 220 232 241 245 249 252 254 254 255 254 253 254 255 255 257 256 256 255 261 267 271 274 274 277 279 284 288 294 298 304 309 315 319 322 324 324 325 326 326 327 328 330 334 338 341 345 348 350 351 352 352 353 355 356 356 356 356 354 352 356 362 371 380 391 401 412 422 435 451 466 479 487 489 488 485 483 480 479
157 158 158 158 163 175 190 214 230 237 243 249 253 255 257 260 261 261 261 261 263 266 270 273 276 278 283 286 290 294 298 296 296 295 298 301 303 306 309 313 318 322 325 326 329 331 333 336 337 338 339 342 344 347 351 353 355 356 357 356 356 357 357 358 360 359 357 356 361 372 379 387 397 408 419 432 446 466 478 492 502 505 503 501 500 498 495
161 167 178 177 181 193 214 229 237 241 246 250 254 258 261 262 263 264 265 268 272 279 286 291 295 300 304 305 309 310 312 312 311 310 311 312 313 315 316 318 322 325 329 331 334 338 342 345 347 349 350 350 352 354 356 357 358 359 360 360 360 359 360 360 361 361 361 362 366 374 384 393 401 414 426 443 464 482 489 505 512 515 516 515 516 515 510
167 182 193 201 212 219 226 235 237 241 245 250 254 257 260 262 263 266 270 275 283 291 298 304 309 311 314 315 316 317 319 321 322 323 324 325 325 325 326 328 330 333 335 338 342 345 348 351 353 354 355 355 357 359 360 361 360 361 361 361 362 364 364 364 363 363 363 365 369 376 388 400 411 421 435 451 470 484 499 510 518 522 525 526 526 525 520
185 199 210 217 226 237 241 240 240 244 249 254 258 261 263 266 270 275 281 288 294 301 309 315 318 319 319 319 320 322 325 328 330 332 333 336 338 339 339 339 340 341 342 343 346 350 351 353 355 357 358 358 360 363 363 362 361 361 362 364 365 368 369 368 367 366 367 368 372 381 394 406 416 429 440 453 473 497 512 518 524 528 532 535 536 535 536
204 215 225 234 243 248 249 248 250 253 259 264 269 272 275 279 285 291 297 301 306 313 319 323 324 325 327 327 328 330 333 336 337 338 341 344 347 348 347 347 348 347 347 348 352 355 358 359 360 358 360 362 365 366 365 364 363 365 367 369 371 372 373 372 371 370 369 371 377 388 398 407 419 431 443 459 478 505 520 525 531 537 542 545 545 545 542
212 223 234 244 251 256 256 257 260 264 271 277 282 285 287 293 301 306 311 316 320 325 328 330 332 333 335 337 338 339 341 343 345 345 347 349 351 353 354 354 354 354 354 355 358 361 366 367 367 366 365 367 370 372 371 370 370 371 374 377 376 375 374 373 373 373 372 375 382 392 403 417 431 442 455 467 487 511 525 535 541 547 552 556 555 554 549
225 233 241 251 259 263 265 268 272 277 284 292 297 302 306 311 317 322 326 331 331 333 335 337 338 340 341 343 344 346 349 351 352 353 353 354 356 359 360 362 364 366 367 368 368 371 375 377 377 375 375 375 378 379 379 377 376 377 379 379 379 377 376 376 377 377 376 376 382 393 406 421 438 453 465 475 490 511 530 539 546 552 557 559 562 559 558
239 246 253 259 266 269 273 278 284 291 300 307 312 318 324 330 334 337 338 338 338 339 341 342 344 346 347 349 350 353 355 357 358 358 358 359 361 364 367 369 372 375 376 376 377 379 383 385 385 383 381 381 382 383 383 382 381 381 381 382 380 379 378 379 381 382 381 382 385 395 409 423 441 456 470 480 494 515 531 538 546 554 560 564 566 567 567
253 257 263 270 275 279 284 288 295 303 312 319 326 332 334 338 340 342 342 343 344 345 345 348 351 354 357 358 358 359 361 364 365 365 365 365 366 367 369 371 374 376 377 378 381 385 388 390 389 387 385 384 384 384 385 384 385 384 383 383 382 382 382 383 385 387 388 388 391 398 412 423 436 453 468 484 501 521 536 546 555 560 565 568 571 575 576
266 271 278 285 290 294 297 300 305 312 319 328 334 338 341 342 343 345 347 348 348 349 352 355 360 364 365 366 365 366 367 369 370 371 371 370 370 370 371 372 373 375 378 381 386 390 392 394 393 392 390 390 389 389 389 388 387 387 386 386 386 386 387 388 390 391 391 391 395 406 415 422 433 451 468 488 508 527 542 551 557 562 566 571 577 580 582
279 285 290 297 302 306 310 315 319 322 327 333 340 343 345 346 347 349 351 351 353 355 357 362 366 368 369 369 370 370 372 373 374 375 375 374 374 374 375 375 377 379 382 386 391 394 396 397 397 397 395 394 394 392 391 390 390 390 390 392 392 394 395 397 398 397 397 397 400 408 417 422 436 456 472 492 509 527 542 552 558 563 571 578 582 586 587
294 297 301 307 312 318 324 329 331 332 335 338 342 345 346 348 352 354 356 357 358 360 361 364 367 369 370 371 373 374 375 376 377 378 378 378 377 378 379 381 382 384 387 390 393 395 396 398 399 399 399 398 395 393 392 391 391 392 394 397 399 400 402 404 406 406 406 405 407 413 420 426 440 463 478 495 508 522 540 553 561 570 577 582 585 586 588
306 309 314 319 324 331 335 337 337 337 339 342 345 348 351 354 357 359 359 360 361 363 364 366 367 368 370 372 374 376 377 378 380 381 381 381 381 383 384 385 387 387 389 391 393 397 399 399 400 401 400 399 397 394 393 392 393 395 397 400 402 403 405 407 410 412 412 413 415 418 424 431 443 465 478 496 508 525 544 556 564 569 577 583 586 589 591
317 321 326 330 334 340 344 346 345 347 348 351 353 355 359 361 362 362 362 364 366 367 368 369 371 372 374 375 377 378 379 380 382 384 384 384 385 387 388 389 390 391 392 395 399 401 403 403 402 400 399 399 397 396 395 395 396 398 400 401 403 404 405 408 411 414 417 420 423 427 431 436 446 463 476 495 511 531 549 560 566 576 584 589 591 594 600
330 333 336 339 344 349 352 354 357 360 363 365 365 368 369 370 370 371 370 372 375 377 378 379 381 380 380 380 381 381 383 385 387 389 390 389 390 392 393 393 394 395 397 400 403 406 407 406 404 402 400 398 398 399 399 400 401 401 401 402 404 406 408 412 415 418 421 425 431 434 437 443 454 468 483 497 516 538 555 567 579 588 592 595 599 600 608
336 339 344 347 351 356 358 361 364 368 372 375 376 376 377 379 380 380 381 383 386 389 389 391 391 390 389 388 388 389 391 393 397 398 397 397 397 399 400 401 401 401 403 405 407 409 410 408 407 405 402 403 404 405 406 407 407 408 406 405 408 410 415 419 421 422 424 428 435 441 444 450 459 470 484 502 523 545 559 572 584 594 600 604 605 607 613
338 343 349 353 357 359 361 364 367 372 376 379 380 382 384 386 387 388 390 392 394 395 396 396 397 396 395 397 398 399 401 403 402 402 403 404 405 407 408 409 410 411 412 413 415 416 415 414 412 410 408 410 413 414 416 417 421 420 419 418 421 424 428 430 431 432 434 439 443 448 453 457 461 472 484 502 523 544 559 571 586 597 604 607 609 612 617
343 348 354 359 361 363 365 368 371 375 379 382 386 390 393 395 397 399 400 402 404 403 402 405 406 405 407 408 409 409 410 411 410 409 410 412 413 414 416 418 420 421 423 425 426 427 425 423 421 420 420 421 423 425 428 431 433 434 435 435 438 439 441 441 442 444 448 451 453 456 458 461 470 480 492 505 522 540 555 571 586 597 603 607 610 615 621
355 358 362 366 368 370 371 372 375 377 382 387 394 400 403 404 407 409 411 412 413 412 412 413 415 416 418 423 424 423 422 420 418 416 416 417 418 421 424 427 430 431 431 433 435 435 433 432 431 430 430 430 432 435 438 441 443 443 443 445 446 447 447 448 450 453 456 459 460 460 463 467 475 487 499 512 527 542 559 577 589 597 601 606 611 618 627
364 366 370 374 376 377 378 379 382 388 394 398 404 407 409 410 413 417 419 420 420 420 420 421 421 422 425 429 429 428 428 427 425 424 424 423 426 430 432 434 434 435 437 438 440 439 437 437 437 437 437 438 440 442 446 447 448 448 449 450 452 453 455 457 459 460 462 463 464 466 469 471 478 489 501 520 537 550 568 584 593 598 604 611 618 625 635
375 376 378 380 382 385 387 389 394 399 404 407 409 411 413 415 418 421 423 423 423 422 422 423 424 426 428 431 432 432 431 430 429 429 428 429 431 435 436 436 438 440 441 442 443 441 441 441 443 443 443 444 445 447 449 450 451 453 455 455 456 458 459 461 463 465 466 466 466 469 472 475 480 494 515 530 545 558 574 588 596 602 612 622 629 635 645
386 384 383 385 390 392 395 398 403 408 410 411 414 416 418 420 421 423 424 425 425 425 425 425 427 428 431 431 432 433 432 432 432 431 430 429 431 435 438 439 441 443 444 447 447 447 446 446 447 448 448 449 449 450 452 453 456 458 460 462 463 464 465 466 468 470 469 468 467 467 472 477 492 506 525 542 552 564 580 590 599 609 620 632 639 646 654
396 392 390 392 396 399 404 408 411 414 415 417 418 421 423 425 426 426 427 428 429 428 428 427 429 430 432 433 433 433 434 434 434 434 433 434 434 436 438 441 444 447 450 452 453 452 451 451 453 453 454 455 455 457 459 460 463 465 468 468 468 469 471 472 473 474 472 470 470 473 477 485 504 519 533 548 561 573 584 595 607 620 630 641 648 656 667
400 400 399 402 405 408 410 413 415 417 417 419 421 421 423 425 427 428 429 429 430 429 428 429 430 432 434 435 436 436 435 435 435 436 438 440 441 440 441 445 450 453 455 457 457 456 456 456 458 459 458 458 461 465 470 470 470 471 472 473 473 473 474 475 475 475 475 474 475 481 489 498 511 527 540 553 568 581 590 603 618 630 640 650 659 667 679
404 404 406 408 409 410 412 413 415 417 418 418 419 419 421 425 427 429 430 430 430 430 430 432 433 435 438 439 440 440 438 437 436 438 441 443 444 445 448 451 455 456 457 458 458 459 461 462 462 463 464 463 465 470 472 473 472 473 473 473 473 474 475 475 478 479 480 481 485 492 500 508 518 532 545 558 574 587 600 615 629 643 653 664 672 682 693
409 409 410 409 409 410 410 412 414 415 415 416 416 418 421 424 427 430 432 432 432 433 435 437 439 441 442 442 442 441 442 441 443 445 447 448 449 450 453 457 458 458 458 458 460 462 465 466 467 467 467 468 469 472 473 474 475 475 476 476 476 476 478 481 482 483 485 489 493 499 509 519 530 542 553 567 583 598 612 627 641 653 665 675 685 697 708
410 412 412 412 410 410 411 412 414 414 415 415 416 419 422 424 427 430 432 433 434 436 438 440 441 441 442 441 441 442 443 445 447 450 450 449 449 450 453 456 458 459 459 459 462 465 468 469 469 470 471 472 474 475 477 478 480 481 483 485 485 486 486 489 490 492 495 497 500 507 518 530 538 548 561 574 591 608 623 637 649 660 671 684 697 708 718
413 414 414 414 415 415 416 416 416 416 416 416 417 420 422 426 429 432 434 436 438 441 442 443 444 443 443 443 442 443 445 446 446 446 446 446 445 448 451 455 459 460 461 462 465 469 472 472 474 475 476 477 479 481 482 484 487 490 492 493 494 495 496 496 496 498 501 505 508 515 526 536 549 562 575 589 603 617 632 645 654 664 678 693 708 721 732
417 418 419 420 421 421 421 422 421 421 420 420 422 423 426 430 434 437 439 442 446 449 449 449 448 449 451 452 451 452 451 449 448 447 446 445 446 447 451 455 458 461 463 465 469 474 477 479 480 481 481 483 486 489 492 494 497 500 501 501 502 503 503 503 504 506 508 511 515 523 535 548 561 574 590 603 616 630 643 654 666 676 690 707 722 734 745
424 425 426 428 429 429 429 428 427 426 425 427 429 432 435 438 441 444 447 449 452 455 455 455 456 459 461 462 462 459 455 453 451 450 449 448 448 448 451 454 457 461 465 469 473 476 480 484 486 487 489 491 493 496 499 502 506 509 511 512 512 511 510 511 512 513 515 519 523 534 544 560 570 583 601 618 632 643 653 664 675 691 708 725 737 745 756
430 431 431 432 433 433 433 432 432 433 436 437 439 442 444 447 450 452 454 455 458 459 460 464 467 471 472 471 470 465 461 457 455 453 452 451 450 451 451 454 457 462 467 472 476 480 484 488 490 493 496 497 499 502 506 511 515 519 521 522 522 521 520 520 521 523 526 531 539 551 563 574 581 593 612 631 643 653 666 675 690 707 723 740 751 758 769
436 436 437 437 437 436 437 437 438 442 443 445 446 448 450 452 455 458 460 462 461 462 466 470 476 479 481 482 480 475 467 461 457 455 454 453 453 453 455 455 459 465 471 476 482 485 490 492 493 496 500 503 505 510 515 519 522 525 527 528 529 530 530 530 530 532 536 544 553 565 576 584 596 609 626 642 657 669 680 693 708 721 737 748 756 767 780
440 442 443 442 441 441 441 441 441 443 446 448 450 452 453 455 459 463 467 468 469 469 471 475 479 483 487 487 484 479 471 464 461 460 458 456 456 456 456 458 461 467 474 481 488 492 495 497 499 503 506 508 512 517 521 524 528 530 531 532 533 535 537 538 539 541 546 556 566 576 584 597 612 627 641 655 668 681 693 708 722 734 746 754 766 779 795
444 445 445 445 445 445 446 446 445 447 450 454 456 458 459 461 467 471 473 474 475 475 477 480 483 487 491 492 490 482 474 469 467 467 466 465 464 463 463 464 467 472 479 487 492 496 499 503 506 510 513 515 519 523 526 530 533 536 539 540 541 542 545 547 550 552 557 568 580 590 600 612 626 641 655 669 681 694 708 720 732 746 760 773 786 796 813
449 449 448 448 449 450 450 450 451 453 457 462 464 466 468 473 476 479 479 479 480 482 484 486 489 492 495 497 497 489 480 476 473 472 471 470 470 469 469 470 473 478 485 491 496 500 503 508 512 516 519 522 525 529 533 536 540 544 548 551 554 555 556 559 563 567 572 581 594 604 616 628 638 651 670 685 695 707 721 733 743 757 778 797 817 822 834
454 454 453 453 454 454 455 455 456 459 462 465 469 472 476 480 483 484 485 486 488 490 493 495 497 498 500 502 499 493 485 480 477 475 474 473 473 473 472 473 476 481 487 494 500 504 508 513 518 521 524 528 532 536 540 543 548 552 556 560 564 565 568 571 578 587 596 603 611 621 636 647 659 677 692 704 713 721 735 753 766 781 800 816 833 844 854
459 459 460 460 461 461 460 461 462 462 465 468 472 476 480 484 487 488 490 492 494 497 501 503 505 505 505 506 501 494 487 483 479 478 477 477 477 476 476 477 479 483 490 499 508 512 517 522 525 528 531 535 540 544 547 551 555 561 567 571 574 577 580 587 599 609 617 625 635 650 658 668 682 699 714 726 736 748 761 768 779 796 815 834 853 863 874
