terrain/dems/exampleFiles/misc/stormking.grd
ncols        186
nrows        128
xllcorner    -123.772083333333
yllcorner    48.041250000000
cellsize 30
[rows 38 to 75 of 128, columns 87 to 173 of 186]
902 914 923 928 930 933 932 929 926 927 930 932 936 940 946 957 955 961 964 968 972 976 981 984 989 993 995 997 999 995 991 987 985 981 978 975 973 967 956 947 935 922 911 899 886 874 864 849 831 817 804 782 758 745 733 723 709 691 676 661 647 631 616 604 591 579 564 552 543 535 528 520 512 503 492 482 474 468 465 458 450 444 438 431 424 415 407
916 926 937 941 945 946 948 946 948 952 953 960 965 976 982 983 980 982 986 991 994 996 1000 1004 1012 1013 1011 1011 1009 1007 1004 1001 999 997 992 986 978 968 956 943 931 919 907 895 881 866 853 840 828 811 792 775 758 745 734 720 705 690 675 662 649 637 622 606 591 575 560 549 538 530 523 516 508 500 490 480 476 474 468 460 452 446 439 433 427 420 413
926 937 945 950 955 957 960 967 974 981 985 990 995 1001 1007 1011 1009 1009 1012 1019 1022 1028 1034 1041 1041 1039 1034 1027 1023 1020 1020 1021 1018 1013 1006 996 984 969 953 937 924 913 903 891 875 858 845 834 818 799 784 769 756 743 731 718 704 690 677 665 652 638 621 604 591 577 562 548 537 528 520 516 511 504 495 487 481 477 473 463 455 449 444 438 432 426 419
937 946 955 962 966 972 980 986 995 1002 1010 1015 1016 1020 1027 1032 1037 1041 1044 1050 1054 1059 1063 1062 1062 1060 1058 1055 1052 1047 1043 1038 1032 1024 1013 1002 990 973 953 935 921 909 895 881 868 854 840 825 811 798 784 767 751 741 730 715 701 689 675 660 647 635 622 609 596 584 570 556 544 533 525 519 515 510 504 496 488 480 473 466 459 454 448 443 436 428 421
953 962 973 977 981 988 995 1002 1011 1020 1029 1035 1040 1045 1051 1059 1066 1069 1074 1080 1082 1085 1082 1078 1076 1073 1070 1068 1064 1059 1050 1041 1034 1023 1010 997 986 972 955 936 921 908 893 878 867 854 838 823 809 796 780 763 749 737 725 712 699 684 669 658 647 636 625 612 599 586 575 566 555 546 537 527 519 515 509 498 488 479 474 468 460 454 449 443 438 433 425
972 980 987 992 997 1007 1016 1023 1031 1038 1046 1056 1063 1069 1075 1082 1090 1100 1110 1117 1119 1113 1105 1099 1093 1089 1083 1078 1071 1061 1048 1036 1026 1015 1000 986 975 964 948 936 922 906 892 880 866 851 835 821 809 797 781 764 748 734 724 712 699 685 670 656 647 636 623 611 598 587 578 570 562 554 545 535 527 518 510 500 489 480 472 467 462 455 449 444 440 434 426
989 995 1002 1008 1014 1026 1035 1041 1046 1052 1061 1069 1078 1085 1092 1099 1107 1117 1126 1130 1129 1126 1122 1115 1110 1105 1098 1089 1077 1062 1045 1032 1021 1009 997 986 974 962 949 937 919 901 886 876 866 851 835 821 809 798 784 768 753 739 725 711 698 686 671 658 647 638 628 617 604 591 582 574 564 556 549 540 530 521 511 503 494 484 475 468 461 455 449 444 439 431 423
1003 1010 1018 1025 1030 1037 1046 1053 1063 1069 1075 1084 1090 1096 1104 1114 1121 1129 1133 1135 1135 1135 1134 1132 1125 1117 1109 1100 1086 1066 1047 1036 1024 1013 1001 988 975 963 947 932 918 901 885 872 863 852 837 820 807 796 781 765 753 739 725 712 698 685 672 661 652 644 635 622 608 598 588 576 565 557 549 541 532 520 510 504 498 490 480 471 462 453 448 444 436 429 422
1004 1014 1023 1034 1039 1045 1055 1067 1077 1085 1088 1093 1097 1103 1110 1119 1126 1133 1137 1140 1143 1147 1147 1140 1133 1126 1116 1106 1091 1075 1057 1040 1028 1016 999 984 971 957 946 934 918 904 892 879 868 852 835 821 808 793 779 768 755 739 726 714 700 686 676 667 657 647 636 625 615 605 592 580 570 560 552 544 536 526 516 506 498 491 485 475 465 459 454 447 439 430 425
1000 1010 1020 1031 1041 1052 1067 1079 1088 1092 1095 1098 1104 1110 1117 1124 1130 1139 1145 1149 1154 1155 1154 1148 1139 1130 1121 1109 1095 1077 1059 1045 1032 1017 1001 984 973 964 952 938 925 911 896 881 865 850 834 820 807 794 781 765 751 740 730 717 704 696 687 679 669 654 641 632 621 610 599 588 578 569 561 553 544 535 527 515 502 493 483 475 467 460 456 450 443 436 431
1001 1011 1021 1032 1049 1066 1079 1090 1098 1102 1104 1105 1109 1118 1126 1132 1139 1145 1151 1156 1160 1163 1161 1156 1150 1141 1131 1118 1102 1087 1073 1056 1038 1025 1008 988 975 964 956 945 931 918 901 885 869 851 835 821 809 798 785 773 761 750 741 732 720 708 700 695 685 673 662 647 630 617 606 596 588 577 567 557 549 542 533 523 512 502 492 480 473 469 462 456 451 447 444
1000 1010 1023 1040 1058 1075 1087 1095 1103 1107 1110 1115 1119 1124 1131 1136 1140 1147 1154 1159 1163 1166 1166 1164 1158 1152 1141 1131 1120 1107 1085 1064 1051 1036 1019 1000 982 969 959 948 936 922 904 886 871 857 840 827 813 806 802 797 789 776 762 751 740 725 713 704 697 687 680 674 658 635 616 605 598 588 575 565 557 548 539 529 520 511 501 493 488 486 483 477 471 466 464
1004 1018 1030 1043 1062 1078 1090 1102 1109 1112 1115 1121 1127 1131 1136 1140 1145 1151 1158 1165 1170 1174 1175 1173 1172 1167 1158 1148 1136 1122 1104 1084 1067 1050 1033 1024 1012 993 970 951 936 921 907 894 882 872 861 853 850 841 830 820 809 794 779 771 762 747 733 719 712 705 697 688 671 650 634 624 612 601 589 578 568 558 551 542 531 524 518 512 509 506 505 498 492 492 491
1025 1034 1042 1052 1066 1083 1096 1109 1117 1120 1124 1130 1136 1140 1145 1149 1152 1157 1163 1170 1179 1186 1189 1189 1185 1178 1168 1158 1149 1137 1121 1099 1076 1056 1038 1025 1012 996 979 958 938 927 920 915 908 898 890 880 866 851 840 831 824 818 811 805 799 780 761 749 739 725 711 698 686 673 656 639 626 615 605 593 584 578 569 561 553 546 541 536 532 531 525 519 517 513 506
1042 1051 1058 1065 1077 1092 1108 1118 1125 1130 1136 1142 1147 1151 1155 1159 1162 1167 1173 1179 1186 1195 1203 1206 1204 1198 1188 1173 1157 1146 1123 1100 1082 1063 1046 1028 1012 997 985 976 961 946 939 933 928 917 905 892 878 864 852 844 839 835 828 819 804 785 772 763 753 741 722 706 695 682 670 658 647 633 621 611 607 601 593 586 578 571 560 557 555 552 548 545 541 538 529
1056 1065 1073 1082 1092 1107 1122 1133 1139 1143 1149 1155 1160 1165 1169 1171 1176 1181 1186 1191 1197 1208 1218 1220 1219 1211 1201 1178 1156 1144 1128 1100 1076 1062 1049 1035 1019 1003 995 989 983 974 963 952 940 930 916 901 889 878 868 860 853 847 842 836 823 804 788 775 761 750 739 724 713 705 695 681 666 655 644 633 630 625 617 612 601 595 591 582 580 574 571 564 559 554 549
1073 1079 1090 1100 1110 1123 1137 1146 1153 1159 1167 1174 1177 1179 1180 1182 1186 1191 1198 1204 1213 1222 1226 1228 1224 1215 1196 1176 1157 1140 1118 1092 1069 1061 1056 1041 1025 1019 1016 1012 1012 1001 988 973 959 942 927 914 905 898 893 886 878 867 855 844 830 819 813 803 787 772 759 743 729 722 715 703 690 683 678 668 657 649 643 638 631 625 620 608 605 603 595 586 575 570 566
1090 1098 1108 1120 1130 1144 1158 1164 1171 1178 1183 1184 1184 1186 1188 1193 1199 1205 1211 1217 1224 1230 1234 1235 1230 1220 1202 1181 1164 1147 1122 1096 1085 1077 1076 1077 1073 1058 1043 1036 1027 1016 1010 996 974 951 937 930 924 920 916 906 896 881 864 853 844 837 826 813 802 791 777 765 753 741 733 725 723 716 700 695 693 683 673 667 661 654 648 642 636 629 621 614 605 599 588
1108 1117 1128 1139 1152 1164 1172 1180 1187 1193 1196 1195 1195 1197 1203 1208 1214 1220 1225 1230 1235 1238 1240 1236 1232 1221 1209 1188 1163 1140 1126 1122 1112 1107 1104 1100 1092 1080 1066 1050 1037 1030 1019 1006 987 968 956 948 946 942 933 922 906 889 873 861 852 843 835 825 810 800 790 778 768 759 753 749 745 741 736 732 724 706 691 686 680 676 672 665 664 659 651 643 639 637 627
1128 1139 1152 1162 1171 1179 1188 1196 1204 1210 1214 1215 1216 1221 1225 1229 1233 1237 1244 1251 1253 1252 1247 1240 1229 1219 1207 1192 1178 1166 1160 1153 1145 1136 1128 1116 1103 1090 1076 1060 1046 1035 1023 1009 995 981 969 963 958 952 943 932 916 898 883 871 861 853 844 835 824 816 809 798 784 775 770 764 759 755 751 746 738 728 715 705 700 695 691 688 683 678 672 666 662 660 655
1156 1165 1173 1181 1189 1198 1207 1215 1222 1228 1233 1235 1237 1240 1244 1248 1253 1258 1263 1268 1268 1266 1258 1246 1233 1223 1212 1201 1192 1183 1171 1161 1152 1143 1133 1122 1107 1093 1082 1068 1053 1040 1026 1015 1004 994 983 976 968 959 949 936 924 906 890 880 872 863 854 845 836 828 822 814 803 792 781 774 767 762 760 758 751 742 734 729 725 718 711 708 704 698 691 685 680 677 676
1180 1191 1195 1198 1207 1218 1228 1236 1243 1249 1252 1256 1264 1265 1265 1268 1269 1274 1280 1282 1280 1275 1270 1261 1244 1225 1213 1207 1199 1190 1180 1170 1157 1144 1131 1119 1107 1096 1085 1072 1055 1040 1028 1016 1007 999 990 981 970 960 949 937 924 911 898 887 877 870 864 857 848 840 834 828 817 805 793 785 779 773 768 764 759 755 751 747 739 730 724 719 716 712 706 699 692 688 687
1204 1213 1218 1223 1230 1239 1247 1255 1261 1266 1272 1277 1278 1279 1275 1274 1274 1275 1275 1278 1282 1279 1274 1264 1250 1238 1222 1211 1206 1195 1183 1169 1156 1143 1132 1120 1108 1096 1084 1067 1051 1038 1025 1015 1007 999 989 979 969 960 948 936 925 916 903 890 881 874 869 864 857 850 843 835 828 814 802 793 786 779 774 769 764 759 755 750 744 737 731 724 720 717 713 708 702 695 691
1218 1227 1235 1242 1248 1255 1261 1266 1270 1275 1278 1278 1277 1271 1268 1268 1267 1266 1265 1265 1266 1269 1266 1256 1247 1235 1227 1221 1213 1203 1189 1175 1159 1144 1132 1121 1108 1093 1077 1062 1050 1035 1022 1014 1006 997 986 978 970 960 949 940 931 921 908 895 886 882 879 873 866 860 854 847 836 824 811 803 797 790 782 776 771 765 759 753 745 741 736 730 724 721 718 714 707 700 694
1229 1240 1247 1254 1260 1266 1269 1272 1274 1274 1273 1269 1264 1257 1250 1247 1251 1255 1253 1250 1252 1251 1248 1238 1229 1228 1226 1218 1213 1204 1197 1179 1161 1143 1134 1125 1112 1091 1075 1057 1044 1033 1022 1011 1004 995 985 977 970 962 951 944 938 929 915 906 901 895 889 883 876 868 861 853 845 833 820 813 809 804 794 786 778 772 766 759 751 746 741 734 727 723 720 716 710 704 697
1242 1249 1256 1262 1265 1268 1267 1266 1263 1262 1260 1255 1249 1242 1237 1235 1237 1239 1238 1237 1235 1231 1226 1219 1215 1210 1207 1207 1204 1208 1201 1190 1166 1147 1132 1126 1113 1092 1072 1053 1041 1032 1022 1012 1003 996 988 980 972 965 958 952 947 939 930 920 912 907 899 892 884 876 867 859 851 842 831 826 823 817 805 794 787 779 773 768 761 753 747 738 729 725 720 715 710 705 701
1256 1259 1260 1261 1263 1260 1256 1251 1248 1245 1241 1235 1230 1226 1222 1217 1215 1219 1222 1221 1221 1220 1216 1210 1203 1196 1190 1195 1198 1208 1206 1195 1179 1160 1138 1126 1111 1089 1074 1057 1043 1032 1022 1011 1004 998 989 984 979 972 966 961 957 953 946 938 927 917 910 903 896 887 876 865 856 849 841 836 833 827 818 809 801 794 788 783 777 769 759 749 740 733 726 722 714 711 708
1263 1263 1259 1256 1254 1248 1239 1234 1232 1229 1222 1215 1210 1206 1202 1198 1195 1198 1201 1199 1195 1193 1189 1184 1176 1176 1178 1186 1193 1199 1205 1198 1187 1174 1154 1137 1124 1104 1086 1059 1047 1037 1026 1015 1006 998 992 987 983 978 972 966 962 958 955 950 940 931 921 913 906 896 886 874 864 857 849 844 840 837 832 827 824 814 806 801 795 788 775 763 752 747 743 737 731 726 722
1253 1249 1243 1238 1236 1230 1223 1219 1217 1215 1209 1203 1196 1189 1182 1176 1176 1174 1172 1162 1161 1160 1159 1160 1155 1159 1167 1172 1179 1186 1196 1208 1198 1176 1156 1155 1147 1126 1089 1058 1050 1043 1033 1021 1009 1001 995 990 986 982 977 972 968 966 961 956 949 941 930 921 914 905 895 885 877 871 865 859 854 851 848 841 836 828 819 813 808 802 793 780 767 761 757 753 745 738 735
1242 1233 1224 1210 1201 1202 1203 1201 1198 1191 1184 1178 1173 1168 1162 1156 1152 1148 1140 1130 1113 1136 1137 1136 1130 1138 1145 1155 1161 1172 1186 1197 1200 1185 1176 1175 1168 1148 1116 1078 1054 1049 1042 1032 1020 1009 999 994 989 987 983 979 976 971 966 959 953 944 936 927 921 915 907 897 891 887 881 876 871 866 863 857 847 837 828 821 817 813 808 797 786 778 771 766 762 754 746
1235 1223 1207 1188 1181 1178 1175 1174 1172 1167 1161 1158 1156 1150 1143 1137 1132 1128 1123 1117 1103 1116 1105 1107 1114 1122 1123 1138 1148 1158 1165 1179 1185 1187 1185 1187 1180 1174 1134 1105 1085 1068 1056 1044 1032 1022 1012 1002 997 993 990 985 979 974 967 961 955 948 939 934 930 924 917 912 907 902 895 888 882 876 867 859 851 844 837 830 825 821 817 811 804 794 787 783 777 771 762
1221 1212 1198 1180 1166 1155 1155 1155 1151 1147 1143 1138 1132 1128 1123 1117 1112 1109 1107 1104 1095 1069 1069 1076 1091 1102 1113 1118 1127 1139 1132 1154 1158 1175 1177 1182 1179 1173 1136 1121 1106 1088 1067 1053 1042 1034 1024 1015 1007 1003 997 991 985 979 972 967 960 953 948 943 938 933 929 924 917 912 905 895 889 882 872 863 855 850 845 840 835 831 828 825 821 814 806 799 792 783 773
1200 1198 1196 1173 1158 1152 1143 1136 1133 1128 1122 1116 1111 1107 1103 1099 1095 1091 1085 1081 1061 1053 1055 1061 1074 1083 1093 1103 1109 1111 1120 1129 1139 1146 1157 1164 1164 1164 1155 1138 1119 1102 1086 1066 1055 1044 1034 1025 1016 1013 1010 1005 1000 994 986 978 970 963 957 953 947 939 935 930 924 919 914 908 901 893 883 873 864 860 856 853 849 846 842 841 836 828 821 814 808 800 789
1195 1191 1172 1153 1141 1133 1126 1116 1107 1104 1101 1097 1092 1088 1085 1084 1079 1068 1056 1044 1045 1043 1042 1050 1060 1073 1081 1094 1099 1099 1100 1104 1111 1115 1116 1139 1143 1151 1150 1143 1128 1115 1104 1089 1072 1058 1049 1042 1032 1025 1020 1016 1013 1007 1001 993 984 977 970 966 960 951 945 939 934 928 925 921 914 906 900 892 887 881 877 874 869 865 861 858 854 847 840 835 827 821 814
1168 1151 1139 1134 1129 1125 1108 1090 1081 1080 1080 1076 1071 1067 1064 1060 1052 1044 1037 1032 1028 1023 1022 1027 1042 1052 1068 1085 1089 1088 1088 1093 1096 1102 1112 1109 1123 1131 1135 1129 1126 1121 1115 1104 1086 1069 1063 1057 1048 1042 1034 1030 1025 1020 1012 1006 999 993 991 989 983 972 964 960 953 948 945 939 932 922 913 910 906 904 899 894 890 881 876 871 867 862 858 852 847 843 837
1163 1139 1128 1108 1100 1088 1075 1069 1060 1052 1049 1049 1044 1038 1032 1027 1020 1012 1003 1011 1007 1004 1003 1007 1013 1023 1035 1045 1053 1055 1058 1065 1068 1077 1085 1093 1100 1112 1113 1113 1115 1111 1106 1098 1091 1081 1076 1073 1070 1064 1060 1055 1047 1043 1036 1022 1015 1014 1014 1009 1006 1000 990 981 973 970 967 962 957 949 936 929 925 918 913 907 903 898 892 886 882 878 874 870 868 866 863
1160 1131 1124 1104 1072 1057 1044 1041 1033 1029 1028 1023 1018 1014 1009 1003 996 987 979 974 977 980 984 992 995 1002 1010 1012 1013 1016 1024 1034 1049 1059 1066 1070 1071 1077 1091 1094 1098 1098 1100 1097 1098 1100 1097 1094 1087 1084 1078 1074 1071 1070 1067 1069 1063 1052 1054 1042 1032 1028 1025 1011 996 991 988 983 978 972 966 958 957 947 937 932 925 919 916 913 912 913 906 900 894 894 890
1166 1147 1125 1050 1039 1035 1032 1026 1019 1014 1009 1004 999 995 990 983 975 971 967 957 961 959 964 971 978 986 992 994 993 996 998 1008 1021 1033 1048 1054 1057 1063 1070 1072 1078 1087 1090 1097 1102 1111 1111 1111 1105 1100 1099 1098 1103 1103 1104 1114 1104 1095 1084 1068 1060 1056 1056 1055 1043 1028 1010 1005 996 994 992 990 986 977 972 962 947 943 940 940 938 937 933 932 924 917 913
