terrain/dems/exampleFiles/misc/stormking.grd
ncols        186
nrows        128
xllcorner    -123.772083333333
yllcorner    48.041250000000
cellsize 30
[rows 0 to 37 of 128, columns 87 to 173 of 186]
479 481 479 476 473 467 462 459 459 458 455 451 447 444 442 443 444 451 452 450 448 444 438 431 421 412 401 393 385 374 362 355 343 335 331 322 318 313 305 297 291 285 276 262 256 257 258 257 254 253 252 250 247 244 239 235 233 231 226 220 215 214 170 170 170 170 170 170 170 170 170 170 170 200 210 211 215 217 214 210 207 203 199 193 170 170 170
494 493 490 486 481 474 469 465 464 462 459 455 451 449 449 450 457 463 465 465 463 460 456 449 441 433 422 411 401 393 384 375 366 353 344 340 335 331 327 323 315 304 295 286 280 278 277 278 273 267 261 258 256 253 249 246 243 240 236 230 228 225 223 216 212 205 200 205 202 202 205 206 215 222 232 239 238 235 232 228 224 223 219 212 208 203 196
507 505 503 499 494 487 479 476 474 474 473 471 467 468 468 471 475 477 477 478 477 474 468 463 456 449 438 427 417 408 401 393 386 381 370 361 359 355 348 339 331 321 312 304 298 295 293 290 284 278 272 267 262 259 258 257 256 252 245 242 239 237 236 234 229 225 223 224 223 222 225 230 237 244 252 257 259 256 252 247 241 236 233 231 228 223 214
518 516 514 512 506 501 495 489 488 488 489 490 490 490 489 491 492 490 490 489 489 487 483 477 472 465 454 444 437 430 422 417 408 400 397 387 382 375 363 353 345 335 328 323 318 310 304 300 296 292 287 280 275 271 268 265 263 262 258 255 253 252 248 245 241 238 237 236 238 240 243 249 258 266 272 273 270 267 262 258 256 252 250 248 243 239 232
532 530 525 519 513 507 503 500 500 501 503 506 508 509 510 514 513 512 508 504 501 499 497 494 489 482 475 464 456 450 441 434 426 419 412 406 396 384 374 370 363 353 346 340 335 331 324 318 314 307 300 294 289 284 280 277 274 271 269 266 264 262 260 257 252 252 253 256 257 264 268 274 280 285 285 284 281 277 277 274 272 270 268 265 262 261 257
539 533 528 522 517 513 510 511 512 515 521 523 525 527 528 528 528 526 524 521 518 515 512 510 505 501 497 491 483 474 459 455 443 435 428 426 417 409 399 393 388 377 365 361 356 349 343 339 332 321 309 302 298 295 292 289 286 284 281 279 277 274 273 270 268 270 274 278 283 287 292 295 300 298 300 299 297 294 293 293 295 294 291 288 283 280 275
544 542 534 528 525 524 524 524 526 530 534 537 538 538 538 539 539 538 537 537 537 535 532 527 522 518 514 509 502 494 484 473 465 458 452 450 443 434 426 417 408 401 393 382 374 367 362 357 349 336 323 315 309 307 306 302 298 294 291 289 288 289 289 289 290 294 300 304 308 309 311 314 316 316 316 318 316 315 310 312 311 312 313 307 301 296 291
557 555 550 541 540 538 540 539 541 542 544 546 547 548 549 550 553 554 554 554 551 551 550 545 538 533 528 522 517 509 500 493 487 479 474 468 463 455 443 435 427 420 411 400 387 379 373 369 359 349 338 328 322 318 317 316 311 305 301 302 303 305 310 310 311 315 319 323 325 325 326 330 335 336 338 339 339 339 339 335 331 328 324 320 314 308 301
568 567 567 564 562 558 557 556 555 553 555 555 556 558 560 565 568 570 569 569 567 565 561 556 549 542 537 530 524 519 514 510 505 500 493 487 479 470 458 451 446 439 430 414 399 391 384 378 372 365 357 348 339 332 330 328 326 321 322 323 324 325 325 326 329 333 339 343 344 347 350 355 358 362 366 364 364 361 361 359 352 346 339 336 330 323 315
577 577 577 578 576 572 569 567 565 565 565 566 568 571 577 580 580 579 579 578 577 573 569 562 555 551 545 540 535 531 527 522 519 513 508 502 494 486 478 470 461 452 443 430 418 409 401 391 378 372 367 359 350 347 345 342 342 340 341 340 342 341 341 343 348 354 358 362 368 375 381 387 391 391 387 386 383 380 377 374 371 362 353 347 343 335 326
584 586 587 586 583 581 579 579 579 580 580 584 584 588 589 592 591 590 589 589 586 582 577 575 570 566 561 556 550 545 539 534 528 524 519 514 507 498 490 486 478 469 459 449 441 433 421 404 388 380 375 368 364 362 362 363 359 357 357 357 359 363 367 370 371 375 378 384 390 395 402 411 414 412 407 402 398 394 390 387 381 375 368 361 354 346 340
588 590 592 593 592 591 591 593 593 594 595 598 600 600 601 602 601 600 599 596 593 592 590 589 586 583 578 574 566 558 550 543 538 533 529 525 520 512 505 499 494 486 477 470 459 449 437 422 406 393 385 381 377 375 373 372 372 370 371 373 382 390 392 395 399 400 401 403 408 415 420 423 425 423 420 416 411 409 405 400 393 384 378 374 369 360 352
591 593 596 599 603 607 609 609 609 608 608 610 611 612 611 609 608 605 603 601 600 600 600 598 594 591 587 580 575 569 562 554 549 543 537 531 526 520 513 508 505 499 491 483 471 460 449 436 420 409 403 398 395 390 387 383 380 382 387 395 404 408 413 417 419 419 421 426 431 436 438 440 438 434 430 428 425 421 418 412 403 393 387 386 383 374 366
596 600 604 609 614 618 621 623 624 624 626 627 627 626 623 619 616 613 609 607 605 605 604 601 599 594 591 583 578 573 567 561 554 549 541 535 531 525 521 518 514 509 501 488 477 467 456 444 437 431 429 427 418 409 405 403 403 407 415 421 424 427 431 436 442 443 448 452 453 455 456 456 452 449 447 444 439 435 430 424 415 406 402 398 393 388 384
606 612 618 620 623 625 626 629 632 635 639 640 639 637 633 628 625 620 616 612 610 608 606 605 601 597 591 586 581 577 572 566 562 556 550 542 540 539 535 531 525 517 507 498 488 477 467 459 451 448 444 439 434 428 425 423 428 434 439 443 443 444 449 458 464 468 472 473 475 474 475 474 468 463 459 456 450 444 439 433 427 420 415 410 404 399 396
616 620 624 627 630 632 635 638 645 648 650 650 647 643 637 633 628 623 618 614 612 610 608 606 603 600 595 592 590 587 586 584 579 573 569 565 559 558 555 548 539 531 520 508 499 490 480 470 463 459 456 452 449 449 449 451 455 458 462 463 466 471 475 479 485 490 492 493 493 494 490 485 480 472 469 465 459 453 448 444 440 434 430 422 412 407 405
618 623 629 635 639 642 648 655 659 660 658 656 651 647 642 637 632 626 620 616 612 610 610 609 607 605 602 601 601 600 599 598 596 588 584 581 579 574 568 559 548 537 525 515 505 495 487 481 476 471 468 469 469 472 473 475 478 481 483 488 493 497 500 502 505 509 511 510 508 507 504 499 492 486 481 477 471 464 462 459 456 453 447 437 427 420 417
622 627 635 643 649 654 661 666 668 669 665 661 656 651 648 643 638 633 628 622 619 618 618 621 622 619 616 616 614 611 610 607 604 600 596 593 589 586 579 570 556 542 529 519 510 505 500 498 495 490 486 486 487 490 494 497 497 500 506 510 517 522 524 526 525 524 523 522 520 517 514 511 506 501 497 492 487 482 475 471 470 467 461 454 445 438 433
628 636 644 654 662 669 675 675 676 674 672 667 663 659 656 652 648 644 641 638 637 636 636 636 637 637 635 630 626 622 618 616 612 609 605 602 599 594 586 575 564 553 542 532 525 521 518 515 516 514 511 507 508 511 517 515 514 518 523 530 534 538 541 541 539 539 537 535 533 531 529 527 523 518 512 507 502 495 489 483 478 474 471 468 462 456 450
637 647 655 663 671 678 679 680 679 677 674 672 669 666 665 663 664 665 663 661 661 659 656 655 653 653 652 647 641 638 633 629 625 621 617 612 609 603 596 590 581 571 561 554 547 542 540 537 536 533 532 532 536 543 541 540 538 540 544 549 551 552 552 553 553 554 554 552 550 548 546 541 535 529 524 519 514 507 499 493 488 483 478 474 471 467 463
647 657 664 672 679 683 683 683 683 681 680 677 675 674 675 677 678 679 679 678 678 677 676 676 674 673 671 668 664 658 652 648 646 642 638 632 626 620 613 605 599 594 584 574 568 566 565 562 560 558 554 558 559 562 563 560 558 561 565 568 569 569 567 567 568 568 568 567 566 563 559 556 550 543 539 535 530 524 515 504 496 491 484 478 471 466 459
657 668 675 681 686 688 688 687 687 687 685 685 684 687 691 693 692 691 694 693 694 693 692 693 693 692 690 686 681 675 669 665 663 660 656 650 645 638 630 621 616 612 605 598 591 586 585 583 577 575 575 576 575 576 579 579 578 581 586 589 589 588 585 582 581 582 585 583 580 578 574 571 569 565 557 552 546 535 524 514 504 495 485 475 467 460 452
666 675 681 686 690 693 694 695 694 695 694 694 696 700 705 709 711 713 713 712 709 708 709 709 707 707 706 702 695 688 682 679 675 671 668 663 657 650 642 634 628 625 622 620 618 615 608 599 592 585 591 597 596 597 595 595 596 598 601 604 608 609 605 602 601 601 600 599 597 594 592 590 585 581 576 568 558 544 532 524 514 499 488 476 466 456 443
678 685 690 693 695 700 703 707 709 710 715 714 715 720 725 728 729 733 734 730 728 728 731 730 731 734 731 722 712 705 698 694 691 688 681 674 668 662 656 652 651 651 652 655 660 671 684 693 697 683 654 633 629 622 616 617 616 615 617 621 626 628 629 629 626 622 618 614 612 612 611 606 601 595 590 583 571 559 547 529 515 504 493 476 460 445 432
689 698 702 705 710 715 723 725 727 732 735 739 741 744 747 750 754 753 752 751 750 751 754 755 756 755 752 743 735 727 718 713 708 700 693 689 684 680 678 677 678 681 688 695 704 705 710 717 712 707 697 679 659 647 641 637 635 636 637 640 644 646 648 648 648 647 642 637 638 637 632 623 616 609 602 596 585 571 559 544 526 509 493 475 456 435 416
705 713 716 721 726 733 737 742 748 753 755 756 759 759 763 767 771 771 770 771 773 774 775 775 772 769 763 757 751 745 737 727 717 713 711 707 703 700 697 698 700 706 715 724 731 735 736 732 727 722 715 699 683 669 661 657 656 655 658 660 662 667 672 675 676 675 671 667 664 660 652 641 629 621 616 610 597 580 564 549 532 512 492 476 452 432 417
717 722 728 733 738 744 751 761 765 769 773 771 770 772 777 781 785 787 787 788 788 788 787 784 781 776 770 766 763 758 751 743 736 731 727 724 719 717 718 719 723 728 734 742 750 754 754 752 747 744 737 725 713 696 680 675 672 671 677 684 690 696 698 697 695 696 692 685 677 670 655 642 634 628 624 618 605 591 573 555 537 517 496 478 459 440 421
728 735 741 748 754 759 768 776 781 784 786 789 789 792 796 799 801 800 800 799 798 796 794 791 787 782 779 776 774 771 767 760 756 752 749 746 743 743 747 751 752 753 756 761 764 767 771 773 773 771 764 752 736 719 705 701 700 704 710 711 712 710 705 699 699 700 697 693 685 669 654 642 632 629 627 619 604 582 566 551 532 513 494 476 457 438 418
741 753 759 765 773 778 784 791 794 797 799 800 803 805 810 811 816 817 814 812 808 805 801 798 796 794 790 790 793 792 788 785 780 777 776 772 767 765 769 772 774 774 775 776 779 784 788 791 792 792 782 768 755 744 733 723 724 726 726 725 722 717 709 703 700 698 695 690 680 668 654 641 630 622 619 606 587 569 552 532 515 498 482 469 457 444 424
757 770 779 787 791 796 799 803 806 809 813 816 817 821 823 827 831 832 829 827 825 821 816 812 811 809 809 809 808 808 805 801 798 795 792 788 785 784 788 791 795 795 793 792 792 795 799 801 803 795 785 774 763 752 742 732 729 727 723 718 711 703 697 691 687 686 680 673 662 649 639 629 616 603 593 582 569 556 542 524 503 487 475 464 454 442 425
771 786 798 803 806 809 812 816 821 825 829 830 833 837 841 845 846 845 844 845 843 841 837 835 833 832 831 833 831 827 823 819 817 814 811 811 810 809 809 812 813 812 812 811 809 807 806 806 802 796 786 775 763 750 738 730 721 714 711 703 694 685 679 674 669 664 658 648 639 632 623 608 592 581 570 559 552 545 526 504 492 483 472 462 452 437 417
783 797 807 815 817 820 824 828 833 838 841 842 845 848 851 854 856 857 857 857 857 855 854 853 853 854 855 853 851 846 842 841 840 838 837 835 834 832 831 830 831 832 832 832 826 818 813 808 801 792 781 768 757 745 732 722 711 702 697 690 680 671 664 656 648 641 636 629 623 616 607 594 581 571 561 552 541 529 514 496 482 471 461 450 440 428 408
794 806 815 820 823 829 835 841 846 850 853 856 858 860 862 863 864 865 867 869 868 868 870 870 872 871 871 869 867 865 861 858 856 854 854 853 850 848 846 845 844 847 850 847 841 830 818 807 801 792 778 764 752 740 727 712 697 687 677 667 660 654 645 637 630 623 618 613 609 605 594 583 574 563 549 536 527 515 493 478 471 461 448 436 426 410 392
809 819 824 828 832 838 846 854 857 860 864 869 871 870 871 873 874 876 879 880 881 882 884 887 889 891 892 891 893 891 888 887 883 880 877 873 868 863 860 858 860 863 862 861 852 841 828 815 804 792 778 763 749 736 723 708 691 678 664 653 642 634 626 620 615 610 605 602 599 590 578 566 557 547 536 525 509 488 474 464 456 448 436 422 409 398 387
820 832 838 843 849 854 859 861 866 870 876 879 880 881 884 884 885 887 888 890 892 894 899 904 907 907 909 913 916 917 916 912 906 900 894 889 886 889 891 889 890 891 886 876 866 854 840 828 815 802 785 766 747 729 717 705 689 673 662 649 635 621 611 606 602 598 596 592 588 578 564 556 550 540 529 516 498 480 466 456 448 435 424 416 408 396 385
842 851 860 865 866 869 873 878 879 887 890 890 892 893 895 898 899 901 903 905 908 912 917 921 924 928 931 934 938 941 938 931 925 918 912 909 911 913 912 911 911 906 900 890 878 868 860 846 830 818 806 787 763 733 709 697 684 670 658 647 632 617 606 598 593 589 585 580 569 558 553 549 543 534 520 507 492 476 462 451 441 430 421 415 407 396 388
866 875 884 886 887 890 893 896 900 902 902 901 899 901 906 911 915 921 925 929 931 933 937 941 944 949 952 954 957 958 954 947 944 941 939 935 932 930 929 926 922 917 910 901 890 880 871 859 836 818 808 796 778 751 726 706 683 670 662 652 637 620 607 597 590 582 577 569 560 550 544 539 531 521 509 494 480 466 457 450 442 434 427 422 411 401 395
885 896 905 908 910 911 913 910 912 913 915 911 912 914 920 929 935 940 944 947 950 955 960 964 968 972 975 978 979 979 974 970 967 963 957 954 952 951 949 942 934 924 913 904 893 881 866 850 836 823 810 796 774 751 733 715 701 684 666 657 647 631 613 599 590 580 570 560 550 541 534 527 518 511 502 487 473 467 461 456 450 443 436 429 419 408 402
