terrain/dems/exampleFiles/misc/stormking.grd
ncols        186
nrows        128
xllcorner    -123.772083333333
yllcorner    48.041250000000
cellsize 30
[rows 76 to 113 of 128, columns 0 to 86 of 186]
1144 1151 1157 1165 1171 1178 1182 1186 1194 1203 1212 1219 1226 1229 1228 1228 1228 1227 1221 1209 1196 1187 1174 1166 1160 1146 1142 1140 1142 1145 1151 1155 1160 1167 1177 1187 1197 1208 1216 1226 1237 1243 1248 1253 1256 1259 1262 1266 1270 1273 1279 1287 1293 1297 1302 1308 1315 1320 1324 1326 1326 1329 1331 1331 1335 1336 1337 1338 1337 1336 1344 1354 1355 1351 1343 1336 1320 1305 1304 1303 1298 1291 1284 1274 1260 1240 1202
1154 1162 1170 1176 1184 1190 1198 1202 1209 1216 1223 1230 1236 1241 1242 1244 1245 1243 1237 1231 1218 1205 1192 1178 1170 1166 1159 1156 1157 1159 1162 1166 1171 1178 1190 1201 1209 1217 1226 1236 1247 1254 1259 1265 1274 1276 1278 1283 1288 1291 1299 1306 1309 1312 1318 1323 1332 1336 1332 1327 1321 1319 1322 1328 1330 1323 1318 1314 1312 1320 1326 1328 1344 1340 1329 1312 1300 1296 1293 1290 1285 1279 1271 1261 1238 1204 1177
1159 1166 1174 1181 1189 1197 1208 1215 1224 1232 1236 1240 1246 1250 1254 1257 1259 1257 1251 1245 1236 1229 1214 1205 1196 1184 1177 1173 1170 1170 1172 1175 1179 1188 1199 1207 1213 1220 1227 1237 1247 1256 1262 1270 1278 1285 1285 1290 1303 1309 1303 1310 1314 1317 1326 1332 1333 1334 1327 1321 1313 1302 1299 1299 1299 1291 1294 1294 1298 1304 1311 1314 1312 1311 1299 1288 1282 1282 1282 1275 1265 1256 1248 1233 1214 1194 1167
1162 1168 1175 1185 1194 1205 1216 1226 1232 1238 1243 1248 1254 1260 1266 1270 1270 1268 1258 1251 1251 1242 1231 1222 1218 1210 1202 1193 1189 1191 1188 1189 1192 1198 1203 1209 1214 1220 1225 1231 1239 1247 1253 1261 1270 1278 1290 1304 1308 1307 1305 1310 1313 1317 1320 1329 1326 1313 1304 1283 1287 1288 1284 1279 1277 1276 1282 1282 1285 1286 1280 1283 1283 1285 1271 1261 1259 1261 1263 1256 1244 1232 1218 1206 1198 1186 1165
1162 1167 1176 1185 1197 1206 1221 1228 1236 1241 1248 1254 1259 1265 1269 1276 1274 1267 1266 1261 1254 1251 1246 1240 1238 1236 1232 1225 1206 1196 1213 1206 1205 1205 1206 1209 1211 1215 1217 1217 1221 1228 1239 1246 1255 1262 1273 1283 1289 1295 1300 1307 1310 1311 1307 1300 1297 1293 1289 1268 1270 1263 1259 1251 1252 1254 1256 1267 1272 1273 1267 1264 1260 1253 1243 1244 1237 1228 1225 1223 1218 1208 1199 1188 1171 1157 1147
1159 1164 1171 1180 1189 1197 1208 1222 1228 1235 1251 1252 1256 1255 1263 1257 1269 1269 1266 1261 1256 1250 1251 1248 1233 1231 1223 1224 1221 1213 1222 1214 1207 1203 1201 1199 1199 1203 1196 1194 1206 1217 1222 1227 1231 1235 1236 1238 1246 1261 1266 1274 1283 1284 1280 1277 1271 1267 1246 1242 1236 1232 1233 1232 1235 1241 1247 1246 1245 1249 1250 1247 1241 1233 1228 1225 1210 1203 1201 1198 1194 1187 1180 1164 1147 1131 1118
1150 1156 1163 1170 1176 1183 1196 1193 1198 1212 1217 1221 1225 1228 1234 1238 1241 1237 1235 1239 1244 1248 1239 1233 1226 1217 1207 1212 1220 1216 1213 1206 1196 1188 1181 1178 1178 1178 1176 1177 1181 1197 1205 1216 1223 1221 1229 1225 1222 1220 1225 1235 1240 1252 1257 1256 1244 1233 1229 1222 1202 1204 1209 1211 1210 1209 1204 1205 1209 1219 1219 1216 1215 1207 1202 1199 1187 1180 1179 1175 1166 1157 1150 1144 1130 1116 1105
1140 1144 1149 1155 1163 1171 1164 1173 1172 1180 1181 1187 1198 1202 1202 1203 1205 1209 1210 1216 1218 1216 1218 1222 1203 1194 1188 1188 1200 1195 1185 1177 1180 1166 1162 1160 1158 1157 1158 1158 1160 1165 1173 1193 1202 1207 1206 1202 1200 1198 1195 1199 1205 1213 1213 1208 1204 1196 1195 1186 1179 1179 1182 1185 1185 1181 1174 1175 1179 1186 1188 1188 1186 1183 1180 1179 1169 1163 1157 1149 1141 1131 1125 1120 1112 1103 1092
1125 1127 1130 1133 1136 1140 1146 1145 1146 1145 1141 1151 1167 1175 1180 1182 1183 1186 1182 1180 1177 1182 1190 1185 1188 1191 1187 1189 1189 1189 1179 1165 1158 1149 1149 1147 1142 1150 1150 1147 1148 1149 1153 1156 1166 1173 1173 1168 1171 1174 1180 1183 1189 1193 1192 1180 1170 1163 1161 1159 1160 1161 1163 1164 1166 1163 1160 1159 1159 1159 1159 1165 1169 1168 1165 1159 1153 1143 1133 1126 1119 1114 1108 1102 1095 1087 1079
1110 1109 1110 1115 1124 1127 1128 1126 1127 1129 1131 1133 1135 1137 1143 1145 1145 1142 1144 1141 1144 1150 1150 1154 1156 1159 1165 1170 1173 1171 1164 1150 1137 1137 1136 1134 1141 1143 1144 1140 1130 1127 1126 1129 1128 1125 1132 1137 1144 1151 1160 1166 1167 1170 1164 1162 1156 1152 1147 1140 1139 1141 1142 1138 1140 1138 1141 1141 1141 1138 1136 1143 1151 1151 1143 1137 1132 1127 1122 1114 1105 1097 1092 1084 1076 1069 1064
1094 1094 1095 1101 1111 1114 1116 1113 1109 1110 1114 1117 1117 1119 1118 1118 1117 1116 1111 1107 1109 1117 1127 1134 1141 1146 1151 1153 1152 1149 1138 1130 1118 1111 1108 1106 1105 1120 1116 1114 1107 1110 1111 1112 1110 1108 1108 1107 1113 1123 1128 1131 1135 1142 1139 1137 1135 1131 1106 1113 1114 1115 1114 1111 1110 1107 1105 1105 1107 1107 1112 1119 1127 1131 1130 1121 1113 1114 1111 1107 1095 1085 1077 1069 1058 1047 1040
1081 1080 1079 1083 1085 1093 1097 1099 1097 1094 1095 1099 1099 1100 1097 1097 1094 1088 1076 1073 1077 1082 1092 1101 1112 1122 1126 1126 1124 1123 1115 1109 1100 1093 1088 1085 1082 1096 1088 1085 1086 1096 1095 1091 1086 1091 1090 1090 1093 1098 1110 1115 1119 1122 1119 1116 1112 1096 1089 1084 1093 1093 1092 1087 1087 1086 1083 1084 1075 1078 1084 1088 1087 1101 1102 1098 1092 1092 1095 1089 1080 1072 1063 1053 1042 1034 1028
1068 1065 1064 1064 1069 1071 1077 1078 1079 1078 1070 1073 1069 1064 1071 1064 1062 1048 1046 1045 1047 1054 1055 1066 1078 1084 1092 1095 1096 1091 1085 1078 1075 1073 1073 1068 1062 1074 1068 1067 1069 1071 1068 1058 1058 1063 1068 1072 1077 1080 1085 1094 1107 1109 1103 1104 1098 1080 1082 1074 1070 1077 1068 1069 1069 1072 1069 1051 1046 1046 1049 1055 1065 1067 1068 1071 1075 1077 1078 1075 1070 1062 1051 1041 1032 1023 1014
1059 1051 1048 1049 1053 1052 1056 1049 1044 1056 1050 1042 1041 1039 1037 1034 1040 1035 1031 1030 1029 1029 1035 1045 1053 1056 1068 1072 1074 1069 1063 1054 1055 1057 1054 1048 1042 1039 1057 1060 1063 1050 1038 1035 1039 1043 1050 1054 1057 1062 1069 1076 1085 1092 1097 1083 1082 1073 1065 1060 1053 1047 1041 1041 1040 1041 1040 1022 1032 1038 1039 1042 1045 1052 1055 1055 1061 1066 1064 1062 1058 1049 1038 1028 1019 1010 1002
1055 1043 1034 1032 1034 1034 1036 1035 1030 1024 1024 1024 1023 1024 1023 1023 1022 1021 1020 1020 1020 1017 1021 1028 1028 1025 1030 1033 1041 1045 1038 1036 1035 1033 1031 1028 1024 1021 1018 1018 1035 1024 1015 1010 1014 1013 1024 1039 1044 1045 1055 1057 1071 1071 1063 1068 1065 1058 1045 1036 1028 1021 1017 1015 1013 1011 1016 1007 1007 1011 1016 1024 1028 1031 1035 1037 1039 1040 1042 1039 1038 1037 1030 1020 1011 1001 990
1055 1039 1025 1019 1012 1016 1021 1019 1011 1006 1009 1011 1011 1012 1007 1005 1009 1014 1010 1004 1005 1003 1004 1006 1011 1013 1010 1009 1010 1016 1026 1023 1017 1013 1009 1004 999 995 993 997 1002 1002 999 992 993 1007 1010 1016 1022 1031 1034 1041 1044 1047 1051 1051 1048 1040 1023 1009 1004 1000 996 992 991 990 989 988 991 994 996 1001 1007 1011 1013 1015 1018 1018 1015 1015 1019 1019 1016 1011 999 986 972
1051 1037 1023 1011 1002 997 993 991 988 989 990 991 993 993 991 990 984 980 978 982 983 987 979 985 992 996 999 996 1000 1006 1008 1007 1000 993 988 983 980 977 974 973 977 980 978 978 981 984 990 995 999 1008 1018 1026 1031 1034 1036 1031 1025 1013 1002 994 986 982 979 977 977 978 975 973 977 984 984 984 984 988 995 996 999 1000 999 1002 1009 1008 1005 1000 987 974 959
1047 1031 1018 1008 1002 992 981 975 972 972 973 972 971 975 979 973 968 962 955 958 962 962 962 974 983 976 974 972 976 984 987 986 983 977 972 969 966 964 961 959 960 960 955 957 961 967 973 979 984 990 999 1009 1015 1021 1020 1017 1006 996 987 979 969 965 964 962 960 960 962 961 958 959 972 980 959 963 967 974 977 983 982 986 990 991 990 985 979 963 947
1044 1031 1018 1009 1001 992 979 966 962 958 957 956 958 960 959 957 951 946 948 951 947 948 951 954 957 960 965 965 969 974 978 976 970 963 958 954 950 946 943 941 939 935 931 939 944 945 952 962 968 973 978 987 999 1002 1004 1002 995 987 976 965 957 952 951 948 943 944 945 944 944 943 942 943 946 943 945 949 957 961 967 963 967 972 973 968 961 949 936
1037 1027 1017 1009 1000 985 970 959 951 946 942 940 941 940 939 936 934 934 934 932 932 931 930 937 939 939 949 956 964 969 970 968 960 951 944 938 934 930 925 921 918 921 922 925 926 929 931 940 948 952 960 969 978 988 988 987 983 978 967 953 943 938 934 930 926 924 923 924 925 926 924 923 924 925 926 931 934 947 947 941 944 947 946 946 941 934 923
1026 1017 1007 997 985 973 962 951 943 934 924 921 922 923 921 920 919 914 914 914 912 913 917 919 922 926 931 942 952 957 960 957 949 937 925 918 915 911 907 904 903 905 907 909 914 917 923 927 933 939 948 957 966 975 977 971 970 965 956 945 933 923 914 907 903 903 904 908 911 910 907 905 904 906 907 907 910 917 925 927 930 932 931 926 921 914 904
1016 1009 998 988 976 965 951 939 922 912 907 903 903 905 904 904 903 899 895 898 899 896 903 909 916 920 928 936 940 942 943 941 936 922 909 901 893 892 891 889 888 888 891 893 898 905 910 920 923 929 938 946 955 964 964 960 961 957 945 932 922 912 901 893 892 892 893 895 894 894 892 890 885 881 882 889 893 903 911 911 910 912 912 909 905 897 887
1002 996 988 980 970 960 945 925 908 896 889 886 884 883 883 879 877 877 879 881 879 876 883 891 897 908 919 929 930 934 932 931 920 909 899 889 882 878 877 875 871 870 872 875 878 883 891 897 908 914 922 931 938 948 953 951 952 943 934 925 915 905 893 887 881 880 879 878 878 876 873 869 867 865 866 869 870 870 878 888 891 891 892 891 888 880 873
989 981 971 962 954 942 928 912 895 881 870 859 852 848 851 854 854 851 850 855 859 865 871 878 882 892 904 916 922 921 918 910 902 893 883 872 866 862 861 859 857 854 855 858 860 864 866 875 882 895 902 914 922 930 938 940 940 937 929 922 914 903 889 878 871 866 862 859 856 856 856 851 846 849 854 856 855 854 855 859 866 872 874 875 872 868 862
982 971 954 938 927 919 908 894 881 867 854 844 840 836 833 831 831 831 830 837 844 852 858 864 875 882 896 905 911 910 906 896 886 878 870 857 848 847 846 843 841 839 839 840 843 848 854 861 870 876 885 894 904 916 923 924 922 920 917 913 904 894 882 871 862 855 849 844 840 839 840 838 835 836 837 838 839 841 843 848 851 856 860 861 862 863 859
974 958 941 925 913 905 896 885 872 856 842 832 825 822 820 819 817 816 818 823 827 836 844 847 854 862 876 890 897 894 893 886 881 871 856 845 838 834 831 828 823 822 822 824 826 832 844 856 864 871 871 878 887 898 902 895 904 905 903 899 892 884 874 865 856 848 841 832 827 825 825 825 824 823 822 823 824 825 828 834 839 842 843 843 844 845 846
970 951 932 918 909 897 887 875 860 846 833 825 817 810 804 805 807 807 807 810 812 815 827 833 839 846 856 873 881 875 876 875 868 857 846 835 827 823 818 813 809 807 809 810 811 815 825 837 851 858 860 864 872 879 887 884 891 892 892 886 880 874 869 860 850 839 830 824 817 814 811 807 807 804 803 803 804 805 808 813 816 820 824 825 827 832 832
964 944 929 916 903 891 878 865 855 844 831 820 809 800 795 793 793 795 796 797 798 801 808 819 832 837 839 855 864 859 858 858 853 845 836 828 821 813 807 800 795 795 797 799 799 799 805 812 825 835 840 848 854 860 856 865 876 885 876 870 864 859 855 849 839 827 819 813 807 802 797 794 792 790 789 788 789 790 793 793 794 797 802 811 818 816 813
958 941 926 912 899 884 871 861 849 838 829 820 808 797 791 786 784 783 782 783 787 789 794 805 818 826 833 838 849 853 845 844 843 838 829 819 810 802 795 790 786 786 787 788 788 789 791 798 804 810 818 827 834 836 836 843 851 857 852 847 844 841 836 828 822 817 809 800 792 788 785 782 780 778 777 777 775 774 772 772 774 775 782 790 798 803 800
956 939 922 911 901 887 875 862 849 839 828 820 812 802 790 781 777 773 771 770 772 778 782 789 798 809 820 832 835 840 827 832 833 825 813 802 793 785 781 777 776 774 773 774 775 776 782 787 791 795 800 809 817 821 821 823 825 826 825 825 821 814 806 806 809 806 797 786 778 775 773 770 768 766 764 764 765 762 758 758 757 759 763 770 778 783 787
953 941 925 910 903 893 880 868 855 841 829 823 816 804 789 778 770 764 760 758 759 763 766 770 775 785 797 809 817 817 814 817 818 808 799 791 783 777 769 763 758 757 759 760 762 764 768 776 779 780 785 793 800 803 803 801 801 801 799 799 795 790 789 789 791 788 781 775 771 767 764 762 760 755 752 750 748 747 744 743 744 748 752 758 764 771 776
952 937 925 914 905 894 881 869 856 844 834 826 816 805 790 774 760 754 749 744 741 744 750 754 760 766 776 787 796 805 809 808 803 797 790 781 773 766 758 751 745 745 746 750 753 754 754 759 764 767 770 776 780 784 783 783 783 782 780 778 777 775 773 772 770 768 768 767 765 761 755 750 747 744 738 732 731 730 729 729 733 738 742 748 754 760 764
947 936 926 914 902 889 874 862 852 844 834 825 815 801 785 769 756 746 739 735 732 730 733 738 745 755 761 772 783 792 796 793 788 781 774 767 760 754 746 738 733 731 731 732 735 738 740 743 747 753 756 760 761 762 763 760 757 757 758 760 760 761 760 757 754 752 751 752 752 746 740 737 735 733 730 727 723 721 718 716 720 726 732 737 742 747 746
943 933 922 909 894 879 865 853 844 836 827 818 808 793 777 763 752 742 736 730 728 725 722 725 732 740 751 762 771 774 775 775 773 769 763 755 747 740 733 724 721 721 721 722 724 727 729 730 733 737 741 742 746 748 746 742 740 739 742 743 743 742 742 741 736 732 733 734 732 729 725 722 720 719 718 717 716 712 707 706 706 712 719 726 731 732 731
936 924 911 897 886 875 862 848 836 827 818 811 802 788 773 759 749 739 730 722 716 712 713 715 720 727 734 748 756 758 758 758 757 754 751 743 733 726 720 712 707 708 711 714 715 717 719 720 719 720 722 724 728 729 730 728 725 725 723 720 718 716 717 716 716 716 716 716 715 713 711 710 709 707 704 702 700 697 693 691 695 700 704 709 714 714 712
921 910 894 886 879 869 855 839 826 819 811 801 791 778 765 753 741 729 718 709 704 703 704 707 710 714 719 725 735 739 742 744 742 742 738 731 725 720 711 701 696 696 698 701 703 705 706 706 704 706 708 709 712 714 715 713 711 708 705 701 698 696 694 697 701 702 703 703 702 700 698 698 696 694 692 689 686 684 683 682 685 690 695 700 701 700 696
903 894 886 878 871 860 844 831 821 812 803 793 780 766 754 742 731 720 708 701 696 696 695 697 699 704 707 711 712 719 726 732 734 733 731 728 721 711 702 693 689 688 688 689 690 693 694 693 693 695 698 700 700 699 698 697 695 693 688 684 681 675 671 676 683 685 686 685 684 684 686 685 684 682 680 678 677 674 671 671 675 681 686 688 688 684 679
887 883 876 867 853 837 827 819 811 804 793 782 772 761 748 736 723 709 701 695 693 690 685 684 686 692 696 699 700 703 710 719 722 725 727 726 718 706 694 688 684 680 678 679 681 683 683 680 677 680 683 684 684 683 681 680 678 675 672 670 664 657 654 651 656 663 664 666 668 669 670 670 668 668 669 669 666 663 662 662 665 667 671 674 673 665 654
